execute if entity @s[tag=aj.merfolk.bone.t3] run data modify entity @s {} merge value {transformation:[-1f,-4.45518183997434e-17f,1.1407336807465123e-16f,0.25000000000000006f,0f,0.9314797389261424f,0.3637932049531515f,0.24138361776581252f,-1.2246467991473532e-16f,0.3637932049531515f,-0.9314797389261424f,-0.30373322644400114f,0f,0f,0f,1f],start_interpolation:0}
execute if entity @s[tag=aj.merfolk.bone.t2] run data modify entity @s {} merge value {transformation:[-1f,-2.824229879373091e-17f,1.1916362861823317e-16f,0f,0f,0.9730448705798239f,0.23061587074244017f,0.3288076392348245f,-1.2246467991473532e-16f,0.23061587074244017f,-0.9730448705798239f,-0.03572259844543513f,0f,0f,0f,1f],start_interpolation:0}
execute if entity @s[tag=aj.merfolk.bone.t1] run data modify entity @s {} merge value {transformation:[-1f,-1.7043789261815557e-17f,1.2127286206821952e-16f,0.18749999999999997f,0f,0.9902680687415704f,0.13917310096006544f,0.8125f,-1.2246467991473532e-16f,0.13917310096006544f,-0.9902680687415704f,0.25f,0f,0f,0f,1f],start_interpolation:0}
execute if entity @s[tag=aj.merfolk.bone.nose] run data modify entity @s {} merge value {transformation:[-1f,-1.280104479605235e-17f,1.217938055844715e-16f,-5.551115123125783e-17f,0f,0.9945218953682733f,0.10452846326765347f,1.7411228325791488f,-1.2246467991473532e-16f,0.10452846326765347f,-0.9945218953682733f,0.38357258093039914f,0f,0f,0f,1f],start_interpolation:0}
execute if entity @s[tag=aj.merfolk.bone.ear_l] run data modify entity @s {} merge value {transformation:[-0.9902680687415704f,-4.273955692857142e-18f,-0.13917310096006533f,0.25f,-0.004857071178032638f,0.9993908270190958f,0.03455985719963844f,1.7788974515552143f,0.1390883204672918f,0.03489949670250097f,-0.9896648241902408f,0.19727741013627192f,0f,0f,0f,1f],start_interpolation:0}
execute if entity @s[tag=aj.merfolk.bone.ear_r] run data modify entity @s {} merge value {transformation:[-0.9902680687415704f,-4.273955692857142e-18f,0.13917310096006555f,-0.25f,0.004857071178032638f,0.9993908270190958f,0.03455985719963844f,1.8101284148995611f,-0.13908832046729203f,0.03489949670250097f,-0.9896648241902408f,0.19836801940822502f,0f,0f,0f,1f],start_interpolation:0}
execute if entity @s[tag=aj.merfolk.bone.head] run data modify entity @s {} merge value {transformation:[-1f,-4.273955692857142e-18f,1.2239007774061617e-16f,-0.3125f,0f,0.9993908270190958f,0.03489949670250097f,1.5f,-1.2246467991473532e-16f,0.03489949670250097f,-0.9993908270190958f,0.12499999999999996f,0f,0f,0f,1f],start_interpolation:0}
execute if entity @s[tag=aj.merfolk.bone.trident] run data modify entity @s {} merge value {transformation:[-1.3333333333333333f,3.950251667863909e-17f,1.5843594072136738e-16f,0.18749999999999994f,0f,1.2937276350346618f,-0.32256252746622355f,-0.5794821921884927f,-1.6328623988631375e-16f,-0.32256252746622355f,-1.2937276350346618f,0.8172344472072984f,0f,0f,0f,1f],start_interpolation:0}
execute if entity @s[tag=aj.merfolk.bone.bone3] run data modify entity @s {} merge value {transformation:[-1f,2.962688750897932e-17f,1.1882695554102554e-16f,-0.3125f,0f,0.9702957262759965f,-0.24192189559966767f,1.421875f,-1.2246467991473532e-16f,-0.24192189559966767f,-0.9702957262759965f,0.12499999999999996f,0f,0f,0f,1f],start_interpolation:0}
execute if entity @s[tag=aj.merfolk.bone.armhands] run data modify entity @s {} merge value {transformation:[-1f,2.962688750897932e-17f,1.1882695554102554e-16f,-0.3125f,0f,0.9702957262759965f,-0.24192189559966767f,1.421875f,-1.2246467991473532e-16f,-0.24192189559966767f,-0.9702957262759965f,0.12499999999999996f,0f,0f,0f,1f],start_interpolation:0}