execute if entity @s[tag=aj.merfolk.bone.t3] run data modify entity @s {} merge value {transformation:[-1f,-5.3684982175379825e-17f,1.1007052518929733e-16f,0.25000000000000006f,0f,0.8987940462991671f,0.4383711467890774f,0.19473263730309834f,-1.2246467991473532e-16f,0.4383711467890774f,-0.8987940462991671f,-0.23711953677083064f,0f,0f,0f,1f],start_interpolation:0}
execute if entity @s[tag=aj.merfolk.bone.t2] run data modify entity @s {} merge value {transformation:[-1f,-2.1265768495757716e-17f,1.206041662501898e-16f,0f,0f,0.9848077530122081f,0.17364817766693033f,0.2975921832756613f,-1.2246467991473532e-16f,0.17364817766693033f,-0.9848077530122081f,0.0253544048925623f,0f,0f,0f,1f],start_interpolation:0}
execute if entity @s[tag=aj.merfolk.bone.t1] run data modify entity @s {} merge value {transformation:[-1f,-2.137303368083788e-18f,1.2244602795081332e-16f,0.18749999999999997f,0f,0.9998476951563913f,0.01745240643728348f,0.8125f,-1.2246467991473532e-16f,0.01745240643728348f,-0.9998476951563913f,0.25f,0f,0f,0f,1f],start_interpolation:0}
execute if entity @s[tag=aj.merfolk.bone.nose] run data modify entity @s {} merge value {transformation:[-1f,-6.4093061293237094e-18f,1.2229684632711994e-16f,-5.551115123125783e-17f,0f,0.9986295347545739f,0.05233595624294382f,1.745598822179777f,-1.2246467991473532e-16f,0.05233595624294382f,-0.9986295347545739f,0.37932502539841867f,0f,0f,0f,1f],start_interpolation:0}
execute if entity @s[tag=aj.merfolk.bone.ear_l] run data modify entity @s {} merge value {transformation:[-0.9975640502598242f,-2.137303368083791e-18f,-0.06975647374412516f,0.25f,-0.0012174183314141703f,0.9998476951563913f,0.017409893252357166f,1.7801163888604048f,0.06974584949530087f,0.017452406437283508f,-0.9974121164231596f,0.19239897025776048f,0f,0f,0f,1f],start_interpolation:0}
execute if entity @s[tag=aj.merfolk.bone.ear_r] run data modify entity @s {} merge value {transformation:[-0.9975640502598242f,-2.137303368083791e-18f,0.06975647374412541f,-0.25f,0.0012174183314141703f,0.9998476951563913f,0.017409893252357166f,1.811361629334042f,-0.06974584949530112f,0.017452406437283508f,-0.9974121164231596f,0.19294435795892553f,0f,0f,0f,1f],start_interpolation:0}
execute if entity @s[tag=aj.merfolk.bone.head] run data modify entity @s {} merge value {transformation:[-1f,-2.137303368083791e-18f,1.2244602795081332e-16f,-0.3125f,0f,0.9998476951563913f,0.017452406437283508f,1.5f,-1.2246467991473532e-16f,0.017452406437283508f,-0.9998476951563913f,0.12499999999999996f,0f,0f,0f,1f],start_interpolation:0}
execute if entity @s[tag=aj.merfolk.bone.trident] run data modify entity @s {} merge value {transformation:[-1.3333333333333333f,1.9899586842040455e-17f,1.6206912901514246e-16f,0.18749999999999994f,0f,1.323394868855096f,-0.1624924578735299f,-0.6489265367299488f,-1.6328623988631375e-16f,-0.1624924578735299f,-1.323394868855096f,0.5681705496779809f,0f,0f,0f,1f],start_interpolation:0}
execute if entity @s[tag=aj.merfolk.bone.bone3] run data modify entity @s {} merge value {transformation:[-1f,1.4924690131530342e-17f,1.2155184676135686e-16f,-0.3125f,0f,0.9925461516413221f,-0.12186934340514743f,1.421875f,-1.2246467991473532e-16f,-0.12186934340514743f,-0.9925461516413221f,0.12499999999999996f,0f,0f,0f,1f],start_interpolation:0}
execute if entity @s[tag=aj.merfolk.bone.armhands] run data modify entity @s {} merge value {transformation:[-1f,1.4924690131530342e-17f,1.2155184676135686e-16f,-0.3125f,0f,0.9925461516413221f,-0.12186934340514743f,1.421875f,-1.2246467991473532e-16f,-0.12186934340514743f,-0.9925461516413221f,0.12499999999999996f,0f,0f,0f,1f],start_interpolation:0}