execute if entity @s[tag=aj.merfolk.bone.t3] run data modify entity @s {} merge value {transformation:[-1f,-4.2739556928571426e-18f,1.2239007774061617e-16f,0.25000000000000006f,0f,0.9993908270190958f,0.03489949670250095f,0.0757099774836836f,-1.2246467991473532e-16f,0.03489949670250095f,-0.9993908270190958f,-0.07414598455305213f,0f,0f,0f,1f],start_interpolation:0}
execute if entity @s[tag=aj.merfolk.bone.t2] run data modify entity @s {} merge value {transformation:[-1f,2.1265768495757713e-17f,1.2060416625018979e-16f,0f,0f,0.9848077530122081f,-0.17364817766693036f,0.2621377089584568f,-1.2246467991473532e-16f,-0.17364817766693036f,-0.9848077530122081f,0.13731880492068005f,0f,0f,0f,1f],start_interpolation:0}
execute if entity @s[tag=aj.merfolk.bone.t1] run data modify entity @s {} merge value {transformation:[-1f,2.336736254364077e-17f,1.2021465881652135e-16f,0.18749999999999997f,0f,0.981627183447664f,-0.1908089953765448f,0.8125f,-1.2246467991473532e-16f,-0.1908089953765448f,-0.981627183447664f,0.25f,0f,0f,0f,1f],start_interpolation:0}
execute if entity @s[tag=aj.merfolk.bone.nose] run data modify entity @s {} merge value {transformation:[-1f,6.4093061293237094e-18f,1.2229684632711994e-16f,-5.551115123125783e-17f,0f,0.9986295347545739f,-0.05233595624294382f,1.7543250253984186f,-1.2246467991473532e-16f,-0.05233595624294382f,-0.9986295347545739f,0.3705988221797769f,0f,0f,0f,1f],start_interpolation:0}
execute if entity @s[tag=aj.merfolk.bone.ear_l] run data modify entity @s {} merge value {transformation:[-0.9975640502598242f,2.137303368083791e-18f,0.06975647374412541f,0.25f,-0.0012174183314141703f,0.9998476951563913f,-0.017409893252357166f,1.7822979396650653f,-0.06974584949530112f,-0.017452406437283508f,-0.9974121164231596f,0.1825819916367885f,0f,0f,0f,1f],start_interpolation:0}
execute if entity @s[tag=aj.merfolk.bone.ear_r] run data modify entity @s {} merge value {transformation:[-0.9975640502598242f,2.137303368083791e-18f,-0.06975647374412516f,-0.25f,0.0012174183314141703f,0.9998476951563913f,-0.017409893252357166f,1.8135431801387025f,0.06974584949530087f,-0.017452406437283508f,-0.9974121164231596f,0.18203660393562335f,0f,0f,0f,1f],start_interpolation:0}
execute if entity @s[tag=aj.merfolk.bone.head] run data modify entity @s {} merge value {transformation:[-1f,2.137303368083791e-18f,1.2244602795081332e-16f,-0.3125f,0f,0.9998476951563913f,-0.017452406437283508f,1.5f,-1.2246467991473532e-16f,-0.017452406437283508f,-0.9998476951563913f,0.12499999999999996f,0f,0f,0f,1f],start_interpolation:0}
execute if entity @s[tag=aj.merfolk.bone.trident] run data modify entity @s {} merge value {transformation:[-1.3333333333333333f,-2.5543595585046295e-17f,1.6127591531533282e-16f,0.1875f,0f,1.3169177874601836f,0.2085792867203078f,-0.6908615556379121f,-1.6328623988631375e-16f,0.2085792867203078f,-1.3169177874601836f,-0.019787385832648566f,0f,0f,0f,1f],start_interpolation:0}
execute if entity @s[tag=aj.merfolk.bone.bone3] run data modify entity @s {} merge value {transformation:[-1f,-1.9157696688784723e-17f,1.2095693648649962e-16f,-0.3125f,0f,0.9876883405951378f,0.15643446504023084f,1.421875f,-1.2246467991473532e-16f,0.15643446504023084f,-0.9876883405951378f,0.12499999999999996f,0f,0f,0f,1f],start_interpolation:0}
execute if entity @s[tag=aj.merfolk.bone.armhands] run data modify entity @s {} merge value {transformation:[-1f,-1.9157696688784723e-17f,1.2095693648649962e-16f,-0.3125f,0f,0.9876883405951378f,0.15643446504023084f,1.421875f,-1.2246467991473532e-16f,0.15643446504023084f,-0.9876883405951378f,0.12499999999999996f,0f,0f,0f,1f],start_interpolation:0}