execute if entity @s[tag=aj.merfolk.bone.t3] run data modify entity @s {} merge value {transformation:[-1f,-2.824229879373091e-17f,1.1916362861823322e-16f,0.25000000000000006f,0f,0.9730448705798238f,0.23061587074244017f,0.20406694537410083f,-1.2246467991473532e-16f,0.23061587074244017f,-0.9730448705798238f,-0.269387784445672f,0f,0f,0f,1f],start_interpolation:0}
execute if entity @s[tag=aj.merfolk.bone.t2] run data modify entity @s {} merge value {transformation:[-1f,-1.7749033759509423e-17f,1.2117165356312662e-16f,0f,0f,0.9894416385809445f,0.14493185930724672f,0.3145169573948708f,-1.2246467991473532e-16f,0.14493185930724672f,-0.9894416385809445f,-0.010016523326380367f,0f,0f,0f,1f],start_interpolation:0}
execute if entity @s[tag=aj.merfolk.bone.t1] run data modify entity @s {} merge value {transformation:[-1f,-1.0673500138322974e-17f,1.2199866483456202e-16f,0.18749999999999997f,0f,0.9961946980917455f,0.08715574274765818f,0.8125f,-1.2246467991473532e-16f,0.08715574274765818f,-0.9961946980917455f,0.25f,0f,0f,0f,1f],start_interpolation:0}
execute if entity @s[tag=aj.merfolk.bone.nose] run data modify entity @s {} merge value {transformation:[-1f,-8.00957328659154e-18f,1.2220247363447802e-16f,-5.551115123125783e-17f,0f,0.9978589232386036f,0.06540312923014308f,1.744486785511337f,-1.2246467991473532e-16f,0.06540312923014308f,-0.9978589232386036f,0.38039422802861755f,0f,0f,0f,1f],start_interpolation:0}
execute if entity @s[tag=aj.merfolk.bone.ear_l] run data modify entity @s {} merge value {transformation:[-0.9961946980917455f,-2.6715529131342774e-18f,-0.08715574274765805f,0.25f,-0.0019012925081419473f,0.9997620270799091f,0.021731872810910755f,1.7798196398015644f,0.0871350020410537f,0.02181488503456112f,-0.9959576307304616f,0.19362056310846465f,0f,0f,0f,1f],start_interpolation:0}
execute if entity @s[tag=aj.merfolk.bone.ear_r] run data modify entity @s {} merge value {transformation:[-0.9961946980917455f,-2.6715529131342774e-18f,0.0871557427476583f,-0.25f,0.0019012925081419473f,0.9997620270799091f,0.021731872810910755f,1.8110622031478116f,-0.08713500204105395f,0.02181488503456112f,-0.9959576307304616f,0.19430227826579463f,0f,0f,0f,1f],start_interpolation:0}
execute if entity @s[tag=aj.merfolk.bone.head] run data modify entity @s {} merge value {transformation:[-1f,-2.6715529131342774e-18f,1.22435536637248e-16f,-0.3125f,0f,0.9997620270799091f,0.02181488503456112f,1.5f,-1.2246467991473532e-16f,0.02181488503456112f,-0.9997620270799091f,0.12499999999999996f,0f,0f,0f,1f],start_interpolation:0}
execute if entity @s[tag=aj.merfolk.bone.trident] run data modify entity @s {} merge value {transformation:[-1.3333333333333333f,2.4839655729725085e-17f,1.6138583469263815e-16f,0.18749999999999994f,0f,1.3178153472903475f,-0.20283118158655558f,-0.6344269262323237f,-1.6328623988631375e-16f,-0.20283118158655558f,-1.3178153472903475f,0.6312030509570608f,0f,0f,0f,1f],start_interpolation:0}
execute if entity @s[tag=aj.merfolk.bone.bone3] run data modify entity @s {} merge value {transformation:[-1f,1.8629741797293815e-17f,1.2103937601947863e-16f,-0.3125f,0f,0.9883615104677607f,-0.1521233861899167f,1.421875f,-1.2246467991473532e-16f,-0.1521233861899167f,-0.9883615104677607f,0.12499999999999996f,0f,0f,0f,1f],start_interpolation:0}
execute if entity @s[tag=aj.merfolk.bone.armhands] run data modify entity @s {} merge value {transformation:[-1f,1.8629741797293815e-17f,1.2103937601947863e-16f,-0.3125f,0f,0.9883615104677607f,-0.1521233861899167f,1.421875f,-1.2246467991473532e-16f,-0.1521233861899167f,-0.9883615104677607f,0.12499999999999996f,0f,0f,0f,1f],start_interpolation:0}