execute if entity @s[tag=aj.merfolk.bone.t3] run data modify entity @s {} merge value {transformation:[-1f,4.1885387376769905e-17f,1.1507915602278505e-16f,0.25000000000000006f,0f,0.9396926207859085f,-0.3420201433256686f,0.08985508943086237f,-1.2246467991473532e-16f,-0.3420201433256686f,-0.9396926207859085f,-0.10917271103679796f,0f,0f,0f,1f],start_interpolation:0}
execute if entity @s[tag=aj.merfolk.bone.t2] run data modify entity @s {} merge value {transformation:[-1f,1.7043789261815554e-17f,1.2127286206821952e-16f,0f,0f,0.9902680687415704f,-0.1391731009600654f,0.26878923944579625f,-1.2246467991473532e-16f,-0.1391731009600654f,-0.9902680687415704f,0.10866949380063279f,0f,0f,0f,1f],start_interpolation:0}
execute if entity @s[tag=aj.merfolk.bone.t1] run data modify entity @s {} merge value {transformation:[-1f,1.7043789261815554e-17f,1.2127286206821952e-16f,0.18749999999999997f,0f,0.9902680687415704f,-0.1391731009600654f,0.8125f,-1.2246467991473532e-16f,-0.1391731009600654f,-0.9902680687415704f,0.25f,0f,0f,0f,1f],start_interpolation:0}
execute if entity @s[tag=aj.merfolk.bone.nose] run data modify entity @s {} merge value {transformation:[-1f,6.4093061293237094e-18f,1.2229684632711994e-16f,-5.551115123125783e-17f,0f,0.9986295347545739f,-0.05233595624294382f,1.7543250253984186f,-1.2246467991473532e-16f,-0.05233595624294382f,-0.9986295347545739f,0.3705988221797769f,0f,0f,0f,1f],start_interpolation:0}
execute if entity @s[tag=aj.merfolk.bone.ear_l] run data modify entity @s {} merge value {transformation:[-0.9975640502598242f,2.137303368083791e-18f,0.06975647374412541f,0.25f,-0.0012174183314141703f,0.9998476951563913f,-0.017409893252357166f,1.7822979396650653f,-0.06974584949530112f,-0.017452406437283508f,-0.9974121164231596f,0.1825819916367885f,0f,0f,0f,1f],start_interpolation:0}
execute if entity @s[tag=aj.merfolk.bone.ear_r] run data modify entity @s {} merge value {transformation:[-0.9975640502598242f,2.137303368083791e-18f,-0.06975647374412516f,-0.25f,0.0012174183314141703f,0.9998476951563913f,-0.017409893252357166f,1.8135431801387025f,0.06974584949530087f,-0.017452406437283508f,-0.9974121164231596f,0.18203660393562335f,0f,0f,0f,1f],start_interpolation:0}
execute if entity @s[tag=aj.merfolk.bone.head] run data modify entity @s {} merge value {transformation:[-1f,2.137303368083791e-18f,1.2244602795081332e-16f,-0.3125f,0f,0.9998476951563913f,-0.017452406437283508f,1.5f,-1.2246467991473532e-16f,-0.017452406437283508f,-0.9998476951563913f,0.12499999999999996f,0f,0f,0f,1f],start_interpolation:0}
execute if entity @s[tag=aj.merfolk.bone.trident] run data modify entity @s {} merge value {transformation:[-1.3333333333333333f,-2.5543595585046295e-17f,1.6127591531533282e-16f,0.1875f,0f,1.3169177874601836f,0.2085792867203078f,-0.6908615556379121f,-1.6328623988631375e-16f,0.2085792867203078f,-1.3169177874601836f,-0.019787385832648566f,0f,0f,0f,1f],start_interpolation:0}
execute if entity @s[tag=aj.merfolk.bone.bone3] run data modify entity @s {} merge value {transformation:[-1f,-1.9157696688784723e-17f,1.2095693648649962e-16f,-0.3125f,0f,0.9876883405951378f,0.15643446504023084f,1.421875f,-1.2246467991473532e-16f,0.15643446504023084f,-0.9876883405951378f,0.12499999999999996f,0f,0f,0f,1f],start_interpolation:0}
execute if entity @s[tag=aj.merfolk.bone.armhands] run data modify entity @s {} merge value {transformation:[-1f,-1.9157696688784723e-17f,1.2095693648649962e-16f,-0.3125f,0f,0.9876883405951378f,0.15643446504023084f,1.421875f,-1.2246467991473532e-16f,0.15643446504023084f,-0.9876883405951378f,0.12499999999999996f,0f,0f,0f,1f],start_interpolation:0}