execute if entity @s[tag=aj.merfolk.bone.t3] run data modify entity @s {} merge value {transformation:[-1f,-5.654789612090135e-17f,1.0862749776607361e-16f,0.25000000000000006f,0f,0.8870108331782217f,0.4617486132350339f,0.21233647151317764f,-1.2246467991473532e-16f,0.4617486132350339f,-0.8870108331782217f,-0.25475812498474903f,0f,0f,0f,1f],start_interpolation:0}
execute if entity @s[tag=aj.merfolk.bone.t2] run data modify entity @s {} merge value {transformation:[-1f,-2.6506208041798655e-17f,1.195617780139768e-16f,0f,0f,0.9762960071199334f,0.21643961393810285f,0.3036491654550618f,-1.2246467991473532e-16f,0.21643961393810285f,-0.9762960071199334f,0.011952670025643819f,0f,0f,0f,1f],start_interpolation:0}
execute if entity @s[tag=aj.merfolk.bone.t1] run data modify entity @s {} merge value {transformation:[-1f,-5.341834311772723e-18f,1.223481206754078e-16f,0.18749999999999997f,0f,0.9990482215818578f,0.043619387365336f,0.8125f,-1.2246467991473532e-16f,0.043619387365336f,-0.9990482215818578f,0.25f,0f,0f,0f,1f],start_interpolation:0}
execute if entity @s[tag=aj.merfolk.bone.nose] run data modify entity @s {} merge value {transformation:[-1f,-8.00957328659154e-18f,1.2220247363447802e-16f,-5.551115123125783e-17f,0f,0.9978589232386036f,0.06540312923014308f,1.744486785511337f,-1.2246467991473532e-16f,0.06540312923014308f,-0.9978589232386036f,0.38039422802861755f,0f,0f,0f,1f],start_interpolation:0}
execute if entity @s[tag=aj.merfolk.bone.ear_l] run data modify entity @s {} merge value {transformation:[-0.9961946980917455f,-2.6715529131342774e-18f,-0.08715574274765805f,0.25f,-0.0019012925081419473f,0.9997620270799091f,0.021731872810910755f,1.7798196398015644f,0.0871350020410537f,0.02181488503456112f,-0.9959576307304616f,0.19362056310846465f,0f,0f,0f,1f],start_interpolation:0}
execute if entity @s[tag=aj.merfolk.bone.ear_r] run data modify entity @s {} merge value {transformation:[-0.9961946980917455f,-2.6715529131342774e-18f,0.0871557427476583f,-0.25f,0.0019012925081419473f,0.9997620270799091f,0.021731872810910755f,1.8110622031478116f,-0.08713500204105395f,0.02181488503456112f,-0.9959576307304616f,0.19430227826579463f,0f,0f,0f,1f],start_interpolation:0}
execute if entity @s[tag=aj.merfolk.bone.head] run data modify entity @s {} merge value {transformation:[-1f,-2.6715529131342774e-18f,1.22435536637248e-16f,-0.3125f,0f,0.9997620270799091f,0.02181488503456112f,1.5f,-1.2246467991473532e-16f,0.02181488503456112f,-0.9997620270799091f,0.12499999999999996f,0f,0f,0f,1f],start_interpolation:0}
execute if entity @s[tag=aj.merfolk.bone.trident] run data modify entity @s {} merge value {transformation:[-1.3333333333333333f,2.4839655729725085e-17f,1.6138583469263815e-16f,0.18749999999999994f,0f,1.3178153472903475f,-0.20283118158655558f,-0.6344269262323237f,-1.6328623988631375e-16f,-0.20283118158655558f,-1.3178153472903475f,0.6312030509570608f,0f,0f,0f,1f],start_interpolation:0}
execute if entity @s[tag=aj.merfolk.bone.bone3] run data modify entity @s {} merge value {transformation:[-1f,1.8629741797293815e-17f,1.2103937601947863e-16f,-0.3125f,0f,0.9883615104677607f,-0.1521233861899167f,1.421875f,-1.2246467991473532e-16f,-0.1521233861899167f,-0.9883615104677607f,0.12499999999999996f,0f,0f,0f,1f],start_interpolation:0}
execute if entity @s[tag=aj.merfolk.bone.armhands] run data modify entity @s {} merge value {transformation:[-1f,1.8629741797293815e-17f,1.2103937601947863e-16f,-0.3125f,0f,0.9883615104677607f,-0.1521233861899167f,1.421875f,-1.2246467991473532e-16f,-0.1521233861899167f,-0.9883615104677607f,0.12499999999999996f,0f,0f,0f,1f],start_interpolation:0}