execute if entity @s[tag=aj.merfolk.bone.t3] run data modify entity @s {} merge value {transformation:[-1f,-5.5280158471080956e-17f,1.0927809435578e-16f,0.25000000000000006f,0f,0.8923233574926555f,0.45139674973689675f,0.2556690713843738f,-1.2246467991473532e-16f,0.45139674973689675f,-0.8923233574926555f,-0.3115016010853953f,0f,0f,0f,1f],start_interpolation:0}
execute if entity @s[tag=aj.merfolk.bone.t2] run data modify entity @s {} merge value {transformation:[-1f,-3.3413262859818066e-17f,1.1781829947711552e-16f,0f,0f,0.9620594244736131f,0.272839996667461f,0.3313194251558279f,-1.2246467991473532e-16f,0.272839996667461f,-0.9620594244736131f,-0.039932677560898855f,0f,0f,0f,1f],start_interpolation:0}
execute if entity @s[tag=aj.merfolk.bone.t1] run data modify entity @s {} merge value {transformation:[-1f,-1.8101432222373277e-17f,1.2111951113721276e-16f,0.18749999999999997f,0f,0.9890158633619168f,0.1478094111296106f,0.8125f,-1.2246467991473532e-16f,0.1478094111296106f,-0.9890158633619168f,0.25f,0f,0f,0f,1f],start_interpolation:0}
execute if entity @s[tag=aj.merfolk.bone.nose] run data modify entity @s {} merge value {transformation:[-1f,-1.439417975768511e-17f,1.2161581071440514e-16f,-5.551115123125783e-17f,0f,0.9930684569549263f,0.11753739745783763f,1.7399923051204136f,-1.2246467991473532e-16f,0.11753739745783763f,-0.9930684569549263f,0.38462221299994787f,0f,0f,0f,1f],start_interpolation:0}
execute if entity @s[tag=aj.merfolk.bone.ear_l] run data modify entity @s {} merge value {transformation:[-0.9876883405951378f,-4.807940770445818e-18f,-0.15643446504023076f,0.25f,-0.0061415882758479225f,0.9992290362407229f,0.03877646227914531f,1.7785794279577616f,0.15631385973698284f,0.0392598157590686f,-0.9869268686790784f,0.19849363794728325f,0f,0f,0f,1f],start_interpolation:0}
execute if entity @s[tag=aj.merfolk.bone.ear_r] run data modify entity @s {} merge value {transformation:[-0.9876883405951378f,-4.807940770445818e-18f,0.15643446504023098f,-0.25f,0.0061415882758479225f,0.9992290362407229f,0.03877646227914531f,1.809805335340284f,-0.15631385973698306f,0.0392598157590686f,-0.9869268686790784f,0.1997205071897541f,0f,0f,0f,1f],start_interpolation:0}
execute if entity @s[tag=aj.merfolk.bone.head] run data modify entity @s {} merge value {transformation:[-1f,-4.807940770445818e-18f,1.223702640847296e-16f,-0.3125f,0f,0.9992290362407229f,0.0392598157590686f,1.5f,-1.2246467991473532e-16f,0.0392598157590686f,-0.9992290362407229f,0.12499999999999996f,0f,0f,0f,1f],start_interpolation:0}
execute if entity @s[tag=aj.merfolk.bone.trident] run data modify entity @s {} merge value {transformation:[-1.3333333333333333f,4.432249041151742e-17f,1.5715569661940908e-16f,0.18749999999999994f,0f,1.283273648604863f,-0.36192059982009883f,-0.5574089300447109f,-1.6328623988631375e-16f,-0.36192059982009883f,-1.283273648604863f,0.8780300557691998f,0f,0f,0f,1f],start_interpolation:0}
execute if entity @s[tag=aj.merfolk.bone.bone3] run data modify entity @s {} merge value {transformation:[-1f,3.3241867808638065e-17f,1.1786677246455682e-16f,-0.3125f,0f,0.9624552364536473f,-0.27144044986507415f,1.421875f,-1.2246467991473532e-16f,-0.27144044986507415f,-0.9624552364536473f,0.12499999999999996f,0f,0f,0f,1f],start_interpolation:0}
execute if entity @s[tag=aj.merfolk.bone.armhands] run data modify entity @s {} merge value {transformation:[-1f,3.3241867808638065e-17f,1.1786677246455682e-16f,-0.3125f,0f,0.9624552364536473f,-0.27144044986507415f,1.421875f,-1.2246467991473532e-16f,-0.27144044986507415f,-0.9624552364536473f,0.12499999999999996f,0f,0f,0f,1f],start_interpolation:0}