execute if entity @s[tag=aj.merfolk.bone.t3] run data modify entity @s {} merge value {transformation:[-1f,-1.1383074966837179e-17f,1.2193450467737975e-16f,0.25000000000000006f,0f,0.9956707906498046f,0.09294986092939221f,0.16895580117081158f,-1.2246467991473532e-16f,0.09294986092939221f,-0.9956707906498046f,-0.232355683320665f,0f,0f,0f,1f],start_interpolation:0}
execute if entity @s[tag=aj.merfolk.bone.t2] run data modify entity @s {} merge value {transformation:[-1f,-7.12068786121847e-18f,1.2225748905895979e-16f,0f,0f,0.9983081582712683f,0.05814482891047583f,0.30159121246032083f,-1.2246467991473532e-16f,0.05814482891047583f,-0.9983081582712683f,0.016402239009585068f,0f,0f,0f,1f],start_interpolation:0}
execute if entity @s[tag=aj.merfolk.bone.t1] run data modify entity @s {} merge value {transformation:[-1f,-4.273955692857142e-18f,1.2239007774061617e-16f,0.18749999999999997f,0f,0.9993908270190958f,0.03489949670250097f,0.8125f,-1.2246467991473532e-16f,0.03489949670250097f,-0.9993908270190958f,0.25f,0f,0f,0f,1f],start_interpolation:0}
execute if entity @s[tag=aj.merfolk.bone.nose] run data modify entity @s {} merge value {transformation:[-1f,-3.205751595668258e-18f,1.2242271432755217e-16f,-5.551115123125783e-17f,0f,0.9996573249755573f,0.026176948307873153f,1.7478088468914494f,-1.2246467991473532e-16f,0.026176948307873153f,-0.9996573249755573f,0.37717211464063627f,0f,0f,0f,1f],start_interpolation:0}
execute if entity @s[tag=aj.merfolk.bone.ear_l] run data modify entity @s {} merge value {transformation:[-0.9993908270190958f,-1.0686923765729392e-18f,-0.034899496702500844f,0.25f,-0.0003045516968497588f,0.9999619230641713f,0.008721219528731424f,1.7806938823931497f,0.034898167836604446f,0.008726535498373935f,-0.9993527732787075f,0.1899519583004284f,0f,0f,0f,1f],start_interpolation:0}
execute if entity @s[tag=aj.merfolk.bone.ear_r] run data modify entity @s {} merge value {transformation:[-0.9993908270190958f,-1.0686923765729392e-18f,0.034899496702501094f,-0.25f,0.0003045516968497588f,0.9999619230641713f,0.008721219528731424f,1.811942692488905f,-0.034898167836604696f,0.008726535498373935f,-0.9993527732787075f,0.19022466253475254f,0f,0f,0f,1f],start_interpolation:0}
execute if entity @s[tag=aj.merfolk.bone.head] run data modify entity @s {} merge value {transformation:[-1f,-1.0686923765729392e-18f,1.2246001683497691e-16f,-0.3125f,0f,0.9999619230641713f,0.008726535498373935f,1.5f,-1.2246467991473532e-16f,0.008726535498373935f,-0.9999619230641713f,0.12499999999999996f,0f,0f,0f,1f],start_interpolation:0}
execute if entity @s[tag=aj.merfolk.bone.trident] run data modify entity @s {} merge value {transformation:[-1.3333333333333333f,9.968386471197745e-18f,1.6298167813399038e-16f,0.1875f,0f,1.3308463978958225f,-0.08139805271314247f,-0.6721189892583399f,-1.6328623988631375e-16f,-0.08139805271314247f,-1.3308463978958225f,0.4409245377854388f,0f,0f,0f,1f],start_interpolation:0}
execute if entity @s[tag=aj.merfolk.bone.bone3] run data modify entity @s {} merge value {transformation:[-1f,7.476289853398309e-18f,1.2223625860049279e-16f,-0.3125f,0f,0.9981347984218669f,-0.06104853953485686f,1.421875f,-1.2246467991473532e-16f,-0.06104853953485686f,-0.9981347984218669f,0.12499999999999996f,0f,0f,0f,1f],start_interpolation:0}
execute if entity @s[tag=aj.merfolk.bone.armhands] run data modify entity @s {} merge value {transformation:[-1f,7.476289853398309e-18f,1.2223625860049279e-16f,-0.3125f,0f,0.9981347984218669f,-0.06104853953485686f,1.421875f,-1.2246467991473532e-16f,-0.06104853953485686f,-0.9981347984218669f,0.12499999999999996f,0f,0f,0f,1f],start_interpolation:0}