execute if entity @s[tag=aj.merfolk.bone.t3] run data modify entity @s {} merge value {transformation:[-1f,-5.62316727416246e-17f,1.0879152911554007e-16f,0.25000000000000006f,0f,0.888350250793004f,0.45916645338701156f,0.22263086710978133f,-1.2246467991473532e-16f,0.45916645338701156f,-0.888350250793004f,-0.26929654709060563f,0f,0f,0f,1f],start_interpolation:0}
execute if entity @s[tag=aj.merfolk.bone.t2] run data modify entity @s {} merge value {transformation:[-1f,-2.824229879373091e-17f,1.1916362861823317e-16f,0f,0f,0.9730448705798238f,0.23061587074244017f,0.31005488857879326f,-1.2246467991473532e-16f,0.23061587074244017f,-0.9730448705798238f,-0.0012859190920396224f,0f,0f,0f,1f],start_interpolation:0}
execute if entity @s[tag=aj.merfolk.bone.t1] run data modify entity @s {} merge value {transformation:[-1f,-8.542704229054948e-18f,1.221663621095163e-16f,0.18749999999999997f,0f,0.9975640502598242f,0.06975647374412533f,0.8125f,-1.2246467991473532e-16f,0.06975647374412533f,-0.9975640502598242f,0.25f,0f,0f,0f,1f],start_interpolation:0}
execute if entity @s[tag=aj.merfolk.bone.nose] run data modify entity @s {} merge value {transformation:[-1f,-9.608468044710109e-18f,1.220871621770789e-16f,-5.551115123125783e-17f,0f,0.996917333733128f,0.07845909572784494f,1.743370094166921f,-1.2246467991473532e-16f,0.07845909572784494f,-0.996917333733128f,0.38145856832085756f,0f,0f,0f,1f],start_interpolation:0}
execute if entity @s[tag=aj.merfolk.bone.ear_l] run data modify entity @s {} merge value {transformation:[-0.9945218953682733f,-3.205751595668258e-18f,-0.10452846326765335f,0.25f,-0.0027362361796587826f,0.9996573249755573f,0.026033548246103322f,1.7795175633801334f,0.10449264397394814f,0.026176948307873153f,-0.9941810975534692f,0.1948408495225617f,0f,0f,0f,1f],start_interpolation:0}
execute if entity @s[tag=aj.merfolk.bone.ear_r] run data modify entity @s {} merge value {transformation:[-0.9945218953682733f,-3.205751595668258e-18f,0.1045284632676536f,-0.25f,0.0027362361796587826f,0.9996573249755573f,0.026033548246103322f,1.8107568547856197f,-0.10449264397394839f,0.026176948307873153f,-0.9941810975534692f,0.19565887915718266f,0f,0f,0f,1f],start_interpolation:0}
execute if entity @s[tag=aj.merfolk.bone.head] run data modify entity @s {} merge value {transformation:[-1f,-3.205751595668258e-18f,1.2242271432755217e-16f,-0.3125f,0f,0.9996573249755573f,0.026176948307873153f,1.5f,-1.2246467991473532e-16f,0.026176948307873153f,-0.9996573249755573f,0.12499999999999996f,0f,0f,0f,1f],start_interpolation:0}
execute if entity @s[tag=aj.merfolk.bone.trident] run data modify entity @s {} merge value {transformation:[-1.3333333333333333f,2.975655373131924e-17f,1.6055199670588316e-16f,0.18749999999999994f,0f,1.311006543418606f,-0.24298070065619662f,-0.6180091596129391f,-1.6328623988631375e-16f,-0.24298070065619662f,-1.311006543418606f,0.6937633567532402f,0f,0f,0f,1f],start_interpolation:0}
execute if entity @s[tag=aj.merfolk.bone.bone3] run data modify entity @s {} merge value {transformation:[-1f,2.2317415298489428e-17f,1.2041399752941237e-16f,-0.3125f,0f,0.9832549075639546f,-0.18223552549214747f,1.421875f,-1.2246467991473532e-16f,-0.18223552549214747f,-0.9832549075639546f,0.12499999999999996f,0f,0f,0f,1f],start_interpolation:0}
execute if entity @s[tag=aj.merfolk.bone.armhands] run data modify entity @s {} merge value {transformation:[-1f,2.2317415298489428e-17f,1.2041399752941237e-16f,-0.3125f,0f,0.9832549075639546f,-0.18223552549214747f,1.421875f,-1.2246467991473532e-16f,-0.18223552549214747f,-0.9832549075639546f,0.12499999999999996f,0f,0f,0f,1f],start_interpolation:0}