execute if entity @s[tag=aj.merfolk.bone.t3] run data modify entity @s {} merge value {transformation:[-1f,4.188538737676991e-17f,1.1507915602278503e-16f,0.24999999999999997f,0f,0.9396926207859084f,-0.34202014332566866f,0.030970408897043306f,-1.2246467991473532e-16f,-0.34202014332566866f,-0.9396926207859084f,0.04892239966757747f,0f,0f,0f,1f],start_interpolation:0}
execute if entity @s[tag=aj.merfolk.bone.t2] run data modify entity @s {} merge value {transformation:[-1f,4.188538737676991e-17f,1.1507915602278503e-16f,-2.7755575615628914e-17f,0f,0.9396926207859084f,-0.34202014332566866f,0.2512863595627126f,-1.2246467991473532e-16f,-0.34202014332566866f,-0.9396926207859084f,0.2248017279932291f,0f,0f,0f,1f],start_interpolation:0}
execute if entity @s[tag=aj.merfolk.bone.t1] run data modify entity @s {} merge value {transformation:[-1f,4.188538737676991e-17f,1.1507915602278503e-16f,0.18749999999999997f,0f,0.9396926207859084f,-0.34202014332566866f,0.8125f,-1.2246467991473532e-16f,-0.34202014332566866f,-0.9396926207859084f,0.25f,0f,0f,0f,1f],start_interpolation:0}
execute if entity @s[tag=aj.merfolk.bone.nose] run data modify entity @s {} merge value {transformation:[-1f,1.5984848350717836e-17f,1.2141697760125285e-16f,-5.551115123125783e-17f,0f,0.9914448613738104f,-0.1305261922200516f,1.7606669022367984f,-1.2246467991473532e-16f,-0.1305261922200516f,-0.9914448613738104f,0.36385720855413045f,0f,0f,0f,1f],start_interpolation:0}
execute if entity @s[tag=aj.merfolk.bone.ear_l] run data modify entity @s {} merge value {transformation:[-0.984807753012208f,5.341834311772723e-18f,0.17364817766693044f,0.25f,-0.007574427126938522f,0.9990482215818578f,-0.042956710859025644f,1.783708524030231f,-0.17348290307907732f,-0.043619387365336f,-0.9838704342468719f,0.1751725611523654f,0f,0f,0f,1f],start_interpolation:0}
execute if entity @s[tag=aj.merfolk.bone.ear_r] run data modify entity @s {} merge value {transformation:[-0.984807753012208f,5.341834311772723e-18f,-0.17364817766693022f,-0.25f,0.007574427126938522f,0.9990482215818578f,-0.042956710859025644f,1.8149287809546641f,0.1734829030790771f,-0.043619387365336f,-0.9838704342468719f,0.1738094552971986f,0f,0f,0f,1f],start_interpolation:0}
execute if entity @s[tag=aj.merfolk.bone.head] run data modify entity @s {} merge value {transformation:[-1f,5.341834311772723e-18f,1.223481206754078e-16f,-0.3125f,0f,0.9990482215818578f,-0.043619387365336f,1.5f,-1.2246467991473532e-16f,-0.043619387365336f,-0.9990482215818578f,0.12499999999999996f,0f,0f,0f,1f],start_interpolation:0}
execute if entity @s[tag=aj.merfolk.bone.trident] run data modify entity @s {} merge value {transformation:[-1.3333333333333333f,-6.248693873768396e-17f,1.5085681497169336e-16f,0.1875000000000001f,0f,1.2318393766817155f,0.5102445764867862f,-0.5986865324594497f,-1.6328623988631375e-16f,0.5102445764867862f,-1.2318393766817155f,-0.5089954527992447f,0f,0f,0f,1f],start_interpolation:0}
execute if entity @s[tag=aj.merfolk.bone.bone3] run data modify entity @s {} merge value {transformation:[-1f,-4.6865204053262974e-17f,1.1314261122877003e-16f,-0.3125f,0f,0.9238795325112867f,0.3826834323650897f,1.421875f,-1.2246467991473532e-16f,0.3826834323650897f,-0.9238795325112867f,0.12499999999999996f,0f,0f,0f,1f],start_interpolation:0}
execute if entity @s[tag=aj.merfolk.bone.armhands] run data modify entity @s {} merge value {transformation:[-1f,-4.6865204053262974e-17f,1.1314261122877003e-16f,-0.3125f,0f,0.9238795325112867f,0.3826834323650897f,1.421875f,-1.2246467991473532e-16f,0.3826834323650897f,-0.9238795325112867f,0.12499999999999996f,0f,0f,0f,1f],start_interpolation:0}