execute if entity @s[tag=aj.merfolk.bone.t3] run data modify entity @s {} merge value {transformation:[-1f,1.067350013832298e-17f,1.21998664834562e-16f,0.25000000000000006f,0f,0.9961946980917455f,-0.08715574274765822f,0.13135758539489822f,-1.2246467991473532e-16f,-0.08715574274765822f,-0.9961946980917455f,-0.18274208733486028f,0f,0f,0f,1f],start_interpolation:0}
execute if entity @s[tag=aj.merfolk.bone.t2] run data modify entity @s {} merge value {transformation:[-1f,4.273955692857142e-18f,1.2239007774061617e-16f,0f,0f,0.9993908270190958f,-0.03489949670250097f,0.2865408045073672f,-1.2246467991473532e-16f,-0.03489949670250097f,-0.9993908270190958f,0.05261046683842982f,0f,0f,0f,1f],start_interpolation:0}
execute if entity @s[tag=aj.merfolk.bone.t1] run data modify entity @s {} merge value {transformation:[-1f,4.273955692857142e-18f,1.2239007774061617e-16f,0.18749999999999997f,0f,0.9993908270190958f,-0.03489949670250097f,0.8125f,-1.2246467991473532e-16f,-0.03489949670250097f,-0.9993908270190958f,0.25f,0f,0f,0f,1f],start_interpolation:0}
execute if entity @s[tag=aj.merfolk.bone.nose] run data modify entity @s {} merge value {transformation:[-1f,1.603013131858034e-18f,1.224541880685086e-16f,-5.551115123125783e-17f,0f,0.999914327574007f,-0.01308959557134444f,1.7510884475013704f,-1.2246467991473532e-16f,-0.01308959557134444f,-0.999914327574007f,0.373906792858997f,0f,0f,0f,1f],start_interpolation:0}
execute if entity @s[tag=aj.merfolk.bone.ear_l] run data modify entity @s {} merge value {transformation:[-0.9998476951563913f,5.343512749254816e-19f,0.017452406437283633f,0.25f,-0.00007615024704896997f,0.9999904807207345f,-0.004362644731608341f,1.7815200295330031f,-0.0174522403029529f,-0.004363309284746571f,-0.9998381773269581f,0.18627222430871096f,0f,0f,0f,1f],start_interpolation:0}
execute if entity @s[tag=aj.merfolk.bone.ear_r] run data modify entity @s {} merge value {transformation:[-0.9998476951563913f,5.343512749254816e-19f,-0.01745240643728339f,-0.25f,0.00007615024704896997f,0.9999904807207345f,-0.004362644731608341f,1.812769732055526f,0.017452240302952657f,-0.004363309284746571f,-0.9998381773269581f,0.18613587089356257f,0f,0f,0f,1f],start_interpolation:0}
execute if entity @s[tag=aj.merfolk.bone.head] run data modify entity @s {} merge value {transformation:[-1f,5.343512749254816e-19f,1.2246351413924705e-16f,-0.3125f,0f,0.9999904807207345f,-0.004363309284746571f,1.5f,-1.2246467991473532e-16f,-0.004363309284746571f,-0.9999904807207345f,0.12499999999999996f,0f,0f,0f,1f],start_interpolation:0}
execute if entity @s[tag=aj.merfolk.bone.trident] run data modify entity @s {} merge value {transformation:[-1.3333333333333333f,-6.4105876939277674e-18f,1.6316035211297277e-16f,0.1875f,0f,1.3323053816542971f,0.052346421012091554f,-0.6932349637751005f,-1.6328623988631375e-16f,0.052346421012091554f,-1.3323053816542971f,0.22954177042835008f,0f,0f,0f,1f],start_interpolation:0}
execute if entity @s[tag=aj.merfolk.bone.bone3] run data modify entity @s {} merge value {transformation:[-1f,-4.807940770445826e-18f,1.223702640847296e-16f,-0.3125f,0f,0.9992290362407229f,0.039259815759068666f,1.421875f,-1.2246467991473532e-16f,0.039259815759068666f,-0.9992290362407229f,0.12499999999999996f,0f,0f,0f,1f],start_interpolation:0}
execute if entity @s[tag=aj.merfolk.bone.armhands] run data modify entity @s {} merge value {transformation:[-1f,-4.807940770445826e-18f,1.223702640847296e-16f,-0.3125f,0f,0.9992290362407229f,0.039259815759068666f,1.421875f,-1.2246467991473532e-16f,0.039259815759068666f,-0.9992290362407229f,0.12499999999999996f,0f,0f,0f,1f],start_interpolation:0}