execute if entity @s[tag=aj.merfolk.bone.t3] run data modify entity @s {} merge value {transformation:[-1f,2.7548558866703647e-17f,1.1932591810242374e-16f,0.25f,0f,0.9743700647852352f,-0.22495105434386492f,0.04256505653235576f,-1.2246467991473532e-16f,-0.22495105434386492f,-0.9743700647852352f,0.008295871047936665f,0f,0f,0f,1f],start_interpolation:0}
execute if entity @s[tag=aj.merfolk.bone.t2] run data modify entity @s {} merge value {transformation:[-1f,3.580520723499546e-17f,1.1711355583995222e-16f,-2.7755575615628914e-17f,0f,0.9563047559630355f,-0.2923717047227367f,0.2533742590133351f,-1.2246467991473532e-16f,-0.2923717047227367f,-0.9563047559630355f,0.19546460882039013f,0f,0f,0f,1f],start_interpolation:0}
execute if entity @s[tag=aj.merfolk.bone.t1] run data modify entity @s {} merge value {transformation:[-1f,3.580520723499546e-17f,1.1711355583995222e-16f,0.18749999999999997f,0f,0.9563047559630355f,-0.2923717047227367f,0.8125f,-1.2246467991473532e-16f,-0.2923717047227367f,-0.9563047559630355f,0.25f,0f,0f,0f,1f],start_interpolation:0}
execute if entity @s[tag=aj.merfolk.bone.nose] run data modify entity @s {} merge value {transformation:[-1f,1.2801044796052348e-17f,1.217938055844715e-16f,-5.551115123125783e-17f,0f,0.9945218953682733f,-0.10452846326765344f,1.7585725809303991f,-1.2246467991473532e-16f,-0.10452846326765344f,-0.9945218953682733f,0.3661228325791487f,0f,0f,0f,1f],start_interpolation:0}
execute if entity @s[tag=aj.merfolk.bone.ear_l] run data modify entity @s {} merge value {transformation:[-0.9902680687415704f,4.273955692857141e-18f,0.13917310096006552f,0.25f,-0.0048570711780326365f,0.9993908270190958f,-0.03455985719963843f,1.7832598886430269f,-0.139088320467292f,-0.03489949670250096f,-0.9896648241902408f,0.17764644324111512f,0f,0f,0f,1f],start_interpolation:0}
execute if entity @s[tag=aj.merfolk.bone.ear_r] run data modify entity @s {} merge value {transformation:[-0.9902680687415704f,4.273955692857141e-18f,-0.1391731009600653f,-0.25f,0.0048570711780326365f,0.9993908270190958f,-0.03455985719963843f,1.8144908519873737f,0.13908832046729178f,-0.03489949670250096f,-0.9896648241902408f,0.1765558339691619f,0f,0f,0f,1f],start_interpolation:0}
execute if entity @s[tag=aj.merfolk.bone.head] run data modify entity @s {} merge value {transformation:[-1f,4.273955692857141e-18f,1.2239007774061617e-16f,-0.3125f,0f,0.9993908270190958f,-0.03489949670250096f,1.5f,-1.2246467991473532e-16f,-0.03489949670250096f,-0.9993908270190958f,0.12499999999999996f,0f,0f,0f,1f],start_interpolation:0}
execute if entity @s[tag=aj.merfolk.bone.trident] run data modify entity @s {} merge value {transformation:[-1.3333333333333333f,-5.045822307245533e-17f,1.5529444246521234e-16f,0.1875000000000001f,0f,1.2680753550602049f,0.4120226591665965f,-0.6422005255053924f,-1.6328623988631375e-16f,0.4120226591665965f,-1.2680753550602049f,-0.34850962570431326f,0f,0f,0f,1f],start_interpolation:0}
execute if entity @s[tag=aj.merfolk.bone.bone3] run data modify entity @s {} merge value {transformation:[-1f,-3.78436673043415e-17f,1.1647083184890926e-16f,-0.3125f,0f,0.9510565162951536f,0.3090169943749474f,1.421875f,-1.2246467991473532e-16f,0.3090169943749474f,-0.9510565162951536f,0.12499999999999996f,0f,0f,0f,1f],start_interpolation:0}
execute if entity @s[tag=aj.merfolk.bone.armhands] run data modify entity @s {} merge value {transformation:[-1f,-3.78436673043415e-17f,1.1647083184890926e-16f,-0.3125f,0f,0.9510565162951536f,0.3090169943749474f,1.421875f,-1.2246467991473532e-16f,0.3090169943749474f,-0.9510565162951536f,0.12499999999999996f,0f,0f,0f,1f],start_interpolation:0}