execute if entity @s[tag=aj.merfolk.bone.t3] run data modify entity @s {} merge value {transformation:[-1f,-2.336736254364075e-17f,1.2021465881652135e-16f,0.25000000000000006f,0f,0.981627183447664f,0.1908089953765447f,0.10150129256491586f,-1.2246467991473532e-16f,0.1908089953765447f,-0.981627183447664f,-0.11823885571163115f,0f,0f,0f,1f],start_interpolation:0}
execute if entity @s[tag=aj.merfolk.bone.t2] run data modify entity @s {} merge value {transformation:[-1f,1.067350013832298e-17f,1.21998664834562e-16f,0f,0f,0.9961946980917455f,-0.08715574274765825f,0.26878923944579625f,-1.2246467991473532e-16f,-0.08715574274765825f,-0.9961946980917455f,0.10866949380063284f,0f,0f,0f,1f],start_interpolation:0}
execute if entity @s[tag=aj.merfolk.bone.t1] run data modify entity @s {} merge value {transformation:[-1f,1.7043789261815563e-17f,1.2127286206821952e-16f,0.18749999999999997f,0f,0.9902680687415704f,-0.1391731009600655f,0.8125f,-1.2246467991473532e-16f,-0.1391731009600655f,-0.9902680687415704f,0.25f,0f,0f,0f,1f],start_interpolation:0}
execute if entity @s[tag=aj.merfolk.bone.nose] run data modify entity @s {} merge value {transformation:[-1f,3.205751595668261e-18f,1.2242271432755217e-16f,-5.551115123125783e-17f,0f,0.9996573249755573f,-0.026176948307873177f,1.7521721146406364f,-1.2246467991473532e-16f,-0.026176948307873177f,-0.9996573249755573f,0.37280884689144933f,0f,0f,0f,1f],start_interpolation:0}
execute if entity @s[tag=aj.merfolk.bone.ear_l] run data modify entity @s {} merge value {transformation:[-0.9993908270190958f,1.0686923765729403e-18f,0.03489949670250113f,0.25f,-0.0003045516968497594f,0.9999619230641713f,-0.008721219528731432f,1.7817846993304465f,-0.03489816783660473f,-0.008726535498373943f,-0.9993527732787075f,0.18504328208259307f,0f,0f,0f,1f],start_interpolation:0}
execute if entity @s[tag=aj.merfolk.bone.ear_r] run data modify entity @s {} merge value {transformation:[-0.9993908270190958f,1.0686923765729403e-18f,-0.03489949670250088f,-0.25f,0.0003045516968497594f,0.9999619230641713f,-0.008721219528731432f,1.8130335094262018f,0.03489816783660448f,-0.008726535498373943f,-0.9993527732787075f,0.18477057784826884f,0f,0f,0f,1f],start_interpolation:0}
execute if entity @s[tag=aj.merfolk.bone.head] run data modify entity @s {} merge value {transformation:[-1f,1.0686923765729403e-18f,1.2246001683497691e-16f,-0.3125f,0f,0.9999619230641713f,-0.008726535498373943f,1.5f,-1.2246467991473532e-16f,-0.008726535498373943f,-0.9999619230641713f,0.12499999999999996f,0f,0f,0f,1f],start_interpolation:0}
execute if entity @s[tag=aj.merfolk.bone.trident] run data modify entity @s {} merge value {transformation:[-1.3333333333333333f,-1.2811290726280153e-17f,1.6278288290277185e-16f,0.1875f,0f,1.3292231116441706f,0.10461212763712666f,-0.6957085812922874f,-1.6328623988631375e-16f,0.10461212763712666f,-1.3292231116441706f,0.14642234502403845f,0f,0f,0f,1f],start_interpolation:0}
execute if entity @s[tag=aj.merfolk.bone.bone3] run data modify entity @s {} merge value {transformation:[-1f,-9.608468044710115e-18f,1.220871621770789e-16f,-0.3125f,0f,0.996917333733128f,0.078459095727845f,1.421875f,-1.2246467991473532e-16f,0.078459095727845f,-0.996917333733128f,0.12499999999999996f,0f,0f,0f,1f],start_interpolation:0}
execute if entity @s[tag=aj.merfolk.bone.armhands] run data modify entity @s {} merge value {transformation:[-1f,-9.608468044710115e-18f,1.220871621770789e-16f,-0.3125f,0f,0.996917333733128f,0.078459095727845f,1.421875f,-1.2246467991473532e-16f,0.078459095727845f,-0.996917333733128f,0.12499999999999996f,0f,0f,0f,1f],start_interpolation:0}