execute if entity @s[tag=aj.merfolk.bone.t3] run data modify entity @s {} merge value {transformation:[-1f,2.021250222242129e-17f,1.2078515049676923e-16f,0.25f,0f,0.9862856015372313f,-0.16504760586067774f,0.04915597049730555f,-1.2246467991473532e-16f,-0.16504760586067774f,-0.9862856015372313f,-0.011775850199344517f,0f,0f,0f,1f],start_interpolation:0}
execute if entity @s[tag=aj.merfolk.bone.t2] run data modify entity @s {} merge value {transformation:[-1f,3.272726218735739e-17f,1.1801069500828535e-16f,-2.7755575615628914e-17f,0f,0.963630453208623f,-0.2672383760782569f,0.2549934275561526f,-1.2246467991473532e-16f,-0.2672383760782569f,-0.963630453208623f,0.18084709111748642f,0f,0f,0f,1f],start_interpolation:0}
execute if entity @s[tag=aj.merfolk.bone.t1] run data modify entity @s {} merge value {transformation:[-1f,3.272726218735739e-17f,1.1801069500828535e-16f,0.18749999999999997f,0f,0.963630453208623f,-0.2672383760782569f,0.8125f,-1.2246467991473532e-16f,-0.2672383760782569f,-0.963630453208623f,0.25f,0f,0f,0f,1f],start_interpolation:0}
execute if entity @s[tag=aj.merfolk.bone.nose] run data modify entity @s {} merge value {transformation:[-1f,1.1205716441293746e-17f,1.2195093171294713e-16f,-5.551115123125783e-17f,0f,0.9958049275746617f,-0.0915016186634024f,1.7575180260116339f,-1.2246467991473532e-16f,-0.0915016186634024f,-0.9958049275746617f,0.3672487694067226f,0f,0f,0f,1f],start_interpolation:0}
execute if entity @s[tag=aj.merfolk.bone.ear_l] run data modify entity @s {} merge value {transformation:[-0.992546151641322f,3.739889245312849e-18f,0.12186934340514763f,0.25f,-0.0037217085534505118f,0.9995335908367129f,-0.030310883763257163f,1.7830274794984393f,-0.12181250242665968f,-0.030538513209822666f,-0.9920832190212111f,0.17888189258703197f,0f,0f,0f,1f],start_interpolation:0}
execute if entity @s[tag=aj.merfolk.bone.ear_r] run data modify entity @s {} merge value {transformation:[-0.992546151641322f,3.739889245312849e-18f,-0.12186934340514738f,-0.25f,0.0037217085534505118f,0.9995335908367129f,-0.030310883763257163f,1.8142629042120866f,0.12181250242665943f,-0.030538513209822666f,-0.9920832190212111f,0.17792756404922494f,0f,0f,0f,1f],start_interpolation:0}
execute if entity @s[tag=aj.merfolk.bone.head] run data modify entity @s {} merge value {transformation:[-1f,3.739889245312849e-18f,1.2240756126584407e-16f,-0.3125f,0f,0.9995335908367129f,-0.030538513209822666f,1.5f,-1.2246467991473532e-16f,-0.030538513209822666f,-0.9995335908367129f,0.12499999999999996f,0f,0f,0f,1f],start_interpolation:0}
execute if entity @s[tag=aj.merfolk.bone.trident] run data modify entity @s {} merge value {transformation:[-1.3333333333333333f,-4.432249041151743e-17f,1.5715569661940908e-16f,0.1875000000000001f,0f,1.283273648604863f,0.361920599820099f,-0.6591990987441139f,-1.6328623988631375e-16f,0.361920599820099f,-1.283273648604863f,-0.26710934209908205f,0f,0f,0f,1f],start_interpolation:0}
execute if entity @s[tag=aj.merfolk.bone.bone3] run data modify entity @s {} merge value {transformation:[-1f,-3.324186780863808e-17f,1.1786677246455682e-16f,-0.3125f,0f,0.9624552364536473f,0.27144044986507426f,1.421875f,-1.2246467991473532e-16f,0.27144044986507426f,-0.9624552364536473f,0.12499999999999996f,0f,0f,0f,1f],start_interpolation:0}
execute if entity @s[tag=aj.merfolk.bone.armhands] run data modify entity @s {} merge value {transformation:[-1f,-3.324186780863808e-17f,1.1786677246455682e-16f,-0.3125f,0f,0.9624552364536473f,0.27144044986507426f,1.421875f,-1.2246467991473532e-16f,0.27144044986507426f,-0.9624552364536473f,0.12499999999999996f,0f,0f,0f,1f],start_interpolation:0}