execute if entity @s[tag=aj.merfolk.bone.t3] run data modify entity @s {} merge value {transformation:[-1f,3.169619151431763e-17f,1.18291797137867e-16f,0.25000000000000006f,0f,0.9659258262890683f,-0.25881904510252063f,0.10283025202962623f,-1.2246467991473532e-16f,-0.25881904510252063f,-0.9659258262890683f,-0.13417385639924295f,0f,0f,0f,1f],start_interpolation:0}
execute if entity @s[tag=aj.merfolk.bone.t2] run data modify entity @s {} merge value {transformation:[-1f,1.2801044796052341e-17f,1.217938055844715e-16f,0f,0f,0.9945218953682733f,-0.1045284632676534f,0.27405281688562044f,-1.2246467991473532e-16f,-0.1045284632676534f,-0.9945218953682733f,0.08978035663131123f,0f,0f,0f,1f],start_interpolation:0}
execute if entity @s[tag=aj.merfolk.bone.t1] run data modify entity @s {} merge value {transformation:[-1f,1.2801044796052341e-17f,1.217938055844715e-16f,0.18749999999999997f,0f,0.9945218953682733f,-0.1045284632676534f,0.8125f,-1.2246467991473532e-16f,-0.1045284632676534f,-0.9945218953682733f,0.25f,0f,0f,0f,1f],start_interpolation:0}
execute if entity @s[tag=aj.merfolk.bone.nose] run data modify entity @s {} merge value {transformation:[-1f,4.807940770445816e-18f,1.223702640847296e-16f,-5.551115123125783e-17f,0f,0.9992290362407229f,-0.03925981575906858f,1.753250980786338f,-1.2246467991473532e-16f,-0.03925981575906858f,-0.9992290362407229f,0.37170618300066566f,0f,0f,0f,1f],start_interpolation:0}
execute if entity @s[tag=aj.merfolk.bone.ear_l] run data modify entity @s {} merge value {transformation:[-0.9986295347545738f,1.603013131858033e-18f,0.052335956242943925f,0.25f,-0.0006850565010597132f,0.999914327574007f,-0.01307165673553722f,1.7820440043533985f,-0.05233147249460593f,-0.013089595571344433f,-0.9985439797396631f,0.18381319671893484f,0f,0f,0f,1f],start_interpolation:0}
execute if entity @s[tag=aj.merfolk.bone.ear_r] run data modify entity @s {} merge value {transformation:[-0.9986295347545738f,1.603013131858033e-18f,-0.052335956242943675f,-0.25f,0.0006850565010597132f,0.999914327574007f,-0.01307165673553722f,1.8132913270900861f,0.05233147249460568f,-0.013089595571344433f,-0.9985439797396631f,0.18340414685733025f,0f,0f,0f,1f],start_interpolation:0}
execute if entity @s[tag=aj.merfolk.bone.head] run data modify entity @s {} merge value {transformation:[-1f,1.603013131858033e-18f,1.2245418806850857e-16f,-0.3125f,0f,0.999914327574007f,-0.013089595571344433f,1.5f,-1.2246467991473532e-16f,-0.013089595571344433f,-0.999914327574007f,0.12499999999999996f,0f,0f,0f,1f],start_interpolation:0}
execute if entity @s[tag=aj.merfolk.bone.trident] run data modify entity @s {} merge value {transformation:[-1.3333333333333333f,-1.919223967691347e-17f,1.6215441428587353e-16f,0.1875f,0f,1.3240912759399017f,0.15671652994378343f,-0.6949170384126422f,-1.6328623988631375e-16f,0.15671652994378343f,-1.3240912759399017f,0.06326988791642256f,0f,0f,0f,1f],start_interpolation:0}
execute if entity @s[tag=aj.merfolk.bone.bone3] run data modify entity @s {} merge value {transformation:[-1f,-1.4394179757685103e-17f,1.2161581071440516e-16f,-0.3125f,0f,0.9930684569549263f,0.11753739745783758f,1.421875f,-1.2246467991473532e-16f,0.11753739745783758f,-0.9930684569549263f,0.12499999999999996f,0f,0f,0f,1f],start_interpolation:0}
execute if entity @s[tag=aj.merfolk.bone.armhands] run data modify entity @s {} merge value {transformation:[-1f,-1.4394179757685103e-17f,1.2161581071440516e-16f,-0.3125f,0f,0.9930684569549263f,0.11753739745783758f,1.421875f,-1.2246467991473532e-16f,0.11753739745783758f,-0.9930684569549263f,0.12499999999999996f,0f,0f,0f,1f],start_interpolation:0}