execute if entity @s[tag=aj.merfolk.bone.t3] run data modify entity @s {} merge value {transformation:[-1f,-5.496204794924521e-17f,1.0943843525856645e-16f,0.25000000000000006f,0f,0.8936326403234122f,0.4487991802004621f,0.2673811846841176f,-1.2246467991473532e-16f,0.4487991802004621f,-0.8936326403234122f,-0.3250696151133334f,0f,0f,0f,1f],start_interpolation:0}
execute if entity @s[tag=aj.merfolk.bone.t2] run data modify entity @s {} merge value {transformation:[-1f,-3.512326609247501e-17f,1.1731987898738972e-16f,0f,0f,0.9579895123154888f,0.2868032327110902f,0.3390738664343489f,-1.2246467991473532e-16f,0.2868032327110902f,-0.9579895123154888f,-0.05242916390797753f,0f,0f,0f,1f],start_interpolation:0}
execute if entity @s[tag=aj.merfolk.bone.t1] run data modify entity @s {} merge value {transformation:[-1f,-2.1265768495757713e-17f,1.2060416625018976e-16f,0.18749999999999997f,0f,0.984807753012208f,0.17364817766693033f,0.8125f,-1.2246467991473532e-16f,0.17364817766693033f,-0.984807753012208f,0.25f,0f,0f,0f,1f],start_interpolation:0}
execute if entity @s[tag=aj.merfolk.bone.nose] run data modify entity @s {} merge value {transformation:[-1f,-1.5984848350717836e-17f,1.2141697760125285e-16f,-5.551115123125783e-17f,0f,0.9914448613738104f,0.1305261922200516f,1.7388572085541305f,-1.2246467991473532e-16f,0.1305261922200516f,-0.9914448613738104f,0.38566690223679845f,0f,0f,0f,1f],start_interpolation:0}
execute if entity @s[tag=aj.merfolk.bone.ear_l] run data modify entity @s {} merge value {transformation:[-0.984807753012208f,-5.341834311772723e-18f,-0.17364817766693022f,0.25f,-0.007574427126938522f,0.9990482215818578f,0.042956710859025644f,1.778256100609564f,0.1734829030790771f,0.043619387365336f,-0.9838704342468719f,0.1997084665453669f,0f,0f,0f,1f],start_interpolation:0}
execute if entity @s[tag=aj.merfolk.bone.ear_r] run data modify entity @s {} merge value {transformation:[-0.984807753012208f,-5.341834311772723e-18f,0.17364817766693044f,-0.25f,0.007574427126938522f,0.9990482215818578f,0.042956710859025644f,1.8094763575339972f,-0.17348290307907732f,0.043619387365336f,-0.9838704342468719f,0.20107157240053358f,0f,0f,0f,1f],start_interpolation:0}
execute if entity @s[tag=aj.merfolk.bone.head] run data modify entity @s {} merge value {transformation:[-1f,-5.341834311772723e-18f,1.223481206754078e-16f,-0.3125f,0f,0.9990482215818578f,0.043619387365336f,1.5f,-1.2246467991473532e-16f,0.043619387365336f,-0.9990482215818578f,0.12499999999999996f,0f,0f,0f,1f],start_interpolation:0}
execute if entity @s[tag=aj.merfolk.bone.trident] run data modify entity @s {} merge value {transformation:[-1.3333333333333333f,4.91011193130605e-17f,1.5572885480351864e-16f,0.18749999999999994f,0f,1.271622600997636f,-0.4009410660056974f,-0.5334893555774902f,-1.6328623988631375e-16f,-0.4009410660056974f,-1.271622600997636f,0.9381232240946187f,0f,0f,0f,1f],start_interpolation:0}
execute if entity @s[tag=aj.merfolk.bone.bone3] run data modify entity @s {} merge value {transformation:[-1f,3.6825839484795376e-17f,1.16796641102639e-16f,-0.3125f,0f,0.9537169507482269f,-0.30070579950427306f,1.421875f,-1.2246467991473532e-16f,-0.30070579950427306f,-0.9537169507482269f,0.12499999999999996f,0f,0f,0f,1f],start_interpolation:0}
execute if entity @s[tag=aj.merfolk.bone.armhands] run data modify entity @s {} merge value {transformation:[-1f,3.6825839484795376e-17f,1.16796641102639e-16f,-0.3125f,0f,0.9537169507482269f,-0.30070579950427306f,1.421875f,-1.2246467991473532e-16f,-0.30070579950427306f,-0.9537169507482269f,0.12499999999999996f,0f,0f,0f,1f],start_interpolation:0}