execute if entity @s[tag=aj.merfolk.bone.t3] run data modify entity @s {} merge value {transformation:[-1f,-1.7043789261815557e-17f,1.2127286206821952e-16f,0.25000000000000006f,0f,0.9902680687415703f,0.1391731009600654f,0.18040162372737964f,-1.2246467991473532e-16f,0.1391731009600654f,-0.9902680687415703f,-0.2449891196768707f,0f,0f,0f,1f],start_interpolation:0}
execute if entity @s[tag=aj.merfolk.bone.t2] run data modify entity @s {} merge value {transformation:[-1f,-1.067350013832297e-17f,1.2199866483456202e-16f,0f,0f,0.9961946980917455f,0.08715574274765817f,0.3057458694109495f,-1.2246467991473532e-16f,0.08715574274765817f,-0.9961946980917455f,0.007521229267517859f,0f,0f,0f,1f],start_interpolation:0}
execute if entity @s[tag=aj.merfolk.bone.t1] run data modify entity @s {} merge value {transformation:[-1f,-6.4093061293237094e-18f,1.2229684632711994e-16f,0.18749999999999997f,0f,0.9986295347545738f,0.05233595624294383f,0.8125f,-1.2246467991473532e-16f,0.05233595624294383f,-0.9986295347545738f,0.25f,0f,0f,0f,1f],start_interpolation:0}
execute if entity @s[tag=aj.merfolk.bone.nose] run data modify entity @s {} merge value {transformation:[-1f,-4.807940770445818e-18f,1.223702640847296e-16f,-5.551115123125783e-17f,0f,0.9992290362407229f,0.0392598157590686f,1.7467061830006656f,-1.2246467991473532e-16f,0.0392598157590686f,-0.9992290362407229f,0.37825098078633784f,0f,0f,0f,1f],start_interpolation:0}
execute if entity @s[tag=aj.merfolk.bone.ear_l] run data modify entity @s {} merge value {transformation:[-0.9986295347545738f,-1.6030131318580337e-18f,-0.0523359562429437f,0.25f,-0.0006850565010597139f,0.999914327574007f,0.013071656735537228f,1.7804078049069805f,0.05233147249460571f,0.01308959557134444f,-0.9985439797396631f,0.1911760942278161f,0f,0f,0f,1f],start_interpolation:0}
execute if entity @s[tag=aj.merfolk.bone.ear_r] run data modify entity @s {} merge value {transformation:[-0.9986295347545738f,-1.6030131318580337e-18f,0.05233595624294395f,-0.25f,0.0006850565010597139f,0.999914327574007f,0.013071656735537228f,1.811655127643668f,-0.05233147249460596f,0.01308959557134444f,-0.9985439797396631f,0.19158514408942054f,0f,0f,0f,1f],start_interpolation:0}
execute if entity @s[tag=aj.merfolk.bone.head] run data modify entity @s {} merge value {transformation:[-1f,-1.6030131318580337e-18f,1.2245418806850857e-16f,-0.3125f,0f,0.999914327574007f,0.01308959557134444f,1.5f,-1.2246467991473532e-16f,0.01308959557134444f,-0.999914327574007f,0.12499999999999996f,0f,0f,0f,1f],start_interpolation:0}
execute if entity @s[tag=aj.merfolk.bone.trident] run data modify entity @s {} merge value {transformation:[-1.3333333333333333f,1.4940955255058326e-17f,1.626012422839295e-16f,0.1875f,0f,1.3277399034328823f,-0.12200215821786986f,-0.6614944656034143f,-1.6328623988631375e-16f,-0.12200215821786986f,-1.3277399034328823f,0.5047246507883636f,0f,0f,0f,1f],start_interpolation:0}
execute if entity @s[tag=aj.merfolk.bone.bone3] run data modify entity @s {} merge value {transformation:[-1f,1.1205716441293746e-17f,1.2195093171294713e-16f,-0.3125f,0f,0.9958049275746618f,-0.0915016186634024f,1.421875f,-1.2246467991473532e-16f,-0.0915016186634024f,-0.9958049275746618f,0.12499999999999996f,0f,0f,0f,1f],start_interpolation:0}
execute if entity @s[tag=aj.merfolk.bone.armhands] run data modify entity @s {} merge value {transformation:[-1f,1.1205716441293746e-17f,1.2195093171294713e-16f,-0.3125f,0f,0.9958049275746618f,-0.0915016186634024f,1.421875f,-1.2246467991473532e-16f,-0.0915016186634024f,-0.9958049275746618f,0.12499999999999996f,0f,0f,0f,1f],start_interpolation:0}