execute if entity @s[tag=aj.merfolk.bone.t3] run data modify entity @s {} merge value {transformation:[-1f,-3.272726218735738e-17f,1.1801069500828532e-16f,0.25000000000000006f,0f,0.9636304532086228f,0.2672383760782569f,0.1154440342694461f,-1.2246467991473532e-16f,0.2672383760782569f,-0.9636304532086228f,-0.13950414503701336f,0f,0f,0f,1f],start_interpolation:0}
execute if entity @s[tag=aj.merfolk.bone.t2] run data modify entity @s {} merge value {transformation:[-1f,5.341834311772723e-18f,1.2234812067540774e-16f,0f,0f,0.9990482215818577f,-0.04361938736533599f,0.2726751568990654f,-1.2246467991473532e-16f,-0.04361938736533599f,-0.9990482215818577f,0.09448523576183743f,0f,0f,0f,1f],start_interpolation:0}
execute if entity @s[tag=aj.merfolk.bone.t1] run data modify entity @s {} merge value {transformation:[-1f,1.3863395339406054e-17f,1.2167745927772288e-16f,0.18749999999999997f,0f,0.9935718556765875f,-0.11320321376790671f,0.8125f,-1.2246467991473532e-16f,-0.11320321376790671f,-0.9935718556765875f,0.25f,0f,0f,0f,1f],start_interpolation:0}
execute if entity @s[tag=aj.merfolk.bone.nose] run data modify entity @s {} merge value {transformation:[-1f,1.6030131318580353e-18f,1.224541880685086e-16f,-5.551115123125783e-17f,0f,0.999914327574007f,-0.013089595571344453f,1.7510884475013704f,-1.2246467991473532e-16f,-0.013089595571344453f,-0.999914327574007f,0.373906792858997f,0f,0f,0f,1f],start_interpolation:0}
execute if entity @s[tag=aj.merfolk.bone.ear_l] run data modify entity @s {} merge value {transformation:[-0.9998476951563913f,5.343512749254821e-19f,0.01745240643728365f,0.25f,-0.00007615024704897013f,0.9999904807207345f,-0.004362644731608346f,1.7815200295330031f,-0.017452240302952917f,-0.004363309284746575f,-0.9998381773269581f,0.18627222430871096f,0f,0f,0f,1f],start_interpolation:0}
execute if entity @s[tag=aj.merfolk.bone.ear_r] run data modify entity @s {} merge value {transformation:[-0.9998476951563913f,5.343512749254821e-19f,-0.017452406437283408f,-0.25f,0.00007615024704897013f,0.9999904807207345f,-0.004362644731608346f,1.812769732055526f,0.017452240302952674f,-0.004363309284746575f,-0.9998381773269581f,0.18613587089356257f,0f,0f,0f,1f],start_interpolation:0}
execute if entity @s[tag=aj.merfolk.bone.head] run data modify entity @s {} merge value {transformation:[-1f,5.343512749254821e-19f,1.2246351413924705e-16f,-0.3125f,0f,0.9999904807207345f,-0.004363309284746575f,1.5f,-1.2246467991473532e-16f,-0.004363309284746575f,-0.9999904807207345f,0.12499999999999996f,0f,0f,0f,1f],start_interpolation:0}
execute if entity @s[tag=aj.merfolk.bone.trident] run data modify entity @s {} merge value {transformation:[-1.3333333333333333f,-6.410587693927761e-18f,1.6316035211297277e-16f,0.1875f,0f,1.3323053816542971f,0.052346421012091505f,-0.6932349637751005f,-1.6328623988631375e-16f,0.052346421012091505f,-1.3323053816542971f,0.22954177042835017f,0f,0f,0f,1f],start_interpolation:0}
execute if entity @s[tag=aj.merfolk.bone.bone3] run data modify entity @s {} merge value {transformation:[-1f,-4.807940770445821e-18f,1.223702640847296e-16f,-0.3125f,0f,0.9992290362407229f,0.03925981575906863f,1.421875f,-1.2246467991473532e-16f,0.03925981575906863f,-0.9992290362407229f,0.12499999999999996f,0f,0f,0f,1f],start_interpolation:0}
execute if entity @s[tag=aj.merfolk.bone.armhands] run data modify entity @s {} merge value {transformation:[-1f,-4.807940770445821e-18f,1.223702640847296e-16f,-0.3125f,0f,0.9992290362407229f,0.03925981575906863f,1.421875f,-1.2246467991473532e-16f,0.03925981575906863f,-0.9992290362407229f,0.12499999999999996f,0f,0f,0f,1f],start_interpolation:0}