execute if entity @s[tag=aj.merfolk.bone.t3] run data modify entity @s {} merge value {transformation:[-1f,3.4781848280039106e-17f,1.1742155192656467e-16f,0.25f,0f,0.958819734868193f,-0.28401534470392265f,0.036501817518550195f,-1.2246467991473532e-16f,-0.28401534470392265f,-0.958819734868193f,0.028533244231811f,0f,0f,0f,1f],start_interpolation:0}
execute if entity @s[tag=aj.merfolk.bone.t2] run data modify entity @s {} merge value {transformation:[-1f,3.885861318210468e-17f,1.1613615289039903e-16f,-2.7755575615628914e-17f,0f,0.9483236552061993f,-0.31730465640509214f,0.252138287324436f,-1.2246467991473532e-16f,-0.31730465640509214f,-0.9483236552061993f,0.2101195023563048f,0f,0f,0f,1f],start_interpolation:0}
execute if entity @s[tag=aj.merfolk.bone.t1] run data modify entity @s {} merge value {transformation:[-1f,3.885861318210468e-17f,1.1613615289039903e-16f,0.18749999999999997f,0f,0.9483236552061993f,-0.31730465640509214f,0.8125f,-1.2246467991473532e-16f,-0.31730465640509214f,-0.9483236552061993f,0.25f,0f,0f,0f,1f],start_interpolation:0}
execute if entity @s[tag=aj.merfolk.bone.nose] run data modify entity @s {} merge value {transformation:[-1f,1.439417975768511e-17f,1.2161581071440514e-16f,-5.551115123125783e-17f,0f,0.9930684569549263f,-0.11753739745783763f,1.759622212999948f,-1.2246467991473532e-16f,-0.11753739745783763f,-0.9930684569549263f,0.3649923051204136f,0f,0f,0f,1f],start_interpolation:0}
execute if entity @s[tag=aj.merfolk.bone.ear_l] run data modify entity @s {} merge value {transformation:[-0.9876883405951378f,4.807940770445818e-18f,0.15643446504023098f,0.25f,-0.0061415882758479225f,0.9992290362407229f,-0.03877646227914531f,1.7834869049276452f,-0.15631385973698306f,-0.0392598157590686f,-0.9869268686790784f,0.17640999158280718f,0f,0f,0f,1f],start_interpolation:0}
execute if entity @s[tag=aj.merfolk.bone.ear_r] run data modify entity @s {} merge value {transformation:[-0.9876883405951378f,4.807940770445818e-18f,-0.15643446504023076f,-0.25f,0.0061415882758479225f,0.9992290362407229f,-0.03877646227914531f,1.8147128123101677f,0.15631385973698284f,-0.0392598157590686f,-0.9869268686790784f,0.17518312234033623f,0f,0f,0f,1f],start_interpolation:0}
execute if entity @s[tag=aj.merfolk.bone.head] run data modify entity @s {} merge value {transformation:[-1f,4.807940770445818e-18f,1.223702640847296e-16f,-0.3125f,0f,0.9992290362407229f,-0.0392598157590686f,1.5f,-1.2246467991473532e-16f,-0.0392598157590686f,-0.9992290362407229f,0.12499999999999996f,0f,0f,0f,1f],start_interpolation:0}
execute if entity @s[tag=aj.merfolk.bone.trident] run data modify entity @s {} merge value {transformation:[-1.3333333333333333f,-5.651615281070045e-17f,1.5319373553669991e-16f,0.1875000000000001f,0f,1.2509217812299789f,0.46148940943665717f,-0.6220192974135199f,-1.6328623988631375e-16f,0.46148940943665717f,-1.2509217812299789f,-0.4291797917873707f,0f,0f,0f,1f],start_interpolation:0}
execute if entity @s[tag=aj.merfolk.bone.bone3] run data modify entity @s {} merge value {transformation:[-1f,-4.2387114608025344e-17f,1.1489530165252494e-16f,-0.3125f,0f,0.9381913359224842f,0.3461170570774929f,1.421875f,-1.2246467991473532e-16f,0.3461170570774929f,-0.9381913359224842f,0.12499999999999996f,0f,0f,0f,1f],start_interpolation:0}
execute if entity @s[tag=aj.merfolk.bone.armhands] run data modify entity @s {} merge value {transformation:[-1f,-4.2387114608025344e-17f,1.1489530165252494e-16f,-0.3125f,0f,0.9381913359224842f,0.3461170570774929f,1.421875f,-1.2246467991473532e-16f,0.3461170570774929f,-0.9381913359224842f,0.12499999999999996f,0f,0f,0f,1f],start_interpolation:0}