execute if entity @s[tag=aj.merfolk.bone.t3] run data modify entity @s {} merge value {transformation:[-1f,4.3887416232765226e-17f,1.1433062810564188e-16f,0.25f,0f,0.9335804264972016f,-0.3583679495453004f,0.038464002657468604f,-1.2246467991473532e-16f,-0.3583679495453004f,-0.9335804264972016f,0.02176990132116055f,0f,0f,0f,1f],start_interpolation:0}
execute if entity @s[tag=aj.merfolk.bone.t2] run data modify entity @s {} merge value {transformation:[-1f,3.7843667304341506e-17f,1.1647083184890923e-16f,-2.7755575615628914e-17f,0f,0.9510565162951535f,-0.30901699437494745f,0.252507642759791f,-1.2246467991473532e-16f,-0.30901699437494745f,-0.9510565162951535f,0.2052310045058615f,0f,0f,0f,1f],start_interpolation:0}
execute if entity @s[tag=aj.merfolk.bone.t1] run data modify entity @s {} merge value {transformation:[-1f,3.7843667304341506e-17f,1.1647083184890923e-16f,0.18749999999999997f,0f,0.9510565162951535f,-0.30901699437494745f,0.8125f,-1.2246467991473532e-16f,-0.30901699437494745f,-0.9510565162951535f,0.25f,0f,0f,0f,1f],start_interpolation:0}
execute if entity @s[tag=aj.merfolk.bone.nose] run data modify entity @s {} merge value {transformation:[-1f,1.439417975768511e-17f,1.2161581071440514e-16f,-5.551115123125783e-17f,0f,0.9930684569549263f,-0.11753739745783763f,1.759622212999948f,-1.2246467991473532e-16f,-0.11753739745783763f,-0.9930684569549263f,0.3649923051204136f,0f,0f,0f,1f],start_interpolation:0}
execute if entity @s[tag=aj.merfolk.bone.ear_l] run data modify entity @s {} merge value {transformation:[-0.9876883405951378f,4.807940770445818e-18f,0.15643446504023098f,0.25f,-0.0061415882758479225f,0.9992290362407229f,-0.03877646227914531f,1.7834869049276452f,-0.15631385973698306f,-0.0392598157590686f,-0.9869268686790784f,0.17640999158280718f,0f,0f,0f,1f],start_interpolation:0}
execute if entity @s[tag=aj.merfolk.bone.ear_r] run data modify entity @s {} merge value {transformation:[-0.9876883405951378f,4.807940770445818e-18f,-0.15643446504023076f,-0.25f,0.0061415882758479225f,0.9992290362407229f,-0.03877646227914531f,1.8147128123101677f,0.15631385973698284f,-0.0392598157590686f,-0.9869268686790784f,0.17518312234033623f,0f,0f,0f,1f],start_interpolation:0}
execute if entity @s[tag=aj.merfolk.bone.head] run data modify entity @s {} merge value {transformation:[-1f,4.807940770445818e-18f,1.223702640847296e-16f,-0.3125f,0f,0.9992290362407229f,-0.0392598157590686f,1.5f,-1.2246467991473532e-16f,-0.0392598157590686f,-0.9992290362407229f,0.12499999999999996f,0f,0f,0f,1f],start_interpolation:0}
execute if entity @s[tag=aj.merfolk.bone.trident] run data modify entity @s {} merge value {transformation:[-1.3333333333333333f,-5.651615281070047e-17f,1.5319373553669991e-16f,0.1875000000000001f,0f,1.2509217812299789f,0.4614894094366573f,-0.6220192974135199f,-1.6328623988631375e-16f,0.4614894094366573f,-1.2509217812299789f,-0.4291797917873708f,0f,0f,0f,1f],start_interpolation:0}
execute if entity @s[tag=aj.merfolk.bone.bone3] run data modify entity @s {} merge value {transformation:[-1f,-4.238711460802535e-17f,1.1489530165252494e-16f,-0.3125f,0f,0.9381913359224842f,0.34611705707749296f,1.421875f,-1.2246467991473532e-16f,0.34611705707749296f,-0.9381913359224842f,0.12499999999999996f,0f,0f,0f,1f],start_interpolation:0}
execute if entity @s[tag=aj.merfolk.bone.armhands] run data modify entity @s {} merge value {transformation:[-1f,-4.238711460802535e-17f,1.1489530165252494e-16f,-0.3125f,0f,0.9381913359224842f,0.34611705707749296f,1.421875f,-1.2246467991473532e-16f,0.34611705707749296f,-0.9381913359224842f,0.12499999999999996f,0f,0f,0f,1f],start_interpolation:0}