execute if entity @s[tag=aj.merfolk.bone.t3] run data modify entity @s {} merge value {transformation:[-1f,-5.697707466230174e-18f,1.223320643014244e-16f,0.25000000000000006f,0f,0.9989171113385246f,0.04652531219774665f,0.1577778291798993f,-1.2246467991473532e-16f,0.04652531219774665f,-0.9989171113385246f,-0.21944061678636173f,0f,0f,0f,1f],start_interpolation:0}
execute if entity @s[tag=aj.merfolk.bone.t2] run data modify entity @s {} merge value {transformation:[-1f,-3.5618507712852414e-18f,1.2241287124196405e-16f,0f,0f,0.9995769500822006f,0.029084718743111405f,0.2975921832756613f,-1.2246467991473532e-16f,0.029084718743111405f,-0.9995769500822006f,0.02535440489256227f,0f,0f,0f,1f],start_interpolation:0}
execute if entity @s[tag=aj.merfolk.bone.t1] run data modify entity @s {} merge value {transformation:[-1f,-2.1373033680837913e-18f,1.2244602795081332e-16f,0.18749999999999997f,0f,0.9998476951563913f,0.01745240643728351f,0.8125f,-1.2246467991473532e-16f,0.01745240643728351f,-0.9998476951563913f,0.25f,0f,0f,0f,1f],start_interpolation:0}
execute if entity @s[tag=aj.merfolk.bone.nose] run data modify entity @s {} merge value {transformation:[-1f,-1.603013131858034e-18f,1.224541880685086e-16f,-5.551115123125783e-17f,0f,0.999914327574007f,0.01308959557134444f,1.748906792858997f,-1.2246467991473532e-16f,0.01308959557134444f,-0.999914327574007f,0.37608844750137027f,0f,0f,0f,1f],start_interpolation:0}
execute if entity @s[tag=aj.merfolk.bone.ear_l] run data modify entity @s {} merge value {transformation:[-0.9998476951563913f,-5.343512749254816e-19f,-0.01745240643728339f,0.25f,-0.00007615024704896997f,0.9999904807207345f,0.004362644731608341f,1.78097461587241f,0.017452240302952657f,0.004363309284746571f,-0.9998381773269581f,0.1887265857813809f,0f,0f,0f,1f],start_interpolation:0}
execute if entity @s[tag=aj.merfolk.bone.ear_r] run data modify entity @s {} merge value {transformation:[-0.9998476951563913f,-5.343512749254816e-19f,0.017452406437283633f,-0.25f,0.00007615024704896997f,0.9999904807207345f,0.004362644731608341f,1.812224318394933f,-0.0174522403029529f,0.004363309284746571f,-0.9998381773269581f,0.1888629391965292f,0f,0f,0f,1f],start_interpolation:0}
execute if entity @s[tag=aj.merfolk.bone.head] run data modify entity @s {} merge value {transformation:[-1f,-5.343512749254816e-19f,1.2246351413924705e-16f,-0.3125f,0f,0.9999904807207345f,0.004363309284746571f,1.5f,-1.2246467991473532e-16f,0.004363309284746571f,-0.9999904807207345f,0.12499999999999996f,0f,0f,0f,1f],start_interpolation:0}
execute if entity @s[tag=aj.merfolk.bone.trident] run data modify entity @s {} merge value {transformation:[-1.3333333333333333f,4.986518993750464e-18f,1.632100816877921e-16f,0.1875f,0f,1.3327114544489504f,-0.040718017613096874f,-0.6807901969443497f,-1.6328623988631375e-16f,-0.040718017613096874f,-1.3327114544489504f,0.37682972458385333f,0f,0f,0f,1f],start_interpolation:0}
execute if entity @s[tag=aj.merfolk.bone.bone3] run data modify entity @s {} merge value {transformation:[-1f,3.739889245312848e-18f,1.2240756126584407e-16f,-0.3125f,0f,0.9995335908367129f,-0.030538513209822656f,1.421875f,-1.2246467991473532e-16f,-0.030538513209822656f,-0.9995335908367129f,0.12499999999999996f,0f,0f,0f,1f],start_interpolation:0}
execute if entity @s[tag=aj.merfolk.bone.armhands] run data modify entity @s {} merge value {transformation:[-1f,3.739889245312848e-18f,1.2240756126584407e-16f,-0.3125f,0f,0.9995335908367129f,-0.030538513209822656f,1.421875f,-1.2246467991473532e-16f,-0.030538513209822656f,-0.9995335908367129f,0.12499999999999996f,0f,0f,0f,1f],start_interpolation:0}