execute if entity @s[tag=aj.merfolk.bone.t3] run data modify entity @s {} merge value {transformation:[-1f,-4.981087280387181e-17f,1.118770520577615e-16f,0.25000000000000006f,0f,0.9135454576426009f,0.4067366430758002f,0.2542758318321592f,-1.2246467991473532e-16f,0.4067366430758002f,-0.9135454576426009f,-0.31456062638068616f,0f,0f,0f,1f],start_interpolation:0}
execute if entity @s[tag=aj.merfolk.bone.t2] run data modify entity @s {} merge value {transformation:[-1f,-3.1696191514317643e-17f,1.1829179713786696e-16f,0f,0f,0.9659258262890683f,0.25881904510252074f,0.333867854840572f,-1.2246467991473532e-16f,0.25881904510252074f,-0.9659258262890683f,-0.04412067718044638f,0f,0f,0f,1f],start_interpolation:0}
execute if entity @s[tag=aj.merfolk.bone.t1] run data modify entity @s {} merge value {transformation:[-1f,-1.9157696688784726e-17f,1.2095693648649962e-16f,0.18749999999999997f,0f,0.9876883405951378f,0.15643446504023087f,0.8125f,-1.2246467991473532e-16f,0.15643446504023087f,-0.9876883405951378f,0.25f,0f,0f,0f,1f],start_interpolation:0}
execute if entity @s[tag=aj.merfolk.bone.nose] run data modify entity @s {} merge value {transformation:[-1f,-1.439417975768511e-17f,1.2161581071440514e-16f,-5.551115123125783e-17f,0f,0.9930684569549263f,0.11753739745783763f,1.7399923051204136f,-1.2246467991473532e-16f,0.11753739745783763f,-0.9930684569549263f,0.38462221299994787f,0f,0f,0f,1f],start_interpolation:0}
execute if entity @s[tag=aj.merfolk.bone.ear_l] run data modify entity @s {} merge value {transformation:[-0.9876883405951378f,-4.807940770445818e-18f,-0.15643446504023076f,0.25f,-0.0061415882758479225f,0.9992290362407229f,0.03877646227914531f,1.7785794279577616f,0.15631385973698284f,0.0392598157590686f,-0.9869268686790784f,0.19849363794728325f,0f,0f,0f,1f],start_interpolation:0}
execute if entity @s[tag=aj.merfolk.bone.ear_r] run data modify entity @s {} merge value {transformation:[-0.9876883405951378f,-4.807940770445818e-18f,0.15643446504023098f,-0.25f,0.0061415882758479225f,0.9992290362407229f,0.03877646227914531f,1.809805335340284f,-0.15631385973698306f,0.0392598157590686f,-0.9869268686790784f,0.1997205071897541f,0f,0f,0f,1f],start_interpolation:0}
execute if entity @s[tag=aj.merfolk.bone.head] run data modify entity @s {} merge value {transformation:[-1f,-4.807940770445818e-18f,1.223702640847296e-16f,-0.3125f,0f,0.9992290362407229f,0.0392598157590686f,1.5f,-1.2246467991473532e-16f,0.0392598157590686f,-0.9992290362407229f,0.12499999999999996f,0f,0f,0f,1f],start_interpolation:0}
execute if entity @s[tag=aj.merfolk.bone.trident] run data modify entity @s {} merge value {transformation:[-1.3333333333333333f,4.4322490411517426e-17f,1.5715569661940908e-16f,0.18749999999999994f,0f,1.283273648604863f,-0.36192059982009894f,-0.5574089300447109f,-1.6328623988631375e-16f,-0.36192059982009894f,-1.283273648604863f,0.8780300557691999f,0f,0f,0f,1f],start_interpolation:0}
execute if entity @s[tag=aj.merfolk.bone.bone3] run data modify entity @s {} merge value {transformation:[-1f,3.324186780863807e-17f,1.1786677246455682e-16f,-0.3125f,0f,0.9624552364536473f,-0.2714404498650742f,1.421875f,-1.2246467991473532e-16f,-0.2714404498650742f,-0.9624552364536473f,0.12499999999999996f,0f,0f,0f,1f],start_interpolation:0}
execute if entity @s[tag=aj.merfolk.bone.armhands] run data modify entity @s {} merge value {transformation:[-1f,3.324186780863807e-17f,1.1786677246455682e-16f,-0.3125f,0f,0.9624552364536473f,-0.2714404498650742f,1.421875f,-1.2246467991473532e-16f,-0.2714404498650742f,-0.9624552364536473f,0.12499999999999996f,0f,0f,0f,1f],start_interpolation:0}