execute if entity @s[tag=aj.merfolk.bone.t3] run data modify entity @s {} merge value {transformation:[-1f,-2.2667590504513542e-17f,1.2034856944450257e-16f,0.25000000000000006f,0f,0.9827206467064131f,0.1850949230447146f,0.19210786224682894f,-1.2246467991473532e-16f,0.1850949230447146f,-0.9827206467064131f,-0.2573350456858378f,0f,0f,0f,1f],start_interpolation:0}
execute if entity @s[tag=aj.merfolk.bone.t2] run data modify entity @s {} merge value {transformation:[-1f,-1.4217281568715176e-17f,1.216366175599044e-16f,0f,0f,0.9932383577419429f,0.11609291412523023f,0.31005488857879326f,-1.2246467991473532e-16f,0.11609291412523023f,-0.9932383577419429f,-0.0012859190920396224f,0f,0f,0f,1f],start_interpolation:0}
execute if entity @s[tag=aj.merfolk.bone.t1] run data modify entity @s {} merge value {transformation:[-1f,-8.542704229054943e-18f,1.221663621095163e-16f,0.18749999999999997f,0f,0.9975640502598242f,0.0697564737441253f,0.8125f,-1.2246467991473532e-16f,0.0697564737441253f,-0.9975640502598242f,0.25f,0f,0f,0f,1f],start_interpolation:0}
execute if entity @s[tag=aj.merfolk.bone.nose] run data modify entity @s {} merge value {transformation:[-1f,-6.40930612932371e-18f,1.2229684632711994e-16f,-5.551115123125783e-17f,0f,0.9986295347545739f,0.05233595624294383f,1.745598822179777f,-1.2246467991473532e-16f,0.05233595624294383f,-0.9986295347545739f,0.37932502539841867f,0f,0f,0f,1f],start_interpolation:0}
execute if entity @s[tag=aj.merfolk.bone.ear_l] run data modify entity @s {} merge value {transformation:[-0.9975640502598242f,-2.1373033680837913e-18f,-0.06975647374412518f,0.25f,-0.0012174183314141707f,0.9998476951563913f,0.01740989325235717f,1.7801163888604048f,0.06974584949530088f,0.01745240643728351f,-0.9974121164231596f,0.19239897025776048f,0f,0f,0f,1f],start_interpolation:0}
execute if entity @s[tag=aj.merfolk.bone.ear_r] run data modify entity @s {} merge value {transformation:[-0.9975640502598242f,-2.1373033680837913e-18f,0.06975647374412543f,-0.25f,0.0012174183314141707f,0.9998476951563913f,0.01740989325235717f,1.811361629334042f,-0.06974584949530113f,0.01745240643728351f,-0.9974121164231596f,0.19294435795892553f,0f,0f,0f,1f],start_interpolation:0}
execute if entity @s[tag=aj.merfolk.bone.head] run data modify entity @s {} merge value {transformation:[-1f,-2.1373033680837913e-18f,1.2244602795081332e-16f,-0.3125f,0f,0.9998476951563913f,0.01745240643728351f,1.5f,-1.2246467991473532e-16f,0.01745240643728351f,-0.9998476951563913f,0.12499999999999996f,0f,0f,0f,1f],start_interpolation:0}
execute if entity @s[tag=aj.merfolk.bone.trident] run data modify entity @s {} merge value {transformation:[-1.3333333333333333f,1.989958684204046e-17f,1.6206912901514243e-16f,0.18749999999999994f,0f,1.3233948688550958f,-0.16249245787352995f,-0.6489265367299484f,-1.6328623988631375e-16f,-0.16249245787352995f,-1.3233948688550958f,0.5681705496779809f,0f,0f,0f,1f],start_interpolation:0}
execute if entity @s[tag=aj.merfolk.bone.bone3] run data modify entity @s {} merge value {transformation:[-1f,1.4924690131530345e-17f,1.2155184676135683e-16f,-0.3125f,0f,0.992546151641322f,-0.12186934340514746f,1.421875f,-1.2246467991473532e-16f,-0.12186934340514746f,-0.992546151641322f,0.12499999999999996f,0f,0f,0f,1f],start_interpolation:0}
execute if entity @s[tag=aj.merfolk.bone.armhands] run data modify entity @s {} merge value {transformation:[-1f,1.4924690131530345e-17f,1.2155184676135683e-16f,-0.3125f,0f,0.992546151641322f,-0.12186934340514746f,1.421875f,-1.2246467991473532e-16f,-0.12186934340514746f,-0.992546151641322f,0.12499999999999996f,0f,0f,0f,1f],start_interpolation:0}