execute if entity @s[tag=aj.merfolk.bone.t3] run data modify entity @s {} merge value {transformation:[-1f,4.7850762583162224e-17f,1.1272933223801346e-16f,0.25f,0f,0.9205048534524405f,-0.3907311284892737f,0.05627004233019142f,-1.2246467991473532e-16f,-0.3907311284892737f,-0.9205048534524405f,-0.031668163354894585f,0f,0f,0f,1f],start_interpolation:0}
execute if entity @s[tag=aj.merfolk.bone.t2] run data modify entity @s {} merge value {transformation:[-1f,2.9626887508979326e-17f,1.1882695554102554e-16f,-2.7755575615628914e-17f,0f,0.9702957262759965f,-0.24192189559966776f,0.25699468325564845f,-1.2246467991473532e-16f,-0.24192189559966776f,-0.9702957262759965f,0.1662769673640659f,0f,0f,0f,1f],start_interpolation:0}
execute if entity @s[tag=aj.merfolk.bone.t1] run data modify entity @s {} merge value {transformation:[-1f,2.9626887508979326e-17f,1.1882695554102554e-16f,0.18749999999999997f,0f,0.9702957262759965f,-0.24192189559966776f,0.8125f,-1.2246467991473532e-16f,-0.24192189559966776f,-0.9702957262759965f,0.25f,0f,0f,0f,1f],start_interpolation:0}
execute if entity @s[tag=aj.merfolk.bone.nose] run data modify entity @s {} merge value {transformation:[-1f,1.1205716441293746e-17f,1.2195093171294713e-16f,-5.551115123125783e-17f,0f,0.9958049275746617f,-0.0915016186634024f,1.7575180260116339f,-1.2246467991473532e-16f,-0.0915016186634024f,-0.9958049275746617f,0.3672487694067226f,0f,0f,0f,1f],start_interpolation:0}
execute if entity @s[tag=aj.merfolk.bone.ear_l] run data modify entity @s {} merge value {transformation:[-0.992546151641322f,3.739889245312849e-18f,0.12186934340514763f,0.25f,-0.0037217085534505118f,0.9995335908367129f,-0.030310883763257163f,1.7830274794984393f,-0.12181250242665968f,-0.030538513209822666f,-0.9920832190212111f,0.17888189258703197f,0f,0f,0f,1f],start_interpolation:0}
execute if entity @s[tag=aj.merfolk.bone.ear_r] run data modify entity @s {} merge value {transformation:[-0.992546151641322f,3.739889245312849e-18f,-0.12186934340514738f,-0.25f,0.0037217085534505118f,0.9995335908367129f,-0.030310883763257163f,1.8142629042120866f,0.12181250242665943f,-0.030538513209822666f,-0.9920832190212111f,0.17792756404922494f,0f,0f,0f,1f],start_interpolation:0}
execute if entity @s[tag=aj.merfolk.bone.head] run data modify entity @s {} merge value {transformation:[-1f,3.739889245312849e-18f,1.2240756126584407e-16f,-0.3125f,0f,0.9995335908367129f,-0.030538513209822666f,1.5f,-1.2246467991473532e-16f,-0.030538513209822666f,-0.9995335908367129f,0.12499999999999996f,0f,0f,0f,1f],start_interpolation:0}
execute if entity @s[tag=aj.merfolk.bone.trident] run data modify entity @s {} merge value {transformation:[-1.3333333333333333f,-4.432249041151743e-17f,1.5715569661940908e-16f,0.1875000000000001f,0f,1.283273648604863f,0.361920599820099f,-0.6591990987441139f,-1.6328623988631375e-16f,0.361920599820099f,-1.283273648604863f,-0.26710934209908205f,0f,0f,0f,1f],start_interpolation:0}
execute if entity @s[tag=aj.merfolk.bone.bone3] run data modify entity @s {} merge value {transformation:[-1f,-3.324186780863808e-17f,1.1786677246455682e-16f,-0.3125f,0f,0.9624552364536473f,0.27144044986507426f,1.421875f,-1.2246467991473532e-16f,0.27144044986507426f,-0.9624552364536473f,0.12499999999999996f,0f,0f,0f,1f],start_interpolation:0}
execute if entity @s[tag=aj.merfolk.bone.armhands] run data modify entity @s {} merge value {transformation:[-1f,-3.324186780863808e-17f,1.1786677246455682e-16f,-0.3125f,0f,0.9624552364536473f,0.27144044986507426f,1.421875f,-1.2246467991473532e-16f,0.27144044986507426f,-0.9624552364536473f,0.12499999999999996f,0f,0f,0f,1f],start_interpolation:0}