execute if entity @s[tag=aj.merfolk.bone.t3] run data modify entity @s {} merge value {transformation:[-1f,-3.919627467762858e-17f,1.1602262657781224e-16f,0.25000000000000006f,0f,0.9473966425143292f,0.32006187175697154f,0.2287127105283804f,-1.2246467991473532e-16f,0.32006187175697154f,-0.9473966425143292f,-0.29259202888768426f,0f,0f,0f,1f],start_interpolation:0}
execute if entity @s[tag=aj.merfolk.bone.t2] run data modify entity @s {} merge value {transformation:[-1f,-2.4764510268777858e-17f,1.1993463577201612e-16f,0f,0f,0.9793406217655515f,0.2022175723320379f,0.3238947610077991f,-1.2246467991473532e-16f,0.2022175723320379f,-0.9793406217655515f,-0.027237485839080366f,0f,0f,0f,1f],start_interpolation:0}
execute if entity @s[tag=aj.merfolk.bone.t1] run data modify entity @s {} merge value {transformation:[-1f,-1.4924690131530345e-17f,1.2155184676135683e-16f,0.18749999999999997f,0f,0.992546151641322f,0.12186934340514746f,0.8125f,-1.2246467991473532e-16f,0.12186934340514746f,-0.992546151641322f,0.25f,0f,0f,0f,1f],start_interpolation:0}
execute if entity @s[tag=aj.merfolk.bone.nose] run data modify entity @s {} merge value {transformation:[-1f,-1.1205716441293743e-17f,1.2195093171294713e-16f,-5.551115123125783e-17f,0f,0.9958049275746617f,0.09150161866340237f,1.7422487694067226f,-1.2246467991473532e-16f,0.09150161866340237f,-0.9958049275746617f,0.38251802601163387f,0f,0f,0f,1f],start_interpolation:0}
execute if entity @s[tag=aj.merfolk.bone.ear_l] run data modify entity @s {} merge value {transformation:[-0.992546151641322f,-3.739889245312848e-18f,-0.12186934340514734f,0.25f,-0.003721708553450509f,0.9995335908367129f,0.030310883763257152f,1.7792101653472114f,0.12181250242665939f,0.030538513209822656f,-0.9920832190212111f,0.1960598062675572f,0f,0f,0f,1f],start_interpolation:0}
execute if entity @s[tag=aj.merfolk.bone.ear_r] run data modify entity @s {} merge value {transformation:[-0.992546151641322f,-3.739889245312848e-18f,0.12186934340514759f,-0.25f,0.003721708553450509f,0.9995335908367129f,0.030310883763257152f,1.8104455900608587f,-0.12181250242665964f,0.030538513209822656f,-0.9920832190212111f,0.1970141348053641f,0f,0f,0f,1f],start_interpolation:0}
execute if entity @s[tag=aj.merfolk.bone.head] run data modify entity @s {} merge value {transformation:[-1f,-3.739889245312848e-18f,1.2240756126584407e-16f,-0.3125f,0f,0.9995335908367129f,0.030538513209822656f,1.5f,-1.2246467991473532e-16f,0.030538513209822656f,-0.9995335908367129f,0.12499999999999996f,0f,0f,0f,1f],start_interpolation:0}
execute if entity @s[tag=aj.merfolk.bone.trident] run data modify entity @s {} merge value {transformation:[-1.3333333333333333f,3.464569427425712e-17f,1.595683928742328e-16f,0.18749999999999994f,0f,1.302974808616905f,-0.28290356287526164f,-0.5996885516653796f,-1.6328623988631375e-16f,-0.28290356287526164f,-1.302974808616905f,0.7557931096667562f,0f,0f,0f,1f],start_interpolation:0}
execute if entity @s[tag=aj.merfolk.bone.bone3] run data modify entity @s {} merge value {transformation:[-1f,2.5984270705692838e-17f,1.196762946556746e-16f,-0.3125f,0f,0.9772311064626789f,-0.21217767215644626f,1.421875f,-1.2246467991473532e-16f,-0.21217767215644626f,-0.9772311064626789f,0.12499999999999996f,0f,0f,0f,1f],start_interpolation:0}
execute if entity @s[tag=aj.merfolk.bone.armhands] run data modify entity @s {} merge value {transformation:[-1f,2.5984270705692838e-17f,1.196762946556746e-16f,-0.3125f,0f,0.9772311064626789f,-0.21217767215644626f,1.421875f,-1.2246467991473532e-16f,-0.21217767215644626f,-0.9772311064626789f,0.12499999999999996f,0f,0f,0f,1f],start_interpolation:0}