execute if entity @s[tag=aj.merfolk.bone.t3] run data modify entity @s {} merge value {transformation:[-1f,-3.375584055267281e-17f,1.1772060590738186e-16f,0.25000000000000006f,0f,0.9612616959383187f,0.2756373558169991f,0.21627117069723303f,-1.2246467991473532e-16f,0.2756373558169991f,-0.9612616959383187f,-0.2811418656722721f,0f,0f,0f,1f],start_interpolation:0}
execute if entity @s[tag=aj.merfolk.bone.t2] run data modify entity @s {} merge value {transformation:[-1f,-2.1265768495757713e-17f,1.2060416625018979e-16f,0f,0f,0.9848077530122079f,0.1736481776669303f,0.3191307166697959f,-1.2246467991473532e-16f,0.1736481776669303f,-0.9848077530122079f,-0.018667924008879178f,0f,0f,0f,1f],start_interpolation:0}
execute if entity @s[tag=aj.merfolk.bone.t1] run data modify entity @s {} merge value {transformation:[-1f,-1.2801044796052349e-17f,1.217938055844715e-16f,0.18749999999999997f,0f,0.9945218953682733f,0.10452846326765346f,0.8125f,-1.2246467991473532e-16f,0.10452846326765346f,-0.9945218953682733f,0.25f,0f,0f,0f,1f],start_interpolation:0}
execute if entity @s[tag=aj.merfolk.bone.nose] run data modify entity @s {} merge value {transformation:[-1f,-9.608468044710107e-18f,1.220871621770789e-16f,-5.551115123125783e-17f,0f,0.996917333733128f,0.07845909572784493f,1.743370094166921f,-1.2246467991473532e-16f,0.07845909572784493f,-0.996917333733128f,0.38145856832085756f,0f,0f,0f,1f],start_interpolation:0}
execute if entity @s[tag=aj.merfolk.bone.ear_l] run data modify entity @s {} merge value {transformation:[-0.9945218953682733f,-3.2057515956682574e-18f,-0.10452846326765333f,0.25f,-0.0027362361796587817f,0.9996573249755573f,0.02603354824610332f,1.7795175633801334f,0.10449264397394813f,0.02617694830787315f,-0.9941810975534692f,0.1948408495225617f,0f,0f,0f,1f],start_interpolation:0}
execute if entity @s[tag=aj.merfolk.bone.ear_r] run data modify entity @s {} merge value {transformation:[-0.9945218953682733f,-3.2057515956682574e-18f,0.10452846326765358f,-0.25f,0.0027362361796587817f,0.9996573249755573f,0.02603354824610332f,1.8107568547856197f,-0.10449264397394838f,0.02617694830787315f,-0.9941810975534692f,0.19565887915718266f,0f,0f,0f,1f],start_interpolation:0}
execute if entity @s[tag=aj.merfolk.bone.head] run data modify entity @s {} merge value {transformation:[-1f,-3.2057515956682574e-18f,1.2242271432755217e-16f,-0.3125f,0f,0.9996573249755573f,0.02617694830787315f,1.5f,-1.2246467991473532e-16f,0.02617694830787315f,-0.9996573249755573f,0.12499999999999996f,0f,0f,0f,1f],start_interpolation:0}
execute if entity @s[tag=aj.merfolk.bone.trident] run data modify entity @s {} merge value {transformation:[-1.3333333333333333f,2.975655373131923e-17f,1.6055199670588316e-16f,0.18749999999999994f,0f,1.311006543418606f,-0.2429807006561966f,-0.6180091596129391f,-1.6328623988631375e-16f,-0.2429807006561966f,-1.311006543418606f,0.6937633567532401f,0f,0f,0f,1f],start_interpolation:0}
execute if entity @s[tag=aj.merfolk.bone.bone3] run data modify entity @s {} merge value {transformation:[-1f,2.2317415298489425e-17f,1.2041399752941237e-16f,-0.3125f,0f,0.9832549075639546f,-0.18223552549214744f,1.421875f,-1.2246467991473532e-16f,-0.18223552549214744f,-0.9832549075639546f,0.12499999999999996f,0f,0f,0f,1f],start_interpolation:0}
execute if entity @s[tag=aj.merfolk.bone.armhands] run data modify entity @s {} merge value {transformation:[-1f,2.2317415298489425e-17f,1.2041399752941237e-16f,-0.3125f,0f,0.9832549075639546f,-0.18223552549214744f,1.421875f,-1.2246467991473532e-16f,-0.18223552549214744f,-0.9832549075639546f,0.12499999999999996f,0f,0f,0f,1f],start_interpolation:0}