execute if entity @s[tag=aj.merfolk.bone.t3] run data modify entity @s {} merge value {transformation:[-1f,1.2801044796052357e-17f,1.217938055844715e-16f,0.25f,0f,0.9945218953682734f,-0.10452846326765347f,0.05627004233019145f,-1.2246467991473532e-16f,-0.10452846326765347f,-0.9945218953682734f,-0.03166816335489464f,0f,0f,0f,1f],start_interpolation:0}
execute if entity @s[tag=aj.merfolk.bone.t2] run data modify entity @s {} merge value {transformation:[-1f,2.962688750897932e-17f,1.1882695554102554e-16f,-2.7755575615628914e-17f,0f,0.9702957262759965f,-0.24192189559966767f,0.25699468325564845f,-1.2246467991473532e-16f,-0.24192189559966767f,-0.9702957262759965f,0.16627696736406583f,0f,0f,0f,1f],start_interpolation:0}
execute if entity @s[tag=aj.merfolk.bone.t1] run data modify entity @s {} merge value {transformation:[-1f,2.962688750897932e-17f,1.1882695554102554e-16f,0.18749999999999997f,0f,0.9702957262759965f,-0.24192189559966767f,0.8125f,-1.2246467991473532e-16f,-0.24192189559966767f,-0.9702957262759965f,0.25f,0f,0f,0f,1f],start_interpolation:0}
execute if entity @s[tag=aj.merfolk.bone.nose] run data modify entity @s {} merge value {transformation:[-1f,9.608468044710109e-18f,1.220871621770789e-16f,-5.551115123125783e-17f,0f,0.996917333733128f,-0.07845909572784494f,1.7564585683208576f,-1.2246467991473532e-16f,-0.07845909572784494f,-0.996917333733128f,0.368370094166921f,0f,0f,0f,1f],start_interpolation:0}
execute if entity @s[tag=aj.merfolk.bone.ear_l] run data modify entity @s {} merge value {transformation:[-0.9945218953682733f,3.205751595668258e-18f,0.1045284632676536f,0.25f,-0.0027362361796587826f,0.9996573249755573f,-0.026033548246103322f,1.7827896819186175f,-0.10449264397394839f,-0.026176948307873153f,-0.9941810975534692f,0.18011631609938303f,0f,0f,0f,1f],start_interpolation:0}
execute if entity @s[tag=aj.merfolk.bone.ear_r] run data modify entity @s {} merge value {transformation:[-0.9945218953682733f,3.205751595668258e-18f,-0.10452846326765335f,-0.25f,0.0027362361796587826f,0.9996573249755573f,-0.026033548246103322f,1.8140289733241037f,0.10449264397394814f,-0.026176948307873153f,-0.9941810975534692f,0.17929828646476192f,0f,0f,0f,1f],start_interpolation:0}
execute if entity @s[tag=aj.merfolk.bone.head] run data modify entity @s {} merge value {transformation:[-1f,3.205751595668258e-18f,1.2242271432755217e-16f,-0.3125f,0f,0.9996573249755573f,-0.026176948307873153f,1.5f,-1.2246467991473532e-16f,-0.026176948307873153f,-0.9996573249755573f,0.12499999999999996f,0f,0f,0f,1f],start_interpolation:0}
execute if entity @s[tag=aj.merfolk.bone.trident] run data modify entity @s {} merge value {transformation:[-1.3333333333333333f,-3.811841568292318e-17f,1.587746280802908e-16f,0.1875000000000001f,0f,1.296493227196902f,0.31126048514120724f,-0.6729888065618312f,-1.6328623988631375e-16f,0.31126048514120724f,-1.296493227196902f,-0.1851044543089862f,0f,0f,0f,1f],start_interpolation:0}
execute if entity @s[tag=aj.merfolk.bone.bone3] run data modify entity @s {} merge value {transformation:[-1f,-2.858881176219238e-17f,1.1908097106021811e-16f,-0.3125f,0f,0.9723699203976766f,0.23344536385590545f,1.421875f,-1.2246467991473532e-16f,0.23344536385590545f,-0.9723699203976766f,0.12499999999999996f,0f,0f,0f,1f],start_interpolation:0}
execute if entity @s[tag=aj.merfolk.bone.armhands] run data modify entity @s {} merge value {transformation:[-1f,-2.858881176219238e-17f,1.1908097106021811e-16f,-0.3125f,0f,0.9723699203976766f,0.23344536385590545f,1.421875f,-1.2246467991473532e-16f,0.23344536385590545f,-0.9723699203976766f,0.12499999999999996f,0f,0f,0f,1f],start_interpolation:0}