execute if entity @s[tag=aj.seahorse.locator_origin.head] at @s on origin run tp @s ^0 ^0.0625 ^0.25 ~90 ~0
execute if entity @s[tag=aj.seahorse.locator_origin.ear] at @s on origin run tp @s ^0 ^0.9375 ^0.1875 ~90 ~0
execute if entity @s[tag=aj.seahorse.locator_origin.horn] at @s on origin run tp @s ^0 ^0.9375 ^0.1875 ~90 ~0
execute if entity @s[tag=aj.seahorse.locator_origin.fin] at @s on origin run tp @s ^0 ^-0.125 ^-0.0625 ~90 ~0
execute if entity @s[tag=aj.seahorse.bone.bone6] run data modify entity @s {} merge value {transformation:[-3.577335012078777e-17f,-9.293238878987082e-17f,1f,9.471277672630263e-18f,-0.933244213432197f,0.35924258947864235f,0f,-0.9826960647486525f,-0.35924258947864235f,-0.933244213432197f,-9.957992501029599e-17f,0.09511231979388415f,0f,0f,0f,1f],start_interpolation:0}
execute if entity @s[tag=aj.seahorse.bone.bone5] run data modify entity @s {} merge value {transformation:[-9.542509912576641e-17f,2.846422178619727e-17f,1f,-1.1260361977657788e-17f,0.2858429727001122f,0.9582764710447415f,0f,-0.9836672913896374f,-0.9582764710447415f,0.2858429727001122f,-9.957992501029599e-17f,-0.11307863484024036f,0f,0f,0f,1f],start_interpolation:0}
execute if entity @s[tag=aj.seahorse.bone.bone4] run data modify entity @s {} merge value {transformation:[-4.8111158061003876e-17f,8.718645499781072e-17f,1f,-2.731331581938522e-17f,0.8755424849817486f,0.4831411356860279f,0f,-0.8064321472047689f,-0.4831411356860279f,0.8755424849817486f,-9.957992501029599e-17f,-0.2742853624017208f,0f,0f,0f,1f],start_interpolation:0}
execute if entity @s[tag=aj.seahorse.bone.bone3] run data modify entity @s {} merge value {transformation:[-8.223975441281591e-17f,5.614965947515531e-17f,1f,-2.676353426643398e-17f,0.5638652516493636f,0.8258668040201156f,0f,-0.5897620442069986f,-0.8258668040201156f,0.5638652516493636f,-9.957992501029599e-17f,-0.2687643544988288f,0f,0f,0f,1f],start_interpolation:0}
execute if entity @s[tag=aj.seahorse.bone.bone2] run data modify entity @s {} merge value {transformation:[-9.791244996122411e-17f,1.8146999962719926e-17f,1f,-1.6340443319658258e-17f,0.18223552549214744f,0.9832549075639546f,0f,-0.387285f,-0.9832549075639546f,0.18223552549214744f,-9.957992501029599e-17f,-0.16409375f,0f,0f,0f,1f],start_interpolation:0}