execute if entity @s[tag=aj.seahorse.locator_origin.head] at @s on origin run tp @s ^0 ^0.0625 ^0.25 ~90 ~0
execute if entity @s[tag=aj.seahorse.locator_origin.ear] at @s on origin run tp @s ^0 ^0.9375 ^0.1875 ~90 ~0
execute if entity @s[tag=aj.seahorse.locator_origin.horn] at @s on origin run tp @s ^0 ^0.9375 ^0.1875 ~90 ~0
execute if entity @s[tag=aj.seahorse.locator_origin.fin] at @s on origin run tp @s ^0 ^-0.125 ^-0.0625 ~90 ~0
execute if entity @s[tag=aj.seahorse.bone.bone6] run data modify entity @s {} merge value {transformation:[-8.52807139441652e-17f,-5.141362945980023e-17f,1f,-3.042817093462699e-18f,-0.5163051634602492f,0.8564046813185255f,0f,-1.1188841950756327f,-0.8564046813185255f,-0.5163051634602492f,-9.957992501029599e-17f,-0.03055653128025637f,0f,0f,0f,1f],start_interpolation:0}
execute if entity @s[tag=aj.seahorse.bone.bone5] run data modify entity @s {} merge value {transformation:[-7.562861091610815e-17f,6.478020280885279e-17f,1f,-2.2565906221159652e-17f,0.6505347619226958f,0.7594764799058504f,0f,-1.0223050079737694f,-0.7594764799058504f,0.6505347619226958f,-9.957992501029599e-17f,-0.22661099833953946f,0f,0f,0f,1f],start_interpolation:0}
execute if entity @s[tag=aj.seahorse.bone.bone4] run data modify entity @s {} merge value {transformation:[-2.226183698278482e-17f,9.705963156332341e-17f,1f,-3.267496350853002e-17f,0.9746907476912441f,0.22355747888425376f,0f,-0.8000626081672928f,-0.22355747888425376f,0.9746907476912441f,-9.957992501029599e-17f,-0.328128018826602f,0f,0f,0f,1f],start_interpolation:0}
execute if entity @s[tag=aj.seahorse.bone.bone3] run data modify entity @s {} merge value {transformation:[-7.473317727790393e-17f,6.581119721601755e-17f,1f,-2.8604988443610727e-17f,0.66088819819068f,0.7504843699187056f,0f,-0.5851450119690798f,-0.7504843699187056f,0.66088819819068f,-9.957992501029599e-17f,-0.28725657747435673f,0f,0f,0f,1f],start_interpolation:0}
execute if entity @s[tag=aj.seahorse.bone.bone2] run data modify entity @s {} merge value {transformation:[-9.731260029928214e-17f,2.1128636682198087e-17f,1f,-1.6962817850972608e-17f,0.21217767215644626f,0.9772311064626789f,0f,-0.387285f,-0.9772311064626789f,0.21217767215644626f,-9.957992501029599e-17f,-0.17034375000000002f,0f,0f,0f,1f],start_interpolation:0}