execute if entity @s[tag=aj.seahorse.locator_origin.head] at @s on origin run tp @s ^0 ^0.0625 ^0.25 ~90 ~0
execute if entity @s[tag=aj.seahorse.locator_origin.ear] at @s on origin run tp @s ^0 ^0.9375 ^0.1875 ~90 ~0
execute if entity @s[tag=aj.seahorse.locator_origin.horn] at @s on origin run tp @s ^0 ^0.9375 ^0.1875 ~90 ~0
execute if entity @s[tag=aj.seahorse.locator_origin.fin] at @s on origin run tp @s ^0 ^-0.125 ^-0.0625 ~90 ~0
execute if entity @s[tag=aj.seahorse.bone.bone6] run data modify entity @s {} merge value {transformation:[-1.2997788433152205e-17f,9.872800494744735e-17f,1f,-6.652467336579236e-17f,0.9914448613738105f,0.13052619222005152f,0f,-1.2184471964872172f,-0.13052619222005152f,0.9914448613738105f,-9.957992501029599e-17f,-0.6680530574703094f,0f,0f,0f,1f],start_interpolation:0}
execute if entity @s[tag=aj.seahorse.bone.bone5] run data modify entity @s {} merge value {transformation:[3.810758749759832e-17f,9.199985456602126e-17f,1f,-6.028777076570576e-17f,0.9238795325112868f,-0.3826834323650897f,0f,-0.9746290477028042f,0.3826834323650897f,0.9238795325112868f,-9.957992501029599e-17f,-0.605420929564592f,0f,0f,0f,1f],start_interpolation:0}
execute if entity @s[tag=aj.seahorse.bone.bone4] run data modify entity @s {} merge value {transformation:[5.711669851950999e-17f,8.157109914232846e-17f,1f,-4.803713288046894e-17f,0.8191520442889918f,-0.573576436351046f,0f,-0.7457346552887696f,0.573576436351046f,0.8191520442889918f,-9.957992501029599e-17f,-0.4823977611501734f,0f,0f,0f,1f],start_interpolation:0}
execute if entity @s[tag=aj.seahorse.bone.bone3] run data modify entity @s {} merge value {transformation:[-4.598089227955284e-17f,8.832847225120748e-17f,1f,-3.4006825593383245e-17f,0.8870108331782217f,0.4617486132350339f,0f,-0.5679790281916673f,-0.4617486132350339f,0.8870108331782217f,-9.957992501029599e-17f,-0.341502823886111f,0f,0f,0f,1f],start_interpolation:0}
execute if entity @s[tag=aj.seahorse.bone.bone2] run data modify entity @s {} merge value {transformation:[-9.497106243655659e-17f,2.994426096479661e-17f,1f,-1.8829941444915657e-17f,0.30070579950427306f,0.9537169507482269f,0f,-0.387285f,-0.9537169507482269f,0.30070579950427306f,-9.957992501029599e-17f,-0.18909375f,0f,0f,0f,1f],start_interpolation:0}