execute if entity @s[tag=aj.seahorse.locator_origin.head] at @s on origin run tp @s ^0 ^0.0625 ^0.25 ~90 ~0
execute if entity @s[tag=aj.seahorse.locator_origin.ear] at @s on origin run tp @s ^0 ^0.9375 ^0.1875 ~90 ~0
execute if entity @s[tag=aj.seahorse.locator_origin.horn] at @s on origin run tp @s ^0 ^0.9375 ^0.1875 ~90 ~0
execute if entity @s[tag=aj.seahorse.locator_origin.fin] at @s on origin run tp @s ^0 ^-0.125 ^-0.0625 ~90 ~0
execute if entity @s[tag=aj.seahorse.bone.bone6] run data modify entity @s {} merge value {transformation:[-3.6887494271943176e-18f,-9.951158019406355e-17f,1f,1.344277930166494e-17f,-0.999313668731671f,0.0370431030834069f,0f,-0.9083134764160262f,-0.0370431030834069f,-0.999313668731671f,-9.957992501029599e-17f,0.13499487271430496f,0f,0f,0f,1f],start_interpolation:0}
execute if entity @s[tag=aj.seahorse.bone.bone5] run data modify entity @s {} merge value {transformation:[-9.925596622952118e-17f,8.025872718921124e-18f,1f,-6.2214965019622605e-18f,0.08059729627323281f,0.9967467460862086f,0f,-0.9561188919294548f,-0.9967467460862086f,0.08059729627323281f,-9.957992501029599e-17f,-0.062477417022748255f,0f,0f,0f,1f],start_interpolation:0}
execute if entity @s[tag=aj.seahorse.bone.bone4] run data modify entity @s {} merge value {transformation:[-5.975796984154458e-17f,7.965642789802479e-17f,1f,-2.463304805380772e-17f,0.7999245620017165f,0.6001005708265592f,0f,-0.8073753853017409f,-0.6001005708265592f,0.7999245620017165f,-9.957992501029599e-17f,-0.24736961843725838f,0f,0f,0f,1f],start_interpolation:0}
execute if entity @s[tag=aj.seahorse.bone.bone3] run data modify entity @s {} merge value {transformation:[-8.55338533755479e-17f,5.099138546643391e-17f,1f,-2.5836420272119106e-17f,0.5120649112877088f,0.8589467542449364f,0f,-0.5918593589809679f,-0.8589467542449364f,0.5120649112877088f,-9.957992501029599e-17f,-0.25945410452405715f,0f,0f,0f,1f],start_interpolation:0}
execute if entity @s[tag=aj.seahorse.bone.bone2] run data modify entity @s {} merge value {transformation:[-9.817815599372839e-17f,1.6649659177511932e-17f,1f,-1.602925605400108e-17f,0.16719895275870567f,0.9859231766199597f,0f,-0.387285f,-0.9859231766199597f,0.16719895275870567f,-9.957992501029599e-17f,-0.16096875f,0f,0f,0f,1f],start_interpolation:0}