execute if entity @s[tag=aj.seahorse.locator_origin.head] at @s on origin run tp @s ^0 ^0.0625 ^0.25 ~90 ~0
execute if entity @s[tag=aj.seahorse.locator_origin.ear] at @s on origin run tp @s ^0 ^0.9375 ^0.1875 ~90 ~0
execute if entity @s[tag=aj.seahorse.locator_origin.horn] at @s on origin run tp @s ^0 ^0.9375 ^0.1875 ~90 ~0
execute if entity @s[tag=aj.seahorse.locator_origin.fin] at @s on origin run tp @s ^0 ^-0.125 ^-0.0625 ~90 ~0
execute if entity @s[tag=aj.seahorse.bone.bone6] run data modify entity @s {} merge value {transformation:[-8.15306779378288e-17f,-5.717438255070366e-17f,1f,1.3902759509651612e-17f,-0.5741557100469012f,0.8187461270873522f,0f,-0.94488256137883f,-0.8187461270873522f,-0.5741557100469012f,-9.957992501029599e-17f,0.1396140789241822f,0f,0f,0f,1f],start_interpolation:0}
execute if entity @s[tag=aj.seahorse.bone.bone5] run data modify entity @s {} merge value {transformation:[-9.634834590106034e-17f,2.5162625204572825e-17f,1f,-7.257756039347308e-18f,0.25268773000151534f,0.9675478856918045f,0f,-0.9573906551924839f,-0.9675478856918045f,0.25268773000151534f,-9.957992501029599e-17f,-0.07288372670090781f,0f,0f,0f,1f],start_interpolation:0}
execute if entity @s[tag=aj.seahorse.bone.bone4] run data modify entity @s {} merge value {transformation:[-2.6550249035935922e-17f,9.597523504105607e-17f,1f,-2.1637349332256757e-17f,0.9638010375196886f,0.26662250481902633f,0f,-0.7983209620839207f,-0.26662250481902633f,0.9638010375196886f,-9.957992501029599e-17f,-0.21728625855080308f,0f,0f,0f,1f],start_interpolation:0}
execute if entity @s[tag=aj.seahorse.bone.bone3] run data modify entity @s {} merge value {transformation:[-8.227787104975013e-17f,5.609379110540543e-17f,1f,-2.129381457608672e-17f,0.5633042111610915f,0.8262495783285946f,0f,-0.6000026268084646f,-0.8262495783285946f,0.5633042111610915f,-9.957992501029599e-17f,-0.2138364190762853f,0f,0f,0f,1f],start_interpolation:0}
execute if entity @s[tag=aj.seahorse.bone.bone2] run data modify entity @s {} merge value {transformation:[-9.914049851236655e-17f,9.344678687660575e-18f,1f,-1.4521194689662465e-17f,0.0938409894031793f,0.9955871979429187f,0f,-0.387285f,-0.9955871979429187f,0.0938409894031793f,-9.957992501029599e-17f,-0.14582451923076922f,0f,0f,0f,1f],start_interpolation:0}