execute if entity @s[tag=aj.seahorse.locator_origin.head] at @s on origin run tp @s ^0 ^0.0625 ^0.25 ~90 ~0
execute if entity @s[tag=aj.seahorse.locator_origin.ear] at @s on origin run tp @s ^0 ^0.9375 ^0.1875 ~90 ~0
execute if entity @s[tag=aj.seahorse.locator_origin.horn] at @s on origin run tp @s ^0 ^0.9375 ^0.1875 ~90 ~0
execute if entity @s[tag=aj.seahorse.locator_origin.fin] at @s on origin run tp @s ^0 ^-0.125 ^-0.0625 ~90 ~0
execute if entity @s[tag=aj.seahorse.bone.bone6] run data modify entity @s {} merge value {transformation:[7.081910164538867e-17f,-7.00058305228663e-17f,1f,1.8618649488700467e-17f,-0.7030114806335523f,-0.71117849946228f,0f,-0.5758895825689506f,0.71117849946228f,-0.7030114806335523f,-9.957992501029599e-17f,0.18697191714871653f,0f,0f,0f,1f],start_interpolation:0}
execute if entity @s[tag=aj.seahorse.bone.bone5] run data modify entity @s {} merge value {transformation:[-7.302828631176583e-17f,-6.769808611344142e-17f,1f,1.2837050016073593e-17f,-0.6798366850190117f,0.7333635399325227f,0f,-0.7419557440078239f,-0.7333635399325227f,-0.6798366850190117f,-9.957992501029599e-17f,0.1289120273463383f,0f,0f,0f,1f],start_interpolation:0}
execute if entity @s[tag=aj.seahorse.bone.bone4] run data modify entity @s {} merge value {transformation:[-9.816530668263098e-17f,1.6725251237610078e-17f,1f,-9.188581975679132e-18f,0.16795806218854636f,0.9857941414645698f,0f,-0.7827744771146465f,-0.9857941414645698f,0.16795806218854636f,-9.957992501029599e-17f,-0.09227343738940438f,0f,0f,0f,1f],start_interpolation:0}
execute if entity @s[tag=aj.seahorse.bone.bone3] run data modify entity @s {} merge value {transformation:[-9.816530668263098e-17f,1.6725251237610078e-17f,1f,-2.020244670821296e-17f,0.16795806218854636f,0.9857941414645698f,0f,-0.6014430486042148f,-0.9857941414645698f,0.16795806218854636f,-9.957992501029599e-17f,-0.20287670136449834f,0f,0f,0f,1f],start_interpolation:0}
execute if entity @s[tag=aj.seahorse.bone.bone2] run data modify entity @s {} merge value {transformation:[-9.928976228368485e-17f,7.596352460590902e-18f,1f,-1.4162132460058034e-17f,0.0762839745039523f,0.9970861323044666f,0f,-0.387285f,-0.9970861323044666f,0.0762839745039523f,-9.957992501029599e-17f,-0.14221875f,0f,0f,0f,1f],start_interpolation:0}