execute if entity @s[tag=aj.seahorse.locator_origin.head] at @s on origin run tp @s ^0 ^0.0625 ^0.25 ~90 ~0
execute if entity @s[tag=aj.seahorse.locator_origin.ear] at @s on origin run tp @s ^0 ^0.9375 ^0.1875 ~90 ~0
execute if entity @s[tag=aj.seahorse.locator_origin.horn] at @s on origin run tp @s ^0 ^0.9375 ^0.1875 ~90 ~0
execute if entity @s[tag=aj.seahorse.locator_origin.fin] at @s on origin run tp @s ^0 ^-0.125 ^-0.0625 ~90 ~0
execute if entity @s[tag=aj.seahorse.bone.bone6] run data modify entity @s {} merge value {transformation:[-7.659283307894852e-17f,6.36372484162892e-17f,1f,-4.7833270105327755e-17f,0.6390570028016135f,0.7691593769630704f,0f,-1.1271083470013725f,-0.7691593769630704f,0.6390570028016135f,-9.957992501029599e-17f,-0.4803505335074521f,0f,0f,0f,1f],start_interpolation:0}
execute if entity @s[tag=aj.seahorse.bone.bone5] run data modify entity @s {} merge value {transformation:[1.1430824030007196e-17f,9.892167470807993e-17f,1f,-5.581457085156108e-17f,0.9933897288821216f,-0.11479044625536022f,0f,-0.885836178147601f,0.11479044625536022f,0.9933897288821216f,-9.957992501029599e-17f,-0.5605002297982267f,0f,0f,0f,1f],start_interpolation:0}
execute if entity @s[tag=aj.seahorse.bone.bone4] run data modify entity @s {} merge value {transformation:[8.16622473525542e-17f,5.698630381404313e-17f,1f,-4.64448375872475e-17f,0.5722669886340153f,-0.8200673714517338f,0f,-0.6953215451225765f,0.8200673714517338f,0.5722669886340153f,-9.957992501029599e-17f,-0.466407637708558f,0f,0f,0f,1f],start_interpolation:0}
execute if entity @s[tag=aj.seahorse.bone.bone3] run data modify entity @s {} merge value {transformation:[-3.897049982567219e-17f,9.163766479124976e-17f,1f,-2.9868890526822854e-17f,0.9202423558942725f,0.39134895734901265f,0f,-0.5816215272401728f,-0.39134895734901265f,0.9202423558942725f,-9.957992501029599e-17f,-0.29994891564474047f,0f,0f,0f,1f],start_interpolation:0}
execute if entity @s[tag=aj.seahorse.bone.bone2] run data modify entity @s {} merge value {transformation:[-9.684410684078593e-17f,2.3181467495967792e-17f,1f,-1.7393692526497926e-17f,0.23279257835925227f,0.9725264086187333f,0f,-0.387285f,-0.9725264086187333f,0.23279257835925227f,-9.957992501029599e-17f,-0.17467067307692308f,0f,0f,0f,1f],start_interpolation:0}