execute if entity @s[tag=aj.seahorse.locator_origin.head] at @s on origin run tp @s ^0 ^0.0625 ^0.25 ~90 ~0
execute if entity @s[tag=aj.seahorse.locator_origin.ear] at @s on origin run tp @s ^0 ^0.9375 ^0.1875 ~90 ~0
execute if entity @s[tag=aj.seahorse.locator_origin.horn] at @s on origin run tp @s ^0 ^0.9375 ^0.1875 ~90 ~0
execute if entity @s[tag=aj.seahorse.locator_origin.fin] at @s on origin run tp @s ^0 ^-0.125 ^-0.0625 ~90 ~0
execute if entity @s[tag=aj.seahorse.bone.bone6] run data modify entity @s {} merge value {transformation:[-8.972342839527473e-17f,4.3195692633110753e-17f,1f,-3.172899524007539e-17f,0.4337791239413422f,0.9010192404342328f,0f,-1.2447943423278038f,-0.9010192404342328f,0.4337791239413422f,-9.957992501029599e-17f,-0.3186284307484142f,0f,0f,0f,1f],start_interpolation:0}
execute if entity @s[tag=aj.seahorse.bone.bone5] run data modify entity @s {} merge value {transformation:[-2.317723365802036e-17f,9.684512019207627e-17f,1f,-4.1410986214328756e-17f,0.9725365848795634f,0.23275006137656745f,0f,-1.0310779888909691f,-0.23275006137656745f,0.9725365848795634f,-9.957992501029599e-17f,-0.41585677243728686f,0f,0f,0f,1f],start_interpolation:0}
execute if entity @s[tag=aj.seahorse.bone.bone4] run data modify entity @s {} merge value {transformation:[1.907063193303053e-17f,9.773675082961909e-17f,1f,-4.0566955255138194e-17f,0.981490504431628f,-0.19151080833871614f,0f,-0.7793544423140076f,0.19151080833871614f,0.981490504431628f,-9.957992501029599e-17f,-0.4073808576471995f,0f,0f,0f,1f],start_interpolation:0}
execute if entity @s[tag=aj.seahorse.bone.bone3] run data modify entity @s {} merge value {transformation:[-6.139811532965181e-17f,7.839918940284361e-17f,1f,-3.133098015397576e-17f,0.7872991408131468f,0.6165712147634537f,0f,-0.5771762521079428f,-0.6165712147634537f,0.7872991408131468f,-9.957992501029599e-17f,-0.3146314897378796f,0f,0f,0f,1f],start_interpolation:0}
execute if entity @s[tag=aj.seahorse.bone.bone2] run data modify entity @s {} merge value {transformation:[-9.624282075381222e-17f,2.5563272842219243e-17f,1f,-1.7896379647944133e-17f,0.2567111075809321f,0.966488182671972f,0f,-0.387285f,-0.966488182671972f,0.2567111075809321f,-9.957992501029599e-17f,-0.17971875f,0f,0f,0f,1f],start_interpolation:0}