execute if entity @s[tag=aj.seahorse.locator_origin.head] at @s on origin run tp @s ^0 ^0.0625 ^0.25 ~90 ~0
execute if entity @s[tag=aj.seahorse.locator_origin.ear] at @s on origin run tp @s ^0 ^0.9375 ^0.1875 ~90 ~0
execute if entity @s[tag=aj.seahorse.locator_origin.horn] at @s on origin run tp @s ^0 ^0.9375 ^0.1875 ~90 ~0
execute if entity @s[tag=aj.seahorse.locator_origin.fin] at @s on origin run tp @s ^0 ^-0.125 ^-0.0625 ~90 ~0
execute if entity @s[tag=aj.seahorse.bone.bone6] run data modify entity @s {} merge value {transformation:[-7.720655790335059e-17f,6.289124646381836e-17f,1f,-3.692263058992945e-17f,0.6315655134035878f,0.7753225150086012f,0f,-1.1562091026615031f,-0.7753225150086012f,0.6315655134035878f,-9.957992501029599e-17f,-0.3707838762291883f,0f,0f,0f,1f],start_interpolation:0}
execute if entity @s[tag=aj.seahorse.bone.bone5] run data modify entity @s {} merge value {transformation:[-1.2252371031500943e-17f,9.882328100788096e-17f,1f,-4.8315117958087534e-17f,0.9924016411707803f,0.12304057298932614f,0f,-0.9278653703625381f,-0.12304057298932614f,0.9924016411707803f,-9.957992501029599e-17f,-0.48518933864523417f,0f,0f,0f,1f],start_interpolation:0}
execute if entity @s[tag=aj.seahorse.bone.bone4] run data modify entity @s {} merge value {transformation:[6.833469148434485e-17f,7.243294419527333e-17f,1f,-4.2876401543870225e-17f,0.7273850044352231f,-0.6862295937386922f,0f,-0.7221346013358145f,0.6862295937386922f,0.7273850044352231f,-9.957992501029599e-17f,-0.4305727438480903f,0f,0f,0f,1f],start_interpolation:0}
execute if entity @s[tag=aj.seahorse.bone.bone3] run data modify entity @s {} merge value {transformation:[-4.7491933667456053e-17f,8.7525297494965e-17f,1f,-2.846398118081158e-17f,0.8789452039245399f,0.4769227699513297f,0f,-0.5855200545395643f,-0.4769227699513297f,0.8789452039245399f,-9.957992501029599e-17f,-0.28584055649638784f,0f,0f,0f,1f],start_interpolation:0}
execute if entity @s[tag=aj.seahorse.bone.bone2] run data modify entity @s {} merge value {transformation:[-9.736197301275686e-17f,2.08999444046958e-17f,1f,-1.691494288702535e-17f,0.20988110206484756f,0.9777269163708469f,0f,-0.387285f,-0.9777269163708469f,0.20988110206484756f,-9.957992501029599e-17f,-0.1698629807692308f,0f,0f,0f,1f],start_interpolation:0}