execute if entity @s[tag=aj.seahorse.locator_origin.head] at @s on origin run tp @s ^0 ^0.0625 ^0.25 ~90 ~0
execute if entity @s[tag=aj.seahorse.locator_origin.ear] at @s on origin run tp @s ^0 ^0.9375 ^0.1875 ~90 ~0
execute if entity @s[tag=aj.seahorse.locator_origin.horn] at @s on origin run tp @s ^0 ^0.9375 ^0.1875 ~90 ~0
execute if entity @s[tag=aj.seahorse.locator_origin.fin] at @s on origin run tp @s ^0 ^-0.125 ^-0.0625 ~90 ~0
execute if entity @s[tag=aj.seahorse.bone.bone6] run data modify entity @s {} merge value {transformation:[6.638468469493749e-17f,-7.422422180804528e-17f,1f,1.8292283665161133e-17f,-0.745373345083067f,-0.6666472653807853f,0f,-0.60319377914292f,0.6666472653807853f,-0.745373345083067f,-9.957992501029599e-17f,0.18369449126688758f,0f,0f,0f,1f],start_interpolation:0}
execute if entity @s[tag=aj.seahorse.bone.bone5] run data modify entity @s {} merge value {transformation:[-7.704923607245914e-17f,-6.308388610181393e-17f,1f,1.0827003861856503e-17f,-0.633500036230108f,0.7737426601244448f,0f,-0.7669209251592195f,-0.7737426601244448f,-0.633500036230108f,-9.957992501029599e-17f,0.10872677259735891f,0f,0f,0f,1f],start_interpolation:0}
execute if entity @s[tag=aj.seahorse.bone.bone4] run data modify entity @s {} merge value {transformation:[-9.69524148129264e-17f,2.2724232154209772e-17f,1f,-1.1638697233380982e-17f,0.22820093660303742f,0.9736140572801405f,0f,-0.7903188428798191f,-0.9736140572801405f,0.22820093660303742f,-9.957992501029599e-17f,-0.116877947359145f,0f,0f,0f,1f],start_interpolation:0}
execute if entity @s[tag=aj.seahorse.bone.bone3] run data modify entity @s {} merge value {transformation:[-9.69524148129264e-17f,2.2724232154209772e-17f,1f,-2.1148479166914882e-17f,0.22820093660303742f,0.9736140572801405f,0f,-0.6002058234301403f,-0.9736140572801405f,0.22820093660303742f,-9.957992501029599e-17f,-0.2123769340530057f,0f,0f,0f,1f],start_interpolation:0}
execute if entity @s[tag=aj.seahorse.bone.bone2] run data modify entity @s {} merge value {transformation:[-9.916218001276804e-17f,9.11172432482231e-18f,1f,-1.4473319725715206e-17f,0.0915016186634024f,0.9958049275746618f,0f,-0.387285f,-0.9958049275746618f,0.0915016186634024f,-9.957992501029599e-17f,-0.14534375f,0f,0f,0f,1f],start_interpolation:0}