execute if entity @s[tag=aj.seahorse.locator_origin.head] at @s on origin run tp @s ^0 ^0.0625 ^0.25 ~90 ~0
execute if entity @s[tag=aj.seahorse.locator_origin.ear] at @s on origin run tp @s ^0 ^0.9375 ^0.1875 ~90 ~0
execute if entity @s[tag=aj.seahorse.locator_origin.horn] at @s on origin run tp @s ^0 ^0.9375 ^0.1875 ~90 ~0
execute if entity @s[tag=aj.seahorse.locator_origin.fin] at @s on origin run tp @s ^0 ^-0.125 ^-0.0625 ~90 ~0
execute if entity @s[tag=aj.seahorse.bone.bone6] run data modify entity @s {} merge value {transformation:[6.727522221205772e-17f,-7.34180219113429e-17f,1f,2.127618254154083e-17f,-0.7372773368101241f,-0.6755902076156599f,0f,-0.6330642655452632f,0.6755902076156599f,-0.7372773368101241f,-9.957992501029599e-17f,0.21365935492862637f,0f,0f,0f,1f],start_interpolation:0}
execute if entity @s[tag=aj.seahorse.bone.bone5] run data modify entity @s {} merge value {transformation:[-7.628264820034178e-17f,-6.400874197013299e-17f,1f,1.8068883732906553e-17f,-0.6427876096865391f,0.766044443118978f,0f,-0.7879426331221913f,-0.766044443118978f,-0.6427876096865391f,-9.957992501029599e-17f,0.18145106788379617f,0f,0f,0f,1f],start_interpolation:0}
execute if entity @s[tag=aj.seahorse.bone.bone4] run data modify entity @s {} merge value {transformation:[-8.832847225120748e-17f,4.598089227955284e-17f,1f,-3.4817083409874694e-18f,0.4617486132350339f,0.8870108331782217f,0f,-0.7801461238309457f,-0.8870108331782217f,0.4617486132350339f,-9.957992501029599e-17f,-0.03496395825390994f,0f,0f,0f,1f],start_interpolation:0}
execute if entity @s[tag=aj.seahorse.bone.bone3] run data modify entity @s {} merge value {transformation:[-9.721948317685437e-17f,2.1553040525213697e-17f,1f,-1.5446153355612666e-17f,0.21643961393810288f,0.9762960071199334f,0f,-0.60544625f,-0.9762960071199334f,0.21643961393810288f,-9.957992501029599e-17f,-0.155113125f,0f,0f,0f,1f],start_interpolation:0}
execute if entity @s[tag=aj.seahorse.bone.bone2] run data modify entity @s {} merge value {transformation:[-9.957992501029599e-17f,0f,1f,-1.2606196131772158e-17f,0f,1f,0f,-0.387285f,-1f,0f,-9.957992501029599e-17f,-0.12659375f,0f,0f,0f,1f],start_interpolation:0}