execute if entity @s[tag=aj.seahorse.locator_origin.head] at @s on origin run tp @s ^0 ^0.0625 ^0.25 ~90 ~0
execute if entity @s[tag=aj.seahorse.locator_origin.ear] at @s on origin run tp @s ^0 ^0.9375 ^0.1875 ~90 ~0
execute if entity @s[tag=aj.seahorse.locator_origin.horn] at @s on origin run tp @s ^0 ^0.9375 ^0.1875 ~90 ~0
execute if entity @s[tag=aj.seahorse.locator_origin.fin] at @s on origin run tp @s ^0 ^-0.125 ^-0.0625 ~90 ~0
execute if entity @s[tag=aj.seahorse.bone.bone6] run data modify entity @s {} merge value {transformation:[7.366215564508549e-17f,-6.700782260882212e-17f,1f,2.1117435761369144e-17f,-0.6729049314095576f,-0.7397289728574231f,0f,-0.5760044370861946f,0.7397289728574231f,-0.6729049314095576f,-9.957992501029599e-17f,0.21206519044060054f,0f,0f,0f,1f],start_interpolation:0}
execute if entity @s[tag=aj.seahorse.bone.bone5] run data modify entity @s {} merge value {transformation:[-7.015714411066499e-17f,-7.066920542422673e-17f,1f,1.9323419137078734e-17f,-0.7096732139225848f,0.7045309996308106f,0f,-0.7331671291587202f,-0.7045309996308106f,-0.7096732139225848f,-9.957992501029599e-17f,0.19404934413317546f,0f,0f,0f,1f],start_interpolation:0}
execute if entity @s[tag=aj.seahorse.bone.bone4] run data modify entity @s {} merge value {transformation:[-9.570238157669853e-17f,2.7517551228337262e-17f,1f,-1.951888490579127e-18f,0.27633633210199854f,0.961060992632837f,0f,-0.7685179921155256f,-0.961060992632837f,0.27633633210199854f,-9.957992501029599e-17f,-0.019601224748635987f,0f,0f,0f,1f],start_interpolation:0}
execute if entity @s[tag=aj.seahorse.bone.bone3] run data modify entity @s {} merge value {transformation:[-9.877461348301692e-17f,1.2638718144526523e-17f,1f,-1.5446153355612666e-17f,0.1269203420591023f,0.9919129128968937f,0f,-0.60544625f,-0.9919129128968937f,0.1269203420591023f,-9.957992501029599e-17f,-0.155113125f,0f,0f,0f,1f],start_interpolation:0}