execute if entity @s[tag=aj.seahorse.locator_origin.head] at @s on origin run tp @s ^0 ^0.0625 ^0.25 ~90 ~0
execute if entity @s[tag=aj.seahorse.locator_origin.ear] at @s on origin run tp @s ^0 ^0.9375 ^0.1875 ~90 ~0
execute if entity @s[tag=aj.seahorse.locator_origin.horn] at @s on origin run tp @s ^0 ^0.9375 ^0.1875 ~90 ~0
execute if entity @s[tag=aj.seahorse.locator_origin.fin] at @s on origin run tp @s ^0 ^-0.125 ^-0.0625 ~90 ~0
execute if entity @s[tag=aj.seahorse.bone.bone6] run data modify entity @s {} merge value {transformation:[7.243181268231009e-17f,-6.833589083791117e-17f,1f,2.122795823814538e-17f,-0.6862416378687335f,-0.7273736415730486f,0f,-0.5873659238812146f,0.7273736415730486f,-0.6862416378687335f,-9.957992501029599e-17f,0.21317507756659318f,0f,0f,0f,1f],start_interpolation:0}
execute if entity @s[tag=aj.seahorse.bone.bone5] run data modify entity @s {} merge value {transformation:[-7.143028150679026e-17f,-6.938210395279799e-17f,1f,1.914972421113854e-17f,-0.6967479032106552f,0.7173160805192893f,0f,-0.7441751238084862f,-0.7173160805192893f,-0.6967479032106552f,-9.957992501029599e-17f,0.1923050676043246f,0f,0f,0f,1f],start_interpolation:0}
execute if entity @s[tag=aj.seahorse.bone.bone4] run data modify entity @s {} merge value {transformation:[-9.452551126357784e-17f,3.1322343229959515e-17f,1f,-2.2493296879505475e-18f,0.31454475615161354f,0.949242643573034f,0f,-0.7709545828722275f,-0.949242643573034f,0.31454475615161354f,-9.957992501029599e-17f,-0.022588184191924016f,0f,0f,0f,1f],start_interpolation:0}
execute if entity @s[tag=aj.seahorse.bone.bone3] run data modify entity @s {} merge value {transformation:[-9.852852417195485e-17f,1.4432303681418392e-17f,1f,-1.5446153355612666e-17f,0.14493185930724667f,0.9894416385809446f,0f,-0.60544625f,-0.9894416385809446f,0.14493185930724667f,-9.957992501029599e-17f,-0.155113125f,0f,0f,0f,1f],start_interpolation:0}