execute if entity @s[tag=aj.seahorse.locator_origin.head] at @s on origin run tp @s ^0 ^0.0625 ^0.25 ~90 ~0
execute if entity @s[tag=aj.seahorse.locator_origin.ear] at @s on origin run tp @s ^0 ^0.9375 ^0.1875 ~90 ~0
execute if entity @s[tag=aj.seahorse.locator_origin.horn] at @s on origin run tp @s ^0 ^0.9375 ^0.1875 ~90 ~0
execute if entity @s[tag=aj.seahorse.locator_origin.fin] at @s on origin run tp @s ^0 ^-0.125 ^-0.0625 ~90 ~0
execute if entity @s[tag=aj.seahorse.bone.bone6] run data modify entity @s {} merge value {transformation:[5.542833667153727e-17f,-8.272763116929486e-17f,1f,1.895000704649458e-17f,-0.8307661525226223f,-0.5566215948225137f,0f,-0.6564527289555501f,0.5566215948225137f,-0.8307661525226223f,-9.957992501029599e-17f,0.19029947094793714f,0f,0f,0f,1f],start_interpolation:0}
execute if entity @s[tag=aj.seahorse.bone.bone5] run data modify entity @s {} merge value {transformation:[-8.506664288365593e-17f,-5.176705258714968e-17f,1f,8.59847141760648e-18f,-0.5198543037845957f,0.8542549401886026f,0f,-0.8087556662953708f,-0.8542549401886026f,-0.5198543037845957f,-9.957992501029599e-17f,0.08634743816805893f,0f,0f,0f,1f],start_interpolation:0}
execute if entity @s[tag=aj.seahorse.bone.bone4] run data modify entity @s {} merge value {transformation:[-9.285485516987613e-17f,3.5974120370587236e-17f,1f,-1.4150810108906573e-17f,0.36125876141067303f,0.9324656064992565f,0f,-0.7965389020254865f,-0.9324656064992565f,0.36125876141067303f,-9.957992501029599e-17f,-0.14210504885842667f,0f,0f,0f,1f],start_interpolation:0}
execute if entity @s[tag=aj.seahorse.bone.bone3] run data modify entity @s {} merge value {transformation:[-9.537327953730285e-17f,2.86373709574685e-17f,1f,-2.2092085197819884e-17f,0.28758176865977314f,0.9577560891659821f,0f,-0.5988238976602915f,-0.9577560891659821f,0.28758176865977314f,-9.957992501029599e-17f,-0.22185280010539968f,0f,0f,0f,1f],start_interpolation:0}
execute if entity @s[tag=aj.seahorse.bone.bone2] run data modify entity @s {} merge value {transformation:[-9.901147131877092e-17f,1.0624971169296185e-17f,1f,-1.4784506991372384e-17f,0.10669792298194264f,0.9942914830326867f,0f,-0.387285f,-0.9942914830326867f,0.10669792298194264f,-9.957992501029599e-17f,-0.14846875f,0f,0f,0f,1f],start_interpolation:0}