execute if entity @s[tag=aj.seahorse.locator_origin.head] at @s on origin run tp @s ^0 ^0.0625 ^0.25 ~90 ~0
execute if entity @s[tag=aj.seahorse.locator_origin.ear] at @s on origin run tp @s ^0 ^0.9375 ^0.1875 ~90 ~0
execute if entity @s[tag=aj.seahorse.locator_origin.horn] at @s on origin run tp @s ^0 ^0.9375 ^0.1875 ~90 ~0
execute if entity @s[tag=aj.seahorse.locator_origin.fin] at @s on origin run tp @s ^0 ^-0.125 ^-0.0625 ~90 ~0
execute if entity @s[tag=aj.seahorse.bone.bone6] run data modify entity @s {} merge value {transformation:[4.33968130674622e-17f,-8.962632470788876e-17f,1f,1.8816917646990456e-17f,-0.900044107269833f,-0.4357988124913251f,0f,-0.7134907702985362f,0.4357988124913251f,-0.900044107269833f,-9.957992501029599e-17f,0.1889629626156568f,0f,0f,0f,1f],start_interpolation:0}
execute if entity @s[tag=aj.seahorse.bone.bone5] run data modify entity @s {} merge value {transformation:[-9.14339627059451e-17f,-3.944606354180366e-17f,1f,5.763884584395969e-18f,-0.3961246560260532f,0.91819674192857f,0f,-0.849480175457639f,-0.91819674192857f,-0.3961246560260532f,-9.957992501029599e-17f,0.057881993622710876f,0f,0f,0f,1f],start_interpolation:0}
execute if entity @s[tag=aj.seahorse.bone.bone4] run data modify entity @s {} merge value {transformation:[-8.695613606903146e-17f,4.852619771834858e-17f,1f,-1.671582685739611e-17f,0.48730904058555224f,0.8732295797575736f,0f,-0.8013896935237248f,-0.8732295797575736f,0.48730904058555224f,-9.957992501029599e-17f,-0.16786342082169456f,0f,0f,0f,1f],start_interpolation:0}
execute if entity @s[tag=aj.seahorse.bone.bone3] run data modify entity @s {} merge value {transformation:[-9.34338661314357e-17f,3.444233042041616e-17f,1f,-2.303297287906823e-17f,0.34587624379969173f,0.9382801415222515f,0f,-0.5972977380340565f,-0.9382801415222515f,0.34587624379969173f,-9.957992501029599e-17f,-0.23130136798844497f,0f,0f,0f,1f],start_interpolation:0}
execute if entity @s[tag=aj.seahorse.bone.bone2] run data modify entity @s {} merge value {transformation:[-9.883767134970071e-17f,1.2135740077338595e-17f,1f,-1.509569425702956e-17f,0.12186934340514746f,0.992546151641322f,0f,-0.387285f,-0.992546151641322f,0.12186934340514746f,-9.957992501029599e-17f,-0.15159375f,0f,0f,0f,1f],start_interpolation:0}