execute if entity @s[tag=aj.seahorse.locator_origin.head] at @s on origin run tp @s ^0 ^0.0625 ^0.25 ~90 ~0
execute if entity @s[tag=aj.seahorse.locator_origin.ear] at @s on origin run tp @s ^0 ^0.9375 ^0.1875 ~90 ~0
execute if entity @s[tag=aj.seahorse.locator_origin.horn] at @s on origin run tp @s ^0 ^0.9375 ^0.1875 ~90 ~0
execute if entity @s[tag=aj.seahorse.locator_origin.fin] at @s on origin run tp @s ^0 ^-0.125 ^-0.0625 ~90 ~0
execute if entity @s[tag=aj.seahorse.bone.bone6] run data modify entity @s {} merge value {transformation:[7.486815164851193e-17f,-6.565760682351734e-17f,1f,2.0967829103823222e-17f,-0.6593458151000688f,-0.7518398074789772f,0f,-0.5646975429422435f,0.7518398074789772f,-0.6593458151000688f,-9.957992501029599e-17f,0.21056281275222152f,0f,0f,0f,1f],start_interpolation:0}
execute if entity @s[tag=aj.seahorse.bone.bone5] run data modify entity @s {} merge value {transformation:[-6.886081823843901e-17f,-7.193294917205076e-17f,1f,1.9458622844122822e-17f,-0.7223639620597555f,0.6915130557822693f,0f,-0.7221617814405208f,-0.6915130557822693f,-0.7223639620597555f,-9.957992501029599e-17f,0.1954070847322983f,0f,0f,0f,1f],start_interpolation:0}
execute if entity @s[tag=aj.seahorse.bone.bone4] run data modify entity @s {} merge value {transformation:[-9.672617047135027e-17f,2.3668743333845602e-17f,1f,-1.6589074439490968e-18f,0.23768589232617307f,0.9713420698132614f,0f,-0.7660275025685768f,-0.9713420698132614f,0.23768589232617307f,-9.957992501029599e-17f,-0.01665905496291123f,0f,0f,0f,1f],start_interpolation:0}
execute if entity @s[tag=aj.seahorse.bone.bone3] run data modify entity @s {} merge value {transformation:[-9.898805561618802e-17f,1.084095523386391e-17f,1f,-1.5446153355612666e-17f,0.10886687485196457f,0.9940563382223196f,0f,-0.60544625f,-0.9940563382223196f,0.10886687485196457f,-9.957992501029599e-17f,-0.155113125f,0f,0f,0f,1f],start_interpolation:0}