execute if entity @s[tag=aj.seahorse.locator_origin.head] at @s on origin run tp @s ^0 ^0.0625 ^0.25 ~90 ~0
execute if entity @s[tag=aj.seahorse.locator_origin.ear] at @s on origin run tp @s ^0 ^0.9375 ^0.1875 ~90 ~0
execute if entity @s[tag=aj.seahorse.locator_origin.horn] at @s on origin run tp @s ^0 ^0.9375 ^0.1875 ~90 ~0
execute if entity @s[tag=aj.seahorse.locator_origin.fin] at @s on origin run tp @s ^0 ^-0.125 ^-0.0625 ~90 ~0
execute if entity @s[tag=aj.seahorse.bone.bone6] run data modify entity @s {} merge value {transformation:[3.099516738184405e-17f,-9.463329786088851e-17f,1f,2.187335374168901e-17f,-0.9503250564920989f,-0.31125919585337425f,0f,-0.6974608207729411f,0.31125919585337425f,-0.9503250564920989f,-9.957992501029599e-17f,0.21965625842183986f,0f,0f,0f,1f],start_interpolation:0}
execute if entity @s[tag=aj.seahorse.bone.bone5] run data modify entity @s {} merge value {transformation:[-8.924057497545415e-17f,-4.418462677342111e-17f,1f,1.3014718957184285e-17f,-0.4437101832407753f,0.8961703372062912f,0f,-0.841827783155526f,-0.8961703372062912f,-0.4437101832407753f,-9.957992501029599e-17f,0.13069621166955725f,0f,0f,0f,1f],start_interpolation:0}
execute if entity @s[tag=aj.seahorse.bone.bone4] run data modify entity @s {} merge value {transformation:[-7.7103894503823e-17f,6.301706846085042e-17f,1f,-7.912158863854737e-18f,0.6328290411379083f,0.774291550187961f,0f,-0.7914090900286572f,-0.774291550187961f,0.6328290411379083f,-9.957992501029599e-17f,-0.07945536073698257f,0f,0f,0f,1f],start_interpolation:0}
execute if entity @s[tag=aj.seahorse.bone.bone3] run data modify entity @s {} merge value {transformation:[-9.473501394222575e-17f,3.0682871417493943e-17f,1f,-1.691310244607296e-17f,0.30812306209631624f,0.9513465081684958f,0f,-0.6046030982580104f,-0.9513465081684958f,0.30812306209631624f,-9.957992501029599e-17f,-0.1698444987212457f,0f,0f,0f,1f],start_interpolation:0}
execute if entity @s[tag=aj.seahorse.bone.bone2] run data modify entity @s {} merge value {transformation:[-9.955244189566463e-17f,2.3393968595535968e-18f,1f,-1.3084945771244734e-17f,0.02349265536514229f,0.9997240094865656f,0f,-0.387285f,-0.9997240094865656f,0.02349265536514229f,-9.957992501029599e-17f,-0.1314014423076923f,0f,0f,0f,1f],start_interpolation:0}