execute if entity @s[tag=aj.seahorse.locator_origin.head] at @s on origin run tp @s ^0 ^0.0625 ^0.25 ~90 ~0
execute if entity @s[tag=aj.seahorse.locator_origin.ear] at @s on origin run tp @s ^0 ^0.9375 ^0.1875 ~90 ~0
execute if entity @s[tag=aj.seahorse.locator_origin.horn] at @s on origin run tp @s ^0 ^0.9375 ^0.1875 ~90 ~0
execute if entity @s[tag=aj.seahorse.locator_origin.fin] at @s on origin run tp @s ^0 ^-0.125 ^-0.0625 ~90 ~0
execute if entity @s[tag=aj.seahorse.bone.bone6] run data modify entity @s {} merge value {transformation:[-7.841215352085832e-17f,6.138155785964965e-17f,1f,-1.3865837359383419e-17f,0.6164049415914216f,0.7874293288808057f,0f,-1.1684538817776184f,-0.7874293288808057f,0.6164049415914216f,-9.957992501029599e-17f,-0.13924329987143255f,0f,0f,0f,1f],start_interpolation:0}
execute if entity @s[tag=aj.seahorse.bone.bone5] run data modify entity @s {} merge value {transformation:[-5.62391831919295e-17f,8.217856009301189e-17f,1f,-3.197606907114242e-17f,0.8252522793576627f,0.5647642653488111f,0f,-0.9765243394893667f,-0.5647642653488111f,0.8252522793576627f,-9.957992501029599e-17f,-0.3211095917961002f,0f,0f,0f,1f],start_interpolation:0}
execute if entity @s[tag=aj.seahorse.bone.bone4] run data modify entity @s {} merge value {transformation:[3.375451494495093e-17f,9.368454614229208e-17f,1f,-3.4925221534348105e-17f,0.9407975164934664f,-0.3389690737511693f,0f,-0.7649603396419866f,0.3389690737511693f,0.9407975164934664f,-9.957992501029599e-17f,-0.3507255255588618f,0f,0f,0f,1f],start_interpolation:0}
execute if entity @s[tag=aj.seahorse.bone.bone3] run data modify entity @s {} merge value {transformation:[-6.317541926362505e-17f,7.697420260010081e-17f,1f,-2.5621909944568962e-17f,0.7729891601358619f,0.6344192291477734f,0f,-0.5923232418413311f,-0.6344192291477734f,0.7729891601358619f,-9.957992501029599e-17f,-0.25729995219337437f,0f,0f,0f,1f],start_interpolation:0}
execute if entity @s[tag=aj.seahorse.bone.bone2] run data modify entity @s {} merge value {transformation:[-9.823622328341596e-17f,1.630355482914743e-17f,1f,-1.5957443608080194e-17f,0.16372330896475104f,0.9865062990684006f,0f,-0.387285f,-0.9865062990684006f,0.16372330896475104f,-9.957992501029599e-17f,-0.16024759615384615f,0f,0f,0f,1f],start_interpolation:0}