execute if entity @s[tag=aj.seahorse.locator_origin.head] at @s on origin run tp @s ^0 ^0.0625 ^0.25 ~90 ~0
execute if entity @s[tag=aj.seahorse.locator_origin.ear] at @s on origin run tp @s ^0 ^0.9375 ^0.1875 ~90 ~0
execute if entity @s[tag=aj.seahorse.locator_origin.horn] at @s on origin run tp @s ^0 ^0.9375 ^0.1875 ~90 ~0
execute if entity @s[tag=aj.seahorse.locator_origin.fin] at @s on origin run tp @s ^0 ^-0.125 ^-0.0625 ~90 ~0
execute if entity @s[tag=aj.seahorse.bone.bone6] run data modify entity @s {} merge value {transformation:[7.886962499207172e-17f,-6.079262881851836e-17f,1f,1.869067427027882e-17f,-0.6104908073814348f,-0.792023341892626f,0f,-0.5233559563190167f,0.792023341892626f,-0.6104908073814348f,-9.957992501029599e-17f,0.18769520330876244f,0f,0f,0f,1f],start_interpolation:0}
execute if entity @s[tag=aj.seahorse.bone.bone5] run data modify entity @s {} merge value {transformation:[-6.417501243031471e-17f,-7.614282135976527e-17f,1f,1.625876810289723e-17f,-0.7646402761590003f,0.6444573283588974f,0f,-0.6897585995753035f,-0.6444573283588974f,-0.7646402761590003f,-9.957992501029599e-17f,0.1632735523873529f,0f,0f,0f,1f],start_interpolation:0}
execute if entity @s[tag=aj.seahorse.bone.bone4] run data modify entity @s {} merge value {transformation:[-9.947543393869937e-17f,4.5606477350952625e-18f,1f,-4.508925515668671e-18f,0.04579886693652077f,0.9989506813588601f,0f,-0.7639236805830036f,-0.9989506813588601f,0.04579886693652077f,-9.957992501029599e-17f,-0.04527946285561543f,0f,0f,0f,1f],start_interpolation:0}
execute if entity @s[tag=aj.seahorse.bone.bone3] run data modify entity @s {} merge value {transformation:[-9.947543393869937e-17f,4.5606477350952625e-18f,1f,-1.8304273936402535e-17f,0.04579886693652077f,0.9989506813588601f,0f,-0.603481809895333f,-0.9989506813588601f,0.04579886693652077f,-9.957992501029599e-17f,-0.1838148997853732f,0f,0f,0f,1f],start_interpolation:0}
execute if entity @s[tag=aj.seahorse.bone.bone2] run data modify entity @s {} merge value {transformation:[-9.947543393869937e-17f,4.5606477350952625e-18f,1f,-1.3539757928743683e-17f,0.04579886693652077f,0.9989506813588601f,0f,-0.387285f,-0.9989506813588601f,0.04579886693652077f,-9.957992501029599e-17f,-0.13596875f,0f,0f,0f,1f],start_interpolation:0}