execute if entity @s[tag=aj.seahorse.locator_origin.head] at @s on origin run tp @s ^0 ^0.0625 ^0.25 ~90 ~0
execute if entity @s[tag=aj.seahorse.locator_origin.ear] at @s on origin run tp @s ^0 ^0.9375 ^0.1875 ~90 ~0
execute if entity @s[tag=aj.seahorse.locator_origin.horn] at @s on origin run tp @s ^0 ^0.9375 ^0.1875 ~90 ~0
execute if entity @s[tag=aj.seahorse.locator_origin.fin] at @s on origin run tp @s ^0 ^-0.125 ^-0.0625 ~90 ~0
execute if entity @s[tag=aj.seahorse.bone.bone6] run data modify entity @s {} merge value {transformation:[6.859880801840243e-17f,-7.218285810017871e-17f,1f,2.1323367226090303e-17f,-0.724873593675788f,-0.6888819007577051f,0f,-0.6216312983507177f,0.6888819007577051f,-0.724873593675788f,-9.957992501029599e-17f,0.21413319224618405f,0f,0f,0f,1f],start_interpolation:0}
execute if entity @s[tag=aj.seahorse.bone.bone5] run data modify entity @s {} merge value {transformation:[-7.510639399343415e-17f,-6.538494510481147e-17f,1f,1.8396976996923133e-17f,-0.6566076957584679f,0.7542322811115654f,0f,-0.7770696015029853f,-0.7542322811115654f,-0.6566076957584679f,-9.957992501029599e-17f,0.18474584104196698f,0f,0f,0f,1f],start_interpolation:0}
execute if entity @s[tag=aj.seahorse.bone.bone4] run data modify entity @s {} merge value {transformation:[-9.009644238411059e-17f,4.241217436990012e-17f,1f,-3.1674239006177898e-18f,0.4259108888213658f,0.9047651158081826f,0f,-0.7779329995983604f,-0.9047651158081826f,0.4259108888213658f,-9.957992501029599e-17f,-0.03180785585337906f,0f,0f,0f,1f],start_interpolation:0}
execute if entity @s[tag=aj.seahorse.bone.bone3] run data modify entity @s {} merge value {transformation:[-9.759524033879619e-17f,1.978207593425877e-17f,1f,-1.5446153355612666e-17f,0.19865526040729012f,0.9800694299448951f,0f,-0.60544625f,-0.9800694299448951f,0.19865526040729012f,-9.957992501029599e-17f,-0.155113125f,0f,0f,0f,1f],start_interpolation:0}