execute if entity @s[tag=aj.seahorse.locator_origin.head] at @s on origin run tp @s ^0 ^0.0625 ^0.25 ~90 ~0
execute if entity @s[tag=aj.seahorse.locator_origin.ear] at @s on origin run tp @s ^0 ^0.9375 ^0.1875 ~90 ~0
execute if entity @s[tag=aj.seahorse.locator_origin.horn] at @s on origin run tp @s ^0 ^0.9375 ^0.1875 ~90 ~0
execute if entity @s[tag=aj.seahorse.locator_origin.fin] at @s on origin run tp @s ^0 ^-0.125 ^-0.0625 ~90 ~0
execute if entity @s[tag=aj.seahorse.bone.bone6] run data modify entity @s {} merge value {transformation:[7.720551652366667e-17f,-6.28925248608291e-17f,1f,2.0552417641487816e-17f,-0.6315783513024977f,-0.7753120572814657f,0f,-0.5423055920361153f,0.7753120572814657f,-0.6315783513024977f,-9.957992501029599e-17f,0.20639117411830565f,0f,0f,0f,1f],start_interpolation:0}
execute if entity @s[tag=aj.seahorse.bone.bone5] run data modify entity @s {} merge value {transformation:[-6.620032244499074e-17f,-7.43887005749894e-17f,1f,1.961423428740658e-17f,-0.7470250712409959f,0.6647958656139379f,0f,-0.7002167047586817f,-0.6647958656139379f,-0.7470250712409959f,-9.957992501029599e-17f,0.19696976358817886f,0f,0f,0f,1f],start_interpolation:0}
execute if entity @s[tag=aj.seahorse.bone.bone4] run data modify entity @s {} merge value {transformation:[-9.830820105220912e-17f,1.5863765975789028e-17f,1f,-1.0867116433966104e-18f,0.1593068680675227f,0.987229113117374f,0f,-0.760888137292448f,-0.987229113117374f,0.1593068680675227f,-9.957992501029599e-17f,-0.010912959045553144f,0f,0f,0f,1f],start_interpolation:0}
execute if entity @s[tag=aj.seahorse.bone.bone3] run data modify entity @s {} merge value {transformation:[-9.9316726973543e-17f,7.23527527595785e-18f,1f,-1.5446153355612666e-17f,0.07265797072261065f,0.9973569167005722f,0f,-0.60544625f,-0.9973569167005722f,0.07265797072261065f,-9.957992501029599e-17f,-0.155113125f,0f,0f,0f,1f],start_interpolation:0}