execute if entity @s[tag=aj.seahorse.locator_origin.head] at @s on origin run tp @s ^0 ^0.0625 ^0.25 ~90 ~0
execute if entity @s[tag=aj.seahorse.locator_origin.ear] at @s on origin run tp @s ^0 ^0.9375 ^0.1875 ~90 ~0
execute if entity @s[tag=aj.seahorse.locator_origin.horn] at @s on origin run tp @s ^0 ^0.9375 ^0.1875 ~90 ~0
execute if entity @s[tag=aj.seahorse.locator_origin.fin] at @s on origin run tp @s ^0 ^-0.125 ^-0.0625 ~90 ~0
execute if entity @s[tag=aj.seahorse.bone.bone6] run data modify entity @s {} merge value {transformation:[-9.675122871904381e-17f,2.3566102910991496e-17f,1f,-2.3561340657049255e-18f,0.23665515824153205f,0.9715937093650182f,0f,-1.1067943893214343f,-0.9715937093650182f,0.23665515824153205f,-9.957992501029599e-17f,-0.02366073348078243f,0f,0f,0f,1f],start_interpolation:0}
execute if entity @s[tag=aj.seahorse.bone.bone5] run data modify entity @s {} merge value {transformation:[-7.405470517390405e-17f,6.657373436019883e-17f,1f,-2.3554390574256002e-17f,0.6685457370380175f,0.7436710277322185f,0f,-0.982288338521959f,-0.7436710277322185f,0.6685457370380175f,-9.957992501029599e-17f,-0.236537540792691f,0f,0f,0f,1f],start_interpolation:0}
execute if entity @s[tag=aj.seahorse.bone.bone4] run data modify entity @s {} merge value {transformation:[1.3953367775962688e-17f,9.859748978936987e-17f,1f,-3.0629655928270295e-17f,0.9901342040494152f,-0.1401222964821473f,0f,-0.7804032349681947f,0.1401222964821473f,0.9901342040494152f,-9.957992501029599e-17f,-0.3075886623242924f,0f,0f,0f,1f],start_interpolation:0}
execute if entity @s[tag=aj.seahorse.bone.bone3] run data modify entity @s {} merge value {transformation:[-7.019587530055696e-17f,7.063073379092723e-17f,1f,-2.4186826584957807e-17f,0.7092868746750354f,0.7049199453936034f,0f,-0.5952221634305855f,-0.7049199453936034f,0.7092868746750354f,-9.957992501029599e-17f,-0.24288858002711922f,0f,0f,0f,1f],start_interpolation:0}
execute if entity @s[tag=aj.seahorse.bone.bone2] run data modify entity @s {} merge value {transformation:[-9.859212481254197e-17f,1.3991225464708858e-17f,1f,-1.5478693968607617e-17f,0.14050247038509264f,0.9900803279611641f,0f,-0.387285f,-0.9900803279611641f,0.14050247038509264f,-9.957992501029599e-17f,-0.15543990384615383f,0f,0f,0f,1f],start_interpolation:0}