execute if entity @s[tag=aj.seahorse.locator_origin.head] at @s on origin run tp @s ^0 ^0.0625 ^0.25 ~90 ~0
execute if entity @s[tag=aj.seahorse.locator_origin.ear] at @s on origin run tp @s ^0 ^0.9375 ^0.1875 ~90 ~0
execute if entity @s[tag=aj.seahorse.locator_origin.horn] at @s on origin run tp @s ^0 ^0.9375 ^0.1875 ~90 ~0
execute if entity @s[tag=aj.seahorse.locator_origin.fin] at @s on origin run tp @s ^0 ^-0.125 ^-0.0625 ~90 ~0
execute if entity @s[tag=aj.seahorse.bone.bone6] run data modify entity @s {} merge value {transformation:[1.7058097621107276e-17f,-9.81080158325758e-17f,1f,1.5915003846039595e-17f,-0.9852188161663308f,-0.17130056705047308f,0f,-0.8339572763865927f,0.17130056705047308f,-0.9852188161663308f,-9.957992501029599e-17f,0.1598214082245401f,0f,0f,0f,1f],start_interpolation:0}
execute if entity @s[tag=aj.seahorse.bone.bone5] run data modify entity @s {} merge value {transformation:[-9.87587025083104e-17f,-1.2762450545691314e-17f,1f,-1.6747642489681213e-18f,-0.12816288568576212f,0.9917531319500323f,0f,-0.9240293677371324f,-0.9917531319500323f,-0.12816288568576212f,-9.957992501029599e-17f,-0.016818291927765044f,0f,0f,0f,1f],start_interpolation:0}
execute if entity @s[tag=aj.seahorse.bone.bone4] run data modify entity @s {} merge value {transformation:[-7.024562163673206e-17f,7.058125888594827e-17f,1f,-2.1966712534966398e-17f,0.7087900385409065f,0.7054195072899391f,0f,-0.806836281213952f,-0.7054195072899391f,0.7087900385409065f,-9.957992501029599e-17f,-0.22059378466789528f,0f,0f,0f,1f],start_interpolation:0}
execute if entity @s[tag=aj.seahorse.bone.bone3] run data modify entity @s {} merge value {transformation:[-8.850484321467445e-17f,4.56404885228244e-17f,1f,-2.4905429959026528e-17f,0.45833021583522415f,0.8887819829701977f,0f,-0.5938148628600798f,-0.8887819829701977f,0.45833021583522415f,-9.957992501029599e-17f,-0.25010492784013894f,0f,0f,0f,1f],start_interpolation:0}
execute if entity @s[tag=aj.seahorse.bone.bone2] run data modify entity @s {} merge value {transformation:[-9.842096509544248e-17f,1.51484353891042e-17f,1f,-1.5718068788343908e-17f,0.1521233861899167f,0.9883615104677607f,0f,-0.387285f,-0.9883615104677607f,0.1521233861899167f,-9.957992501029599e-17f,-0.15784375f,0f,0f,0f,1f],start_interpolation:0}