execute if entity @s[tag=aj.seahorse.locator_origin.head] at @s on origin run tp @s ^0 ^0.0625 ^0.25 ~90 ~0
execute if entity @s[tag=aj.seahorse.locator_origin.ear] at @s on origin run tp @s ^0 ^0.9375 ^0.1875 ~90 ~0
execute if entity @s[tag=aj.seahorse.locator_origin.horn] at @s on origin run tp @s ^0 ^0.9375 ^0.1875 ~90 ~0
execute if entity @s[tag=aj.seahorse.locator_origin.fin] at @s on origin run tp @s ^0 ^-0.125 ^-0.0625 ~90 ~0
execute if entity @s[tag=aj.seahorse.bone.bone6] run data modify entity @s {} merge value {transformation:[6.989972041293094e-17f,-7.092383626997525e-17f,1f,2.133103279549625e-17f,-0.7122302639075309f,-0.7019459033103682f,0f,-0.6101940773249075f,0.7019459033103682f,-0.7122302639075309f,-9.957992501029599e-17f,0.21421017131003806f,0f,0f,0f,1f],start_interpolation:0}
execute if entity @s[tag=aj.seahorse.bone.bone5] run data modify entity @s {} merge value {transformation:[-7.390531547470195e-17f,-6.673953707991203e-17f,1f,1.8686518382002144e-17f,-0.6702107585741961f,0.7421708287796016f,0f,-0.7661409402814015f,-0.7421708287796016f,-0.6702107585741961f,-9.957992501029599e-17f,0.18765346911106898f,0f,0f,0f,1f],start_interpolation:0}
execute if entity @s[tag=aj.seahorse.bone.bone4] run data modify entity @s {} merge value {transformation:[-9.172029811806206e-17f,3.877561576803124e-17f,1f,-2.857197849855087e-18f,0.389391895645855f,0.9210721750250236f,0f,-0.7756628647088927f,-0.9210721750250236f,0.389391895645855f,-9.957992501029599e-17f,-0.028692508550891865f,0f,0f,0f,1f],start_interpolation:0}
execute if entity @s[tag=aj.seahorse.bone.bone3] run data modify entity @s {} merge value {transformation:[-9.793874013155883e-17f,1.8004572932984574e-17f,1f,-1.5446153355612666e-17f,0.18080524695236522f,0.9835189183104178f,0f,-0.60544625f,-0.9835189183104178f,0.18080524695236522f,-9.957992501029599e-17f,-0.155113125f,0f,0f,0f,1f],start_interpolation:0}