execute if entity @s[tag=aj.seahorse.locator_origin.head] at @s on origin run tp @s ^0 ^0.0625 ^0.25 ~90 ~0
execute if entity @s[tag=aj.seahorse.locator_origin.ear] at @s on origin run tp @s ^0 ^0.9375 ^0.1875 ~90 ~0
execute if entity @s[tag=aj.seahorse.locator_origin.horn] at @s on origin run tp @s ^0 ^0.9375 ^0.1875 ~90 ~0
execute if entity @s[tag=aj.seahorse.locator_origin.fin] at @s on origin run tp @s ^0 ^-0.125 ^-0.0625 ~90 ~0
execute if entity @s[tag=aj.seahorse.bone.bone6] run data modify entity @s {} merge value {transformation:[7.117752941554136e-17f,-6.96413725550833e-17f,1f,2.1299202965686336e-17f,-0.699351526403367f,-0.7147778973340462f,0f,-0.5987673706941967f,0.7147778973340462f,-0.699351526403367f,-9.957992501029599e-17f,0.21389053027991456f,0f,0f,0f,1f],start_interpolation:0}
execute if entity @s[tag=aj.seahorse.bone.bone5] run data modify entity @s {} merge value {transformation:[-7.267980962695967e-17f,-6.807207017305312e-17f,1f,1.89374384379269e-17f,-0.6835923020228712f,0.7298640726978356f,0f,-0.7551712495936256f,-0.7298640726978356f,-0.6835923020228712f,-9.957992501029599e-17f,0.1901732546591984f,0f,0f,0f,1f],start_interpolation:0}
execute if entity @s[tag=aj.seahorse.bone.bone4] run data modify entity @s {} merge value {transformation:[-9.319744200318606e-17f,3.507703335686959e-17f,1f,-2.551132725218698e-18f,0.3522500479212334f,0.9359059267573256f,0f,-0.7733364694919536f,-0.9359059267573256f,0.3522500479212334f,-9.957992501029599e-17f,-0.025618946037114704f,0f,0f,0f,1f],start_interpolation:0}
execute if entity @s[tag=aj.seahorse.bone.bone3] run data modify entity @s {} merge value {transformation:[-9.824986902092081e-17f,1.622111902514981e-17f,1f,-1.5446153355612666e-17f,0.1628954733945887f,0.986643332084879f,0f,-0.60544625f,-0.986643332084879f,0.1628954733945887f,-9.957992501029599e-17f,-0.155113125f,0f,0f,0f,1f],start_interpolation:0}