execute if entity @s[tag=aj.seahorse.locator_origin.head] at @s on origin run tp @s ^0 ^0.0625 ^0.25 ~90 ~0
execute if entity @s[tag=aj.seahorse.locator_origin.ear] at @s on origin run tp @s ^0 ^0.9375 ^0.1875 ~90 ~0
execute if entity @s[tag=aj.seahorse.locator_origin.horn] at @s on origin run tp @s ^0 ^0.9375 ^0.1875 ~90 ~0
execute if entity @s[tag=aj.seahorse.locator_origin.fin] at @s on origin run tp @s ^0 ^-0.125 ^-0.0625 ~90 ~0
execute if entity @s[tag=aj.seahorse.bone.bone6] run data modify entity @s {} merge value {transformation:[7.83361128449978e-17f,-6.14785726037287e-17f,1f,2.028727879947343e-17f,-0.6173791815707048f,-0.786665714368617f,0f,-0.5312492633427522f,0.786665714368617f,-0.6173791815707048f,-9.957992501029599e-17f,0.20372860089396372f,0f,0f,0f,1f],start_interpolation:0}
execute if entity @s[tag=aj.seahorse.bone.bone5] run data modify entity @s {} merge value {transformation:[-6.48370318760269e-17f,-7.557989655036082e-17f,1f,1.9635119250816904e-17f,-0.7589872812471619f,0.6511054499119489f,0f,-0.6893055561621158f,-0.6511054499119489f,-0.7589872812471619f,-9.957992501029599e-17f,0.19717949424833112f,0f,0f,0f,1f],start_interpolation:0}
execute if entity @s[tag=aj.seahorse.bone.bone4] run data modify entity @s {} merge value {transformation:[-9.886391219025863e-17f,1.1920081018726477e-17f,1f,-8.076860127461185e-19f,0.11970365530496241f,0.9928096670090549f,0f,-0.7582409602363025f,-0.9928096670090549f,0.11970365530496241f,-9.957992501029599e-17f,-0.008110932124749115f,0f,0f,0f,1f],start_interpolation:0}
execute if entity @s[tag=aj.seahorse.bone.bone3] run data modify entity @s {} merge value {transformation:[-9.943184756462887e-17f,5.4285499850863214e-18f,1f,-1.5446153355612666e-17f,0.05451450163800626f,0.9985129789397631f,0f,-0.60544625f,-0.9985129789397631f,0.05451450163800626f,-9.957992501029599e-17f,-0.155113125f,0f,0f,0f,1f],start_interpolation:0}