execute if entity @s[tag=aj.seahorse.locator_origin.head] at @s on origin run tp @s ^0 ^0.0625 ^0.25 ~90 ~0
execute if entity @s[tag=aj.seahorse.locator_origin.ear] at @s on origin run tp @s ^0 ^0.9375 ^0.1875 ~90 ~0
execute if entity @s[tag=aj.seahorse.locator_origin.horn] at @s on origin run tp @s ^0 ^0.9375 ^0.1875 ~90 ~0
execute if entity @s[tag=aj.seahorse.locator_origin.fin] at @s on origin run tp @s ^0 ^-0.125 ^-0.0625 ~90 ~0
execute if entity @s[tag=aj.seahorse.bone.bone6] run data modify entity @s {} merge value {transformation:[-5.855828740398706e-17f,8.054246359137657e-17f,1f,-5.428683880667545e-17f,0.8088222960907931f,0.5880531381996168f,0f,-1.159792267401611f,-0.5880531381996168f,0.8088222960907931f,-9.957992501029599e-17f,-0.5451584624216428f,0f,0f,0f,1f],start_interpolation:0}
execute if entity @s[tag=aj.seahorse.bone.bone5] run data modify entity @s {} merge value {transformation:[2.0524203830117773e-17f,9.744187253022158e-17f,1f,-5.755069876115648e-17f,0.9785292820831777f,-0.20610784581325697f,0f,-0.9109674965398229f,0.20610784581325697f,0.9785292820831777f,-9.957992501029599e-17f,-0.5779347469402701f,0f,0f,0f,1f],start_interpolation:0}
execute if entity @s[tag=aj.seahorse.bone.bone4] run data modify entity @s {} merge value {transformation:[7.445916822224176e-17f,6.612105362672373e-17f,1f,-4.70893165921696e-17f,0.6639998334994449f,-0.7477327203705277f,0f,-0.7127857093819269f,0.7477327203705277f,0.6639998334994449f,-9.957992501029599e-17f,-0.4728796149153641f,0f,0f,0f,1f],start_interpolation:0}
execute if entity @s[tag=aj.seahorse.bone.bone3] run data modify entity @s {} merge value {transformation:[-4.1335669419933813e-17f,9.059538563669852e-17f,1f,-3.126167731728208e-17f,0.9097755961086684f,0.4151004272764812f,0f,-0.5773960449826943f,-0.4151004272764812f,0.9097755961086684f,-9.957992501029599e-17f,-0.31393553785112616f,0f,0f,0f,1f],start_interpolation:0}
execute if entity @s[tag=aj.seahorse.bone.bone2] run data modify entity @s {} merge value {transformation:[-9.627278455927483e-17f,2.5450194857007028e-17f,1f,-1.7872442165970503e-17f,0.2555755575672067f,0.9667890847409333f,0f,-0.387285f,-0.9667890847409333f,0.2555755575672067f,-9.957992501029599e-17f,-0.17947836538461537f,0f,0f,0f,1f],start_interpolation:0}