execute if entity @s[tag=aj.seahorse.locator_origin.head] at @s on origin run tp @s ^0 ^0.0625 ^0.25 ~90 ~0
execute if entity @s[tag=aj.seahorse.locator_origin.ear] at @s on origin run tp @s ^0 ^0.9375 ^0.1875 ~90 ~0
execute if entity @s[tag=aj.seahorse.locator_origin.horn] at @s on origin run tp @s ^0 ^0.9375 ^0.1875 ~90 ~0
execute if entity @s[tag=aj.seahorse.locator_origin.fin] at @s on origin run tp @s ^0 ^-0.125 ^-0.0625 ~90 ~0
execute if entity @s[tag=aj.seahorse.bone.bone6] run data modify entity @s {} merge value {transformation:[7.498599530577249e-17f,-6.552298812675469e-17f,1f,1.8749064420244006e-17f,-0.6579939492822471f,-0.7530232152516622f,0f,-0.5492320116778586f,0.7530232152516622f,-0.6579939492822471f,-9.957992501029599e-17f,0.18828156797974546f,0f,0f,0f,1f],start_interpolation:0}
execute if entity @s[tag=aj.seahorse.bone.bone5] run data modify entity @s {} merge value {transformation:[-6.873146793698121e-17f,-7.205655265334233e-17f,1f,1.464903913989258e-17f,-0.7236052110492361f,0.6902140961632052f,0f,-0.716185679816446f,-0.6902140961632052f,-0.7236052110492361f,-9.957992501029599e-17f,0.14710835681366452f,0f,0f,0f,1f],start_interpolation:0}
execute if entity @s[tag=aj.seahorse.bone.bone4] run data modify entity @s {} merge value {transformation:[-9.900737337658415e-17f,1.0663089708233157e-17f,1f,-6.809207822269219e-18f,0.10708071639068473f,0.994250330740331f,0f,-0.7739570208290535f,-0.994250330740331f,0.10708071639068473f,-9.957992501029599e-17f,-0.06837932265529612f,0f,0f,0f,1f],start_interpolation:0}
execute if entity @s[tag=aj.seahorse.bone.bone3] run data modify entity @s {} merge value {transformation:[-9.900737337658415e-17f,1.0663089708233157e-17f,1f,-1.925428051228126e-17f,0.10708071639068473f,0.994250330740331f,0f,-0.6025351623558299f,-0.994250330740331f,0.10708071639068473f,-9.957992501029599e-17f,-0.19335504129261477f,0f,0f,0f,1f],start_interpolation:0}
execute if entity @s[tag=aj.seahorse.bone.bone2] run data modify entity @s {} merge value {transformation:[-9.93941883770164e-17f,6.079208988869136e-18f,1f,-1.3850945194400859e-17f,0.06104853953485686f,0.9981347984218669f,0f,-0.387285f,-0.9981347984218669f,0.06104853953485686f,-9.957992501029599e-17f,-0.13909375000000002f,0f,0f,0f,1f],start_interpolation:0}