execute if entity @s[tag=aj.seahorse.locator_origin.head] at @s on origin run tp @s ^0 ^0.0625 ^0.25 ~90 ~0
execute if entity @s[tag=aj.seahorse.locator_origin.ear] at @s on origin run tp @s ^0 ^0.9375 ^0.1875 ~90 ~0
execute if entity @s[tag=aj.seahorse.locator_origin.horn] at @s on origin run tp @s ^0 ^0.9375 ^0.1875 ~90 ~0
execute if entity @s[tag=aj.seahorse.locator_origin.fin] at @s on origin run tp @s ^0 ^-0.125 ^-0.0625 ~90 ~0
execute if entity @s[tag=aj.seahorse.bone.bone6] run data modify entity @s {} merge value {transformation:[-9.734788521573823e-17f,-2.0965464675976778e-17f,1f,-1.145166183523835e-17f,-0.21053906873106265f,0.9775854441110797f,0f,-1.1742619540808867f,-0.9775854441110797f,-0.21053906873106265f,-9.957992501029599e-17f,-0.11499970334436713f,0f,0f,0f,1f],start_interpolation:0}
execute if entity @s[tag=aj.seahorse.bone.bone5] run data modify entity @s {} merge value {transformation:[-6.052623052107695e-17f,7.907424918369842e-17f,1f,-2.8682956375723624e-17f,0.7940782158203331f,0.6078155864730654f,0f,-1.0322097488987836f,-0.6078155864730654f,0.7940782158203331f,-9.957992501029599e-17f,-0.2880395458498084f,0f,0f,0f,1f],start_interpolation:0}
execute if entity @s[tag=aj.seahorse.bone.bone4] run data modify entity @s {} merge value {transformation:[-8.560741952054787e-18f,9.921126529929201e-17f,1f,-3.533588501955262e-17f,0.9962978510883005f,0.08596855190611602f,0f,-0.794636270149822f,-0.08596855190611602f,0.9962978510883005f,-9.957992501029599e-17f,-0.3548494841294477f,0f,0f,0f,1f],start_interpolation:0}
execute if entity @s[tag=aj.seahorse.bone.bone3] run data modify entity @s {} merge value {transformation:[-7.054905563899839e-17f,7.027796392541321e-17f,1f,-2.951875973565154e-17f,0.7057442945267018f,0.7084666475868908f,0f,-0.582626946216555f,-0.7084666475868908f,0.7057442945267018f,-9.957992501029599e-17f,-0.29643283756841016f,0f,0f,0f,1f],start_interpolation:0}
execute if entity @s[tag=aj.seahorse.bone.bone2] run data modify entity @s {} merge value {transformation:[-9.697859656569047e-17f,2.261223724458113e-17f,1f,-1.7274005116629783e-17f,0.2270762630343732f,0.9738769792773336f,0f,-0.387285f,-0.9738769792773336f,0.2270762630343732f,-9.957992501029599e-17f,-0.17346875f,0f,0f,0f,1f],start_interpolation:0}