execute if entity @s[tag=aj.seahorse.locator_origin.head] at @s on origin run tp @s ^0 ^0.0625 ^0.25 ~90 ~0
execute if entity @s[tag=aj.seahorse.locator_origin.ear] at @s on origin run tp @s ^0 ^0.9375 ^0.1875 ~90 ~0
execute if entity @s[tag=aj.seahorse.locator_origin.horn] at @s on origin run tp @s ^0 ^0.9375 ^0.1875 ~90 ~0
execute if entity @s[tag=aj.seahorse.locator_origin.fin] at @s on origin run tp @s ^0 ^-0.125 ^-0.0625 ~90 ~0
execute if entity @s[tag=aj.seahorse.bone.bone6] run data modify entity @s {} merge value {transformation:[-5.068223413375249e-17f,-8.57173996821396e-17f,1f,1.855851489806592e-17f,-0.8607899601579024f,0.5089603565027012f,0f,-0.8574162109894268f,-0.5089603565027012f,-0.8607899601579024f,-9.957992501029599e-17f,0.18636803448232242f,0f,0f,0f,1f],start_interpolation:0}
execute if entity @s[tag=aj.seahorse.bone.bone5] run data modify entity @s {} merge value {transformation:[-9.95654344440561e-17f,1.6987433657080246e-18f,1f,2.238084784503816e-19f,0.01705909464716293f,0.9998544830573192f,0f,-0.9281190524142785f,-0.9998544830573192f,0.01705909464716293f,-9.957992501029599e-17f,0.002247526079450668f,0f,0f,0f,1f],start_interpolation:0}
execute if entity @s[tag=aj.seahorse.bone.bone4] run data modify entity @s {} merge value {transformation:[-4.5552613808687374e-17f,8.855010355867889e-17f,1f,-1.7041882194313964e-17f,0.8892364957045642f,0.45744776172484064f,0f,-0.8005542214442087f,-0.45744776172484064f,0.8892364957045642f,-9.957992501029599e-17f,-0.17113772873952188f,0f,0f,0f,1f],start_interpolation:0}
execute if entity @s[tag=aj.seahorse.bone.bone3] run data modify entity @s {} merge value {transformation:[-8.723033049118236e-17f,4.803156157627266e-17f,1f,-1.9838003905843186e-17f,0.48234181308437896f,0.8759830907902698f,0f,-0.6018802859200952f,-0.8759830907902698f,0.48234181308437896f,-9.957992501029599e-17f,-0.1992168994281935f,0f,0f,0f,1f],start_interpolation:0}
execute if entity @s[tag=aj.seahorse.bone.bone2] run data modify entity @s {} merge value {transformation:[-9.933266799118718e-17f,7.013026080712243e-18f,1f,-1.4042445050189888e-17f,0.07042610325311187f,0.9975169993441626f,0f,-0.387285f,-0.9975169993441626f,0.07042610325311187f,-9.957992501029599e-17f,-0.14101682692307693f,0f,0f,0f,1f],start_interpolation:0}