execute if entity @s[tag=aj.seahorse.locator_origin.head] at @s on origin run tp @s ^0 ^0.0625 ^0.25 ~90 ~0
execute if entity @s[tag=aj.seahorse.locator_origin.ear] at @s on origin run tp @s ^0 ^0.9375 ^0.1875 ~90 ~0
execute if entity @s[tag=aj.seahorse.locator_origin.horn] at @s on origin run tp @s ^0 ^0.9375 ^0.1875 ~90 ~0
execute if entity @s[tag=aj.seahorse.locator_origin.fin] at @s on origin run tp @s ^0 ^-0.125 ^-0.0625 ~90 ~0
execute if entity @s[tag=aj.seahorse.bone.bone6] run data modify entity @s {} merge value {transformation:[7.604940208443829e-17f,-6.428568975795158e-17f,1f,2.0779387938772578e-17f,-0.6455687705258346f,-0.7637021425410315f,0f,-0.5534597842798928f,0.7637021425410315f,-0.6455687705258346f,-9.957992501029599e-17f,0.20867045176649923f,0f,0f,0f,1f],start_interpolation:0}
execute if entity @s[tag=aj.seahorse.bone.bone5] run data modify entity @s {} merge value {transformation:[-6.754173235426789e-17f,-7.317291750122182e-17f,1f,1.955549086945859e-17f,-0.7348159530513421f,0.6782665516898558f,0f,-0.7111735238167071f,-0.6782665516898558f,-0.7348159530513421f,-9.957992501029599e-17f,0.19637985133486158f,0f,0f,0f,1f],start_interpolation:0}
execute if entity @s[tag=aj.seahorse.bone.bone4] run data modify entity @s {} merge value {transformation:[-9.759524033879619e-17f,1.9782075934258774e-17f,1f,-1.370483384727403e-18f,0.19865526040729012f,0.9800694299448952f,0f,-0.7634839373928434f,-0.9800694299448952f,0.19865526040729012f,-9.957992501029599e-17f,-0.013762647286445578f,0f,0f,0f,1f],start_interpolation:0}
execute if entity @s[tag=aj.seahorse.bone.bone3] run data modify entity @s {} merge value {transformation:[-9.916878002415797e-17f,9.039609149534018e-18f,1f,-1.5446153355612666e-17f,0.09077742475302501f,0.9958712061081035f,0f,-0.60544625f,-0.9958712061081035f,0.09077742475302501f,-9.957992501029599e-17f,-0.155113125f,0f,0f,0f,1f],start_interpolation:0}