execute if entity @s[tag=aj.seahorse.locator_origin.head] at @s on origin run tp @s ^0 ^0.0625 ^0.25 ~90 ~0
execute if entity @s[tag=aj.seahorse.locator_origin.ear] at @s on origin run tp @s ^0 ^0.9375 ^0.1875 ~90 ~0
execute if entity @s[tag=aj.seahorse.locator_origin.horn] at @s on origin run tp @s ^0 ^0.9375 ^0.1875 ~90 ~0
execute if entity @s[tag=aj.seahorse.locator_origin.fin] at @s on origin run tp @s ^0 ^-0.125 ^-0.0625 ~90 ~0
execute if entity @s[tag=aj.seahorse.bone.bone6] run data modify entity @s {} merge value {transformation:[-4.4324661994763276e-17f,8.917110408706491e-17f,1f,-5.479574169412888e-17f,0.8954726977133707f,0.44511644279889095f,0f,-1.2466593564691562f,-0.44511644279889095f,0.8954726977133707f,-9.957992501029599e-17f,-0.5502689592150558f,0f,0f,0f,1f],start_interpolation:0}
execute if entity @s[tag=aj.seahorse.bone.bone5] run data modify entity @s {} merge value {transformation:[1.817033519310637e-17f,9.79081221555512e-17f,1f,-5.415665835471056e-17f,0.9832114469400137f,-0.18246986218585376f,0f,-1.000724647348582f,0.18246986218585376f,0.9832114469400137f,-9.957992501029599e-17f,-0.5438511662778523f,0f,0f,0f,1f],start_interpolation:0}
execute if entity @s[tag=aj.seahorse.bone.bone4] run data modify entity @s {} merge value {transformation:[4.522948503564309e-17f,8.871558571337234e-17f,1f,-4.5610247922352e-17f,0.8908982980676039f,-0.45420284290198665f,0f,-0.7583224466033031f,0.45420284290198665f,0.8908982980676039f,-9.957992501029599e-17f,-0.4580265341396488f,0f,0f,0f,1f],start_interpolation:0}
execute if entity @s[tag=aj.seahorse.bone.bone3] run data modify entity @s {} merge value {transformation:[-5.132031131068605e-17f,8.533690357653272e-17f,1f,-3.3120910226420526e-17f,0.8569689479853431f,0.5153680453703878f,0f,-0.5711794850576373f,-0.5153680453703878f,0.8569689479853431f,-9.957992501029599e-17f,-0.3326062981368586f,0f,0f,0f,1f],start_interpolation:0}
execute if entity @s[tag=aj.seahorse.bone.bone2] run data modify entity @s {} merge value {transformation:[-9.541726787493364e-17f,2.84904625504629e-17f,1f,-1.8518754179258482e-17f,0.2861064873017042f,0.9581978281773966f,0f,-0.387285f,-0.9581978281773966f,0.2861064873017042f,-9.957992501029599e-17f,-0.18596875000000002f,0f,0f,0f,1f],start_interpolation:0}