execute if entity @s[tag=aj.seahorse.locator_origin.head] at @s on origin run tp @s ^0 ^0.0625 ^0.25 ~90 ~0
execute if entity @s[tag=aj.seahorse.locator_origin.ear] at @s on origin run tp @s ^0 ^0.9375 ^0.1875 ~90 ~0
execute if entity @s[tag=aj.seahorse.locator_origin.horn] at @s on origin run tp @s ^0 ^0.9375 ^0.1875 ~90 ~0
execute if entity @s[tag=aj.seahorse.locator_origin.fin] at @s on origin run tp @s ^0 ^-0.125 ^-0.0625 ~90 ~0
execute if entity @s[tag=aj.seahorse.bone.bone6] run data modify entity @s {} merge value {transformation:[-1.08059455582091e-17f,-9.899188353420293e-17f,1f,2.1107141881125418e-17f,-0.9940947788820662f,0.10851530122252878f,0f,-0.773382107278571f,-0.10851530122252878f,-0.9940947788820662f,-9.957992501029599e-17f,0.21196181739384787f,0f,0f,0f,1f],start_interpolation:0}
execute if entity @s[tag=aj.seahorse.bone.bone5] run data modify entity @s {} merge value {transformation:[-9.715064699764553e-17f,-2.1861227161233243e-17f,1f,7.028897470211634e-18f,-0.21953448106104645f,0.9756047414938374f,0f,-0.8891115323464592f,-0.9756047414938374f,-0.21953448106104645f,-9.957992501029599e-17f,0.07058548667801154f,0f,0f,0f,1f],start_interpolation:0}
execute if entity @s[tag=aj.seahorse.bone.bone4] run data modify entity @s {} merge value {transformation:[-6.264294635616181e-17f,7.740815678515544e-17f,1f,-1.2449421439294875e-17f,0.7773470082162834f,0.6290720378598889f,0f,-0.7982409930250454f,-0.6290720378598889f,0.7773470082162834f,-9.957992501029599e-17f,-0.12501938958085856f,0f,0f,0f,1f],start_interpolation:0}
execute if entity @s[tag=aj.seahorse.bone.bone3] run data modify entity @s {} merge value {transformation:[-9.139524553415532e-17f,3.95356871548685e-17f,1f,-1.837741001817911e-17f,0.39702467290250265f,0.9178079369381488f,0f,-0.603414162475765f,-0.9178079369381488f,0.39702467290250265f,-9.957992501029599e-17f,-0.18454934582727384f,0f,0f,0f,1f],start_interpolation:0}
execute if entity @s[tag=aj.seahorse.bone.bone2] run data modify entity @s {} merge value {transformation:[-9.94700077219284e-17f,4.67750241642642e-18f,1f,-1.3563695410717311e-17f,0.046972343230252414f,0.9988961902877893f,0f,-0.387285f,-0.9988961902877893f,0.046972343230252414f,-9.957992501029599e-17f,-0.1362091346153846f,0f,0f,0f,1f],start_interpolation:0}