execute if entity @s[tag=aj.seahorse.locator_origin.head] at @s on origin run tp @s ^0 ^0.0625 ^0.25 ~90 ~0
execute if entity @s[tag=aj.seahorse.locator_origin.ear] at @s on origin run tp @s ^0 ^0.9375 ^0.1875 ~90 ~0
execute if entity @s[tag=aj.seahorse.locator_origin.horn] at @s on origin run tp @s ^0 ^0.9375 ^0.1875 ~90 ~0
execute if entity @s[tag=aj.seahorse.locator_origin.fin] at @s on origin run tp @s ^0 ^-0.125 ^-0.0625 ~90 ~0
execute if entity @s[tag=aj.seahorse.bone.bone6] run data modify entity @s {} merge value {transformation:[-7.78130170746077e-17f,6.213932602469214e-17f,1f,-2.5538085309657313e-17f,0.6240145894693865f,0.7814126900232381f,0f,-1.1704613587106478f,-0.7814126900232381f,0.6240145894693865f,-9.957992501029599e-17f,-0.25645816972664737f,0f,0f,0f,1f],start_interpolation:0}
execute if entity @s[tag=aj.seahorse.bone.bone5] run data modify entity @s {} merge value {transformation:[-3.524251599373614e-17f,9.313499090829088e-17f,1f,-4.030038887102475e-17f,0.9352787813272732f,0.35391185512634477f,0f,-0.95830258108378f,-0.35391185512634477f,0.9352787813272732f,-9.957992501029599e-17f,-0.4047039487814227f,0f,0f,0f,1f],start_interpolation:0}
execute if entity @s[tag=aj.seahorse.bone.bone4] run data modify entity @s {} merge value {transformation:[5.213884505500171e-17f,8.48392733431086e-17f,1f,-3.902254083385937e-17f,0.8519716532658235f,-0.5235879124192034f,0f,-0.7454508775095503f,0.5235879124192034f,0.8519716532658235f,-9.957992501029599e-17f,-0.3918715627655339f,0f,0f,0f,1f],start_interpolation:0}
execute if entity @s[tag=aj.seahorse.bone.bone3] run data modify entity @s {} merge value {transformation:[-5.558459455697435e-17f,8.262272274013335e-17f,1f,-2.7047975877177302e-17f,0.8297126426997272f,0.5581907653698999f,0f,-0.589088300220302f,-0.5581907653698999f,0.8297126426997272f,-9.957992501029599e-17f,-0.27162076969209104f,0f,0f,0f,1f],start_interpolation:0}
execute if entity @s[tag=aj.seahorse.bone.bone2] run data modify entity @s {} merge value {transformation:[-9.782609722288625e-17f,1.8606884940649802e-17f,1f,-1.6436193247552774e-17f,0.18685377538420478f,0.9823877374156648f,0f,-0.387285f,-0.9823877374156648f,0.18685377538420478f,-9.957992501029599e-17f,-0.16505528846153847f,0f,0f,0f,1f],start_interpolation:0}