execute if entity @s[tag=aj.seahorse.locator_origin.head] at @s on origin run tp @s ^0 ^0.0625 ^0.25 ~90 ~0
execute if entity @s[tag=aj.seahorse.locator_origin.ear] at @s on origin run tp @s ^0 ^0.9375 ^0.1875 ~90 ~0
execute if entity @s[tag=aj.seahorse.locator_origin.horn] at @s on origin run tp @s ^0 ^0.9375 ^0.1875 ~90 ~0
execute if entity @s[tag=aj.seahorse.locator_origin.fin] at @s on origin run tp @s ^0 ^-0.125 ^-0.0625 ~90 ~0
execute if entity @s[tag=aj.seahorse.bone.bone6] run data modify entity @s {} merge value {transformation:[-9.785635420579504e-17f,-1.8447097511699678e-17f,1f,6.944374758376847e-18f,-0.18524916050893148f,0.9826915836266924f,0f,-1.0301080054134022f,-0.9826915836266924f,-0.18524916050893148f,-9.957992501029599e-17f,0.06973669399388319f,0f,0f,0f,1f],start_interpolation:0}
execute if entity @s[tag=aj.seahorse.bone.bone5] run data modify entity @s {} merge value {transformation:[-8.768135459884857e-17f,4.720319396785722e-17f,1f,-1.524697748843132e-17f,0.47402319255589603f,0.8805123581864801f,0f,-0.9757375557563264f,-0.8805123581864801f,0.47402319255589603f,-9.957992501029599e-17f,-0.15311296415271325f,0f,0f,0f,1f],start_interpolation:0}
execute if entity @s[tag=aj.seahorse.bone.bone4] run data modify entity @s {} merge value {transformation:[-6.433460139048771e-18f,9.937188765287417e-17f,1f,-2.6183721831017627e-17f,0.9979108504309447f,0.06460599501740516f,0f,-0.791573408651014f,-0.06460599501740516f,0.9979108504309447f,-9.957992501029599e-17f,-0.2629417709273268f,0f,0f,0f,1f],start_interpolation:0}
execute if entity @s[tag=aj.seahorse.bone.bone3] run data modify entity @s {} merge value {transformation:[-7.658257965872515e-17f,6.364958725609453e-17f,1f,-2.274377601061318e-17f,0.6391809117100012f,0.7690564102233151f,0f,-0.5977826574976858f,-0.7690564102233151f,0.6391809117100012f,-9.957992501029599e-17f,-0.22839719961891522f,0f,0f,0f,1f],start_interpolation:0}
execute if entity @s[tag=aj.seahorse.bone.bone2] run data modify entity @s {} merge value {transformation:[-9.889360535937278e-17f,1.1671173209271128e-17f,1f,-1.4999944329135043e-17f,0.11720407710755353f,0.9931078512978169f,0f,-0.387285f,-0.9931078512978169f,0.11720407710755353f,-9.957992501029599e-17f,-0.15063221153846154f,0f,0f,0f,1f],start_interpolation:0}