execute if entity @s[tag=aj.seahorse.locator_origin.head] at @s on origin run tp @s ^0 ^0.0625 ^0.25 ~90 ~0
execute if entity @s[tag=aj.seahorse.locator_origin.ear] at @s on origin run tp @s ^0 ^0.9375 ^0.1875 ~90 ~0
execute if entity @s[tag=aj.seahorse.locator_origin.horn] at @s on origin run tp @s ^0 ^0.9375 ^0.1875 ~90 ~0
execute if entity @s[tag=aj.seahorse.locator_origin.fin] at @s on origin run tp @s ^0 ^-0.125 ^-0.0625 ~90 ~0
execute if entity @s[tag=aj.seahorse.bone.bone6] run data modify entity @s {} merge value {transformation:[-7.085659636825665e-17f,6.996787988900429e-17f,1f,-4.307514210029676e-17f,0.7026303733585861f,0.7115550283948343f,0f,-1.2551592162722531f,-0.7115550283948343f,0.7026303733585861f,-9.957992501029599e-17f,-0.4325685332243726f,0f,0f,0f,1f],start_interpolation:0}
execute if entity @s[tag=aj.seahorse.bone.bone5] run data modify entity @s {} merge value {transformation:[-2.559248200756881e-18f,9.95470326715121e-17f,1f,-4.783116293818207e-17f,0.9996696890585074f,0.025700443141449147f,0f,-1.019582002286555f,-0.025700443141449147f,0.9996696890585074f,-9.957992501029599e-17f,-0.4803293729457679f,0f,0f,0f,1f],start_interpolation:0}
execute if entity @s[tag=aj.seahorse.bone.bone4] run data modify entity @s {} merge value {transformation:[3.2464929009007935e-17f,9.413920463598707e-17f,1f,-4.311699818653753e-17f,0.9453632810654718f,-0.3260188135876909f,0f,-0.7695420369152213f,0.3260188135876909f,0.9453632810654718f,-9.957992501029599e-17f,-0.4329888597734882f,0f,0f,0f,1f],start_interpolation:0}
execute if entity @s[tag=aj.seahorse.bone.bone3] run data modify entity @s {} merge value {transformation:[-5.64658648703556e-17f,8.202296976761396e-17f,1f,-3.222887012797509e-17f,0.8236898125714922f,0.5670406446331162f,0f,-0.5742456001689921f,-0.5670406446331162f,0.8236898125714922f,-9.957992501029599e-17f,-0.3236482667027798f,0f,0f,0f,1f],start_interpolation:0}
execute if entity @s[tag=aj.seahorse.bone.bone2] run data modify entity @s {} merge value {transformation:[-9.584122027182089e-17f,2.7030019642325096e-17f,1f,-1.8207566913601307e-17f,0.2714404498650742f,0.9624552364536473f,0f,-0.387285f,-0.9624552364536473f,0.2714404498650742f,-9.957992501029599e-17f,-0.18284375f,0f,0f,0f,1f],start_interpolation:0}