execute if entity @s[tag=aj.seahorse.locator_origin.head] at @s on origin run tp @s ^0 ^0.0625 ^0.25 ~90 ~0
execute if entity @s[tag=aj.seahorse.locator_origin.ear] at @s on origin run tp @s ^0 ^0.9375 ^0.1875 ~90 ~0
execute if entity @s[tag=aj.seahorse.locator_origin.horn] at @s on origin run tp @s ^0 ^0.9375 ^0.1875 ~90 ~0
execute if entity @s[tag=aj.seahorse.locator_origin.fin] at @s on origin run tp @s ^0 ^-0.125 ^-0.0625 ~90 ~0
execute if entity @s[tag=aj.seahorse.bone.bone6] run data modify entity @s {} merge value {transformation:[-6.398807272248101e-17f,-7.62999869876703e-17f,1f,3.965351057726619e-18f,-0.7662185624239155f,0.6425800452838764f,0f,-1.0539658280378383f,-0.6425800452838764f,-0.7662185624239155f,-9.957992501029599e-17f,0.039820787747295666f,0f,0f,0f,1f],start_interpolation:0}
execute if entity @s[tag=aj.seahorse.bone.bone5] run data modify entity @s {} merge value {transformation:[-8.743314902931206e-17f,4.766136712133087e-17f,1f,-1.6731880221139236e-17f,0.4786242519905791f,0.8780198320120445f,0f,-1.0059438678737669f,-0.8780198320120445f,0.4786242519905791f,-9.957992501029599e-17f,-0.16802463166556172f,0f,0f,0f,1f],start_interpolation:0}
execute if entity @s[tag=aj.seahorse.bone.bone4] run data modify entity @s {} merge value {transformation:[-3.5531106255388727e-17f,9.302527588416198e-17f,1f,-2.999736130181025e-17f,0.9341770027899069f,0.35680993183832005f,0f,-0.8039957633439206f,-0.35680993183832005f,0.9341770027899069f,-9.957992501029599e-17f,-0.3012390428965347f,0f,0f,0f,1f],start_interpolation:0}
execute if entity @s[tag=aj.seahorse.bone.bone3] run data modify entity @s {} merge value {transformation:[-7.86349899775817e-17f,6.109582486784017e-17f,1f,-2.7686485384491817e-17f,0.6135355581109668f,0.7896670937385353f,0f,-0.5875236623403327f,-0.7896670937385353f,0.6135355581109668f,-9.957992501029599e-17f,-0.2780328001013176f,0f,0f,0f,1f],start_interpolation:0}
execute if entity @s[tag=aj.seahorse.bone.bone2] run data modify entity @s {} merge value {transformation:[-9.76239089654068e-17f,1.9640108537636437e-17f,1f,-1.6651630585315433e-17f,0.19722959758812597f,0.9803573255885968f,0f,-0.387285f,-0.9803573255885968f,0.19722959758812597f,-9.957992501029599e-17f,-0.16721875f,0f,0f,0f,1f],start_interpolation:0}