execute if entity @s[tag=aj.seahorse.locator_origin.head] at @s on origin run tp @s ^0 ^0.0625 ^0.25 ~90 ~0
execute if entity @s[tag=aj.seahorse.locator_origin.ear] at @s on origin run tp @s ^0 ^0.9375 ^0.1875 ~90 ~0
execute if entity @s[tag=aj.seahorse.locator_origin.horn] at @s on origin run tp @s ^0 ^0.9375 ^0.1875 ~90 ~0
execute if entity @s[tag=aj.seahorse.locator_origin.fin] at @s on origin run tp @s ^0 ^-0.125 ^-0.0625 ~90 ~0
execute if entity @s[tag=aj.seahorse.bone.bone6] run data modify entity @s {} merge value {transformation:[-9.888418792126405e-17f,1.1750695477643603e-17f,1f,-2.1091478846795153e-17f,0.11800265441481944f,0.9930132796448681f,0f,-1.2171113719176097f,-0.9930132796448681f,0.11800265441481944f,-9.957992501029599e-17f,-0.21180452631004104f,0f,0f,0f,1f],start_interpolation:0}
execute if entity @s[tag=aj.seahorse.bone.bone5] run data modify entity @s {} merge value {transformation:[-4.2784558464409304e-17f,8.992020363667843e-17f,1f,-3.4995757451994087e-17f,0.9029952937540493f,0.42965043868014197f,0f,-1.0352332696212825f,-0.42965043868014197f,0.9029952937540493f,-9.957992501029599e-17f,-0.3514338602722961f,0f,0f,0f,1f],start_interpolation:0}
execute if entity @s[tag=aj.seahorse.bone.bone4] run data modify entity @s {} merge value {transformation:[5.306410753359779e-18f,9.943844060509397e-17f,1f,-3.7969922185949536e-17f,0.9985791874698903f,-0.05328795691311394f,0f,-0.787727553041536f,0.05328795691311394f,0.9985791874698903f,-9.957992501029599e-17f,-0.38130097187785256f,0f,0f,0f,1f],start_interpolation:0}
execute if entity @s[tag=aj.seahorse.bone.bone3] run data modify entity @s {} merge value {transformation:[-6.609843082457683e-17f,7.44792515240641e-17f,1f,-3.042751712631725e-17f,0.7479344005969413f,0.6637726511417099f,0f,-0.5799703724727281f,-0.6637726511417099f,0.7479344005969413f,-9.957992501029599e-17f,-0.3055587471387553f,0f,0f,0f,1f],start_interpolation:0}
execute if entity @s[tag=aj.seahorse.bone.bone2] run data modify entity @s {} merge value {transformation:[-9.662197566037442e-17f,2.4090564222163562e-17f,1f,-1.7585192382286958e-17f,0.24192189559966767f,0.9702957262759965f,0f,-0.387285f,-0.9702957262759965f,0.24192189559966767f,-9.957992501029599e-17f,-0.17659375f,0f,0f,0f,1f],start_interpolation:0}