execute if entity @s[tag=aj.seahorse.locator_origin.head] at @s on origin run tp @s ^0 ^0.0625 ^0.25 ~90 ~0
execute if entity @s[tag=aj.seahorse.locator_origin.ear] at @s on origin run tp @s ^0 ^0.9375 ^0.1875 ~90 ~0
execute if entity @s[tag=aj.seahorse.locator_origin.horn] at @s on origin run tp @s ^0 ^0.9375 ^0.1875 ~90 ~0
execute if entity @s[tag=aj.seahorse.locator_origin.fin] at @s on origin run tp @s ^0 ^-0.125 ^-0.0625 ~90 ~0
execute if entity @s[tag=aj.seahorse.bone.bone6] run data modify entity @s {} merge value {transformation:[-3.6915396190559116e-17f,9.248467434743026e-17f,1f,-6.058006925321156e-17f,0.9287481823054986f,0.3707112270544719f,0f,-1.1903106600608573f,-0.3707112270544719f,0.9287481823054986f,-9.957992501029599e-17f,-0.6083562449655182f,0f,0f,0f,1f],start_interpolation:0}
execute if entity @s[tag=aj.seahorse.bone.bone5] run data modify entity @s {} merge value {transformation:[2.94419025957033e-17f,9.512799712283073e-17f,1f,-5.907687170388567e-17f,0.9552929178546282f,-0.2956610239730465f,0f,-0.9406346153271423f,0.2956610239730465f,0.9552929178546282f,-9.957992501029599e-17f,-0.5932608575250228f,0f,0f,0f,1f],start_interpolation:0}
execute if entity @s[tag=aj.seahorse.bone.bone4] run data modify entity @s {} merge value {transformation:[6.623992869726965e-17f,7.435343510044983e-17f,1f,-4.7620014909063235e-17f,0.7466709288319118f,-0.6651935989148497f,0f,-0.7296013586058321f,0.6651935989148497f,0.7466709288319118f,-9.957992501029599e-17f,-0.4782089854369703f,0f,0f,0f,1f],start_interpolation:0}
execute if entity @s[tag=aj.seahorse.bone.bone3] run data modify entity @s {} merge value {transformation:[-4.36729917778642e-17f,8.949207369497468e-17f,1f,-3.2641324536120126e-17f,0.8986959338011322f,0.4385722501131495f,0f,-0.5728472361625159f,-0.4385722501131495f,0.8986959338011322f,-9.957992501029599e-17f,-0.32779021005232933f,0f,0f,0f,1f],start_interpolation:0}
execute if entity @s[tag=aj.seahorse.bone.bone2] run data modify entity @s {} merge value {transformation:[-9.564832152728317e-17f,2.7704874193355082e-17f,1f,-1.835119180544308e-17f,0.27821746391645263f,0.9605181116313724f,0f,-0.387285f,-0.9605181116313724f,0.27821746391645263f,-9.957992501029599e-17f,-0.1842860576923077f,0f,0f,0f,1f],start_interpolation:0}