execute if entity @s[tag=aj.seahorse.locator_origin.head] at @s on origin run tp @s ^0 ^0.0625 ^0.25 ~90 ~0
execute if entity @s[tag=aj.seahorse.locator_origin.ear] at @s on origin run tp @s ^0 ^0.9375 ^0.1875 ~90 ~0
execute if entity @s[tag=aj.seahorse.locator_origin.horn] at @s on origin run tp @s ^0 ^0.9375 ^0.1875 ~90 ~0
execute if entity @s[tag=aj.seahorse.locator_origin.fin] at @s on origin run tp @s ^0 ^-0.125 ^-0.0625 ~90 ~0
execute if entity @s[tag=aj.seahorse.bone.bone6] run data modify entity @s {} merge value {transformation:[8.051926494417353e-17f,-5.8590182094837e-17f,1f,1.9644210351376067e-17f,-0.5883734305762844f,-0.808589330990642f,0f,-0.5094865861723811f,0.808589330990642f,-0.5883734305762844f,-9.957992501029599e-17f,0.1972707887593304f,0f,0f,0f,1f],start_interpolation:0}
execute if entity @s[tag=aj.seahorse.bone.bone5] run data modify entity @s {} merge value {transformation:[-6.204661823197613e-17f,-7.788696059695474e-17f,1f,1.9564650464315768e-17f,-0.7821552445324866f,0.6230836006912123f,0f,-0.6676764852444604f,-0.6230836006912123f,-0.7821552445324866f,-9.957992501029599e-17f,0.19647183367825286f,0f,0f,0f,1f],start_interpolation:0}
execute if entity @s[tag=aj.seahorse.bone.bone4] run data modify entity @s {} merge value {transformation:[-9.950028312510741e-17f,3.98184920352806e-18f,1f,-2.6424038069270903e-19f,0.039986465174746424f,0.9992002214785727f,0f,-0.7527959917492767f,-0.9992002214785727f,0.039986465174746424f,-9.957992501029599e-17f,-0.002653550709798086f,0f,0f,0f,1f],start_interpolation:0}
execute if entity @s[tag=aj.seahorse.bone.bone3] run data modify entity @s {} merge value {transformation:[-9.956346833478218e-17f,1.810314393965241e-18f,1f,-1.5446153355612666e-17f,0.018179511520801658f,0.9998347390248375f,0f,-0.60544625f,-0.9998347390248375f,0.018179511520801658f,-9.957992501029599e-17f,-0.155113125f,0f,0f,0f,1f],start_interpolation:0}