execute if entity @s[tag=aj.seahorse.locator_origin.head] at @s on origin run tp @s ^0 ^0.0625 ^0.25 ~90 ~0
execute if entity @s[tag=aj.seahorse.locator_origin.ear] at @s on origin run tp @s ^0 ^0.9375 ^0.1875 ~90 ~0
execute if entity @s[tag=aj.seahorse.locator_origin.horn] at @s on origin run tp @s ^0 ^0.9375 ^0.1875 ~90 ~0
execute if entity @s[tag=aj.seahorse.locator_origin.fin] at @s on origin run tp @s ^0 ^-0.125 ^-0.0625 ~90 ~0
execute if entity @s[tag=aj.seahorse.bone.bone6] run data modify entity @s {} merge value {transformation:[7.944081736153053e-17f,-6.004430032890816e-17f,1f,1.998438663650214e-17f,-0.6029759544677297f,-0.7977593611696013f,0f,-0.5203049398290154f,0.7977593611696013f,-0.6029759544677297f,-9.957992501029599e-17f,0.20068690184729374f,0f,0f,0f,1f],start_interpolation:0}
execute if entity @s[tag=aj.seahorse.bone.bone5] run data modify entity @s {} merge value {transformation:[-6.345231124483416e-17f,-7.674611171091905e-17f,1f,1.9618466446316265e-17f,-0.7706986292968583f,0.6371998295667883f,0f,-0.6784541716710122f,-0.6371998295667883f,-0.7706986292968583f,-9.957992501029599e-17f,0.19701226370965663f,0f,0f,0f,1f],start_interpolation:0}
execute if entity @s[tag=aj.seahorse.bone.bone4] run data modify entity @s {} merge value {transformation:[-9.926148486128006e-17f,7.957329212119064e-18f,1f,-5.3349871687155645e-19f,0.07990896971750402f,0.9968021652056576f,0f,-0.7555432811745305f,-0.9968021652056576f,0.07990896971750402f,-9.957992501029599e-17f,-0.005357492655436252f,0f,0f,0f,1f],start_interpolation:0}
execute if entity @s[tag=aj.seahorse.bone.bone3] run data modify entity @s {} merge value {transformation:[-9.951410374753326e-17f,3.6200304392863024e-18f,1f,-1.5446153355612666e-17f,0.036353014313999656f,0.99933901072173f,0f,-0.60544625f,-0.99933901072173f,0.036353014313999656f,-9.957992501029599e-17f,-0.155113125f,0f,0f,0f,1f],start_interpolation:0}