execute if entity @s[tag=aj.seahorse.locator_origin.head] at @s on origin run tp @s ^0 ^0.0625 ^0.25 ~90 ~0
execute if entity @s[tag=aj.seahorse.locator_origin.ear] at @s on origin run tp @s ^0 ^0.9375 ^0.1875 ~90 ~0
execute if entity @s[tag=aj.seahorse.locator_origin.horn] at @s on origin run tp @s ^0 ^0.9375 ^0.1875 ~90 ~0
execute if entity @s[tag=aj.seahorse.locator_origin.fin] at @s on origin run tp @s ^0 ^-0.125 ^-0.0625 ~90 ~0
execute if entity @s[tag=aj.seahorse.bone.bone6] run data modify entity @s {} merge value {transformation:[3.0523496321266606e-17f,-9.478648446578127e-17f,1f,1.7822537124596726e-17f,-0.951863384672974f,-0.3065225879424057f,0f,-0.7730998379611497f,0.3065225879424057f,-0.951863384672974f,-9.957992501029599e-17f,0.17897720974136086f,0f,0f,0f,1f],start_interpolation:0}
execute if entity @s[tag=aj.seahorse.bone.bone5] run data modify entity @s {} merge value {transformation:[-9.60276849453169e-17f,-2.635991633331048e-17f,1f,2.332094665939166e-18f,-0.2647111486635989f,0.9643277491461075f,0f,-0.8881992233610951f,-0.9643277491461075f,-0.2647111486635989f,-9.957992501029599e-17f,0.02341932538810454f,0f,0f,0f,1f],start_interpolation:0}
execute if entity @s[tag=aj.seahorse.bone.bone4] run data modify entity @s {} merge value {transformation:[-7.937067838453968e-17f,6.013698427618512e-17f,1f,-1.9324347693653863e-17f,0.6039067037856003f,0.7970550126075434f,0f,-0.8048327460073914f,-0.7970550126075434f,0.6039067037856003f,-9.957992501029599e-17f,-0.1940586688698132f,0f,0f,0f,1f],start_interpolation:0}
execute if entity @s[tag=aj.seahorse.bone.bone3] run data modify entity @s {} merge value {transformation:[-9.114150084266618e-17f,4.0117181969854917e-17f,1f,-2.3970851159272872e-17f,0.4028641512403934f,0.9152597858779535f,0f,-0.5956278670609848f,-0.9152597858779535f,0.4028641512403934f,-9.957992501029599e-17f,-0.2407197149103539f,0f,0f,0f,1f],start_interpolation:0}
execute if entity @s[tag=aj.seahorse.bone.bone2] run data modify entity @s {} merge value {transformation:[-9.864082063886978e-17f,1.364367871017543e-17f,1f,-1.5406881522686734e-17f,0.13701234168196805f,0.9905693404435773f,0f,-0.387285f,-0.9905693404435773f,0.13701234168196805f,-9.957992501029599e-17f,-0.15471875000000002f,0f,0f,0f,1f],start_interpolation:0}