execute if entity @s[tag=aj.anglerfish.bone.bone2] run data modify entity @s {} merge value {transformation:[-1f,-4.087955016940686e-17f,1.1544028848095246e-16f,-3.2146978477618024e-17f,0f,0.9426414910921784f,0.3338068592337709f,-0.09999999999999999f,-1.2246467991473532e-16f,0.3338068592337709f,-0.9426414910921784f,0.2625f,0f,0f,0f,1f],start_interpolation:0}
execute if entity @s[tag=aj.anglerfish.bone.bone3] run data modify entity @s {} merge value {transformation:[-1f,-8.806749486817718e-18f,1.2214761147928768e-16f,7.043485412596051e-17f,0f,0.9974109397446808f,0.07191256689642532f,0.3804326923076923f,-1.2246467991473532e-16f,0.07191256689642532f,-0.9974109397446808f,-0.5751442307692308f,0f,0f,0f,1f],start_interpolation:0}
execute if entity @s[tag=aj.anglerfish.bone.bone4] run data modify entity @s {} merge value {transformation:[-1f,-8.542704229054943e-18f,1.221663621095163e-16f,-3.2146978477618024e-17f,0f,0.9975640502598242f,0.0697564737441253f,0f,-1.2246467991473532e-16f,0.0697564737441253f,-0.9975640502598242f,0.2625f,0f,0f,0f,1f],start_interpolation:0}