execute if entity @s[tag=aj.anglerfish.bone.bone2] run data modify entity @s {} merge value {transformation:[-1f,-4.455181839974341e-17f,1.1407336807465123e-16f,-3.163670897797329e-17f,0f,0.9314797389261423f,0.36379320495315154f,-0.10833333333333334f,-1.2246467991473532e-16f,0.36379320495315154f,-0.9314797389261423f,0.2583333333333333f,0f,0f,0f,1f],start_interpolation:0}
execute if entity @s[tag=aj.anglerfish.bone.bone3] run data modify entity @s {} merge value {transformation:[-1f,4.9870111565588565e-18f,1.2236309715900025e-16f,7.170071500007916e-17f,0f,0.9991705138509667f,-0.040722036427409174f,0.3426923076923077f,-1.2246467991473532e-16f,-0.040722036427409174f,-0.9991705138509667f,-0.5854807692307692f,0f,0f,0f,1f],start_interpolation:0}
execute if entity @s[tag=aj.anglerfish.bone.bone4] run data modify entity @s {} merge value {transformation:[-1f,-9.25329073502609e-18f,1.2211459551254165e-16f,-3.163670897797329e-17f,0f,0.9971413439169774f,0.07555885289920809f,0f,-1.2246467991473532e-16f,0.07555885289920809f,-0.9971413439169774f,0.2583333333333333f,0f,0f,0f,1f],start_interpolation:0}