execute if entity @s[tag=aj.anglerfish.bone.bone2] run data modify entity @s {} merge value {transformation:[-1f,-3.341326285981807e-17f,1.1781829947711552e-16f,-3.3167517476907485e-17f,0f,0.9620594244736131f,0.27283999666746106f,-0.08333333333333334f,-1.2246467991473532e-16f,0.27283999666746106f,-0.9620594244736131f,0.2708333333333333f,0f,0f,0f,1f],start_interpolation:0}
execute if entity @s[tag=aj.anglerfish.bone.bone3] run data modify entity @s {} merge value {transformation:[-1f,-1.4302740779735084e-17f,1.2162659837719002e-16f,6.992850977631305e-17f,0f,0.9931565449064268f,0.11679074154028092f,0.39552884615384615f,-1.2246467991473532e-16f,0.11679074154028092f,-0.9931565449064268f,-0.5710096153846154f,0f,0f,0f,1f],start_interpolation:0}
execute if entity @s[tag=aj.anglerfish.bone.bone4] run data modify entity @s {} merge value {transformation:[-1f,-7.12068786121847e-18f,1.2225748905895979e-16f,-3.3167517476907485e-17f,0f,0.9983081582712682f,0.05814482891047582f,0f,-1.2246467991473532e-16f,0.05814482891047582f,-0.9983081582712682f,0.2708333333333333f,0f,0f,0f,1f],start_interpolation:0}