execute if entity @s[tag=aj.anglerfish.bone.bone2] run data modify entity @s {} merge value {transformation:[-1f,-4.0879550169406855e-17f,1.1544028848095246e-16f,-3.2146978477618024e-17f,0f,0.9426414910921784f,0.33380685923377085f,-0.09999999999999999f,-1.2246467991473532e-16f,0.33380685923377085f,-0.9426414910921784f,0.2625f,0f,0f,0f,1f],start_interpolation:0}
execute if entity @s[tag=aj.anglerfish.bone.bone3] run data modify entity @s {} merge value {transformation:[-1f,7.743770433370135e-18f,1.2221960499892738e-16f,7.195388717490291e-17f,0f,0.9979988114452383f,-0.06323268422178255f,0.3351442307692308f,-1.2246467991473532e-16f,-0.06323268422178255f,-0.9979988114452383f,-0.587548076923077f,0f,0f,0f,1f],start_interpolation:0}
execute if entity @s[tag=aj.anglerfish.bone.bone4] run data modify entity @s {} merge value {transformation:[-1f,-8.542704229054942e-18f,1.221663621095163e-16f,-3.2146978477618024e-17f,0f,0.9975640502598242f,0.06975647374412529f,0f,-1.2246467991473532e-16f,0.06975647374412529f,-0.9975640502598242f,0.2625f,0f,0f,0f,1f],start_interpolation:0}