execute if entity @s[tag=aj.anglerfish.bone.bone2] run data modify entity @s {} merge value {transformation:[-1f,-2.962688750897932e-17f,1.1882695554102554e-16f,-3.367778697655221e-17f,0f,0.9702957262759965f,0.2419218955996677f,-0.075f,-1.2246467991473532e-16f,0.2419218955996677f,-0.9702957262759965f,0.275f,0f,0f,0f,1f],start_interpolation:0}
execute if entity @s[tag=aj.anglerfish.bone.bone3] run data modify entity @s {} merge value {transformation:[-1f,1.5984848350717833e-17f,1.2141697760125282e-16f,7.271340369937409e-17f,0f,0.9914448613738104f,-0.13052619222005157f,0.3125f,-1.2246467991473532e-16f,-0.13052619222005157f,-0.9914448613738104f,-0.59375f,0f,0f,0f,1f],start_interpolation:0}
execute if entity @s[tag=aj.anglerfish.bone.bone4] run data modify entity @s {} merge value {transformation:[-1f,-6.4093061293237094e-18f,1.2229684632711994e-16f,-3.367778697655221e-17f,0f,0.9986295347545738f,0.05233595624294383f,0f,-1.2246467991473532e-16f,0.05233595624294383f,-0.9986295347545738f,0.275f,0f,0f,0f,1f],start_interpolation:0}