execute if entity @s[tag=aj.anglerfish.bone.bone2] run data modify entity @s {} merge value {transformation:[-1f,-3.716543086018662e-17f,1.1668902508631764e-16f,-3.265724797726275e-17f,0f,0.9528381992878361f,0.3034787735211707f,-0.09166666666666667f,-1.2246467991473532e-16f,0.3034787735211707f,-0.9528381992878361f,0.26666666666666666f,0f,0f,0f,1f],start_interpolation:0}
execute if entity @s[tag=aj.anglerfish.bone.bone3] run data modify entity @s {} merge value {transformation:[-1f,1.0496595083770066e-17f,1.2201401279470303e-16f,7.220705934972663e-17f,0f,0.9963200236970686f,-0.08571120335331138f,0.32759615384615387f,-1.2246467991473532e-16f,-0.08571120335331138f,-0.9963200236970686f,-0.5896153846153847f,0f,0f,0f,1f],start_interpolation:0}
execute if entity @s[tag=aj.anglerfish.bone.bone4] run data modify entity @s {} merge value {transformation:[-1f,-7.831828584285963e-18f,1.222139938290413e-16f,-3.265724797726275e-17f,0f,0.9979529927660075f,0.06395173359158565f,0f,-1.2246467991473532e-16f,0.06395173359158565f,-0.9979529927660075f,0.26666666666666666f,0f,0f,0f,1f],start_interpolation:0}