execute if entity @s[tag=aj.anglerfish.bone.bone2] run data modify entity @s {} merge value {transformation:[-1f,-2.5810181168658576e-17f,1.1971396065062585e-16f,-3.4188056476196946e-17f,0f,0.9775386726521915f,0.2107561232073495f,-0.06666666666666667f,-1.2246467991473532e-16f,0.2107561232073495f,-0.9775386726521915f,0.2791666666666667f,0f,0f,0f,1f],start_interpolation:0}
execute if entity @s[tag=aj.anglerfish.bone.bone3] run data modify entity @s {} merge value {transformation:[-1f,1.4217281568715172e-17f,1.2163661755990443e-16f,7.271340369937409e-17f,0f,0.993238357741943f,-0.11609291412523022f,0.3194444444444444f,-1.2246467991473532e-16f,-0.11609291412523022f,-0.993238357741943f,-0.59375f,0f,0f,0f,1f],start_interpolation:0}
execute if entity @s[tag=aj.anglerfish.bone.bone4] run data modify entity @s {} merge value {transformation:[-1f,-5.6977074662301746e-18f,1.2233206430142443e-16f,-3.4188056476196946e-17f,0f,0.9989171113385246f,0.04652531219774665f,0f,-1.2246467991473532e-16f,0.04652531219774665f,-0.9989171113385246f,0.2791666666666667f,0f,0f,0f,1f],start_interpolation:0}