execute if entity @s[tag=aj.anglerfish.bone.bone2] run data modify entity @s {} merge value {transformation:[-1f,-2.581018116865857e-17f,1.1971396065062585e-16f,-3.4188056476196946e-17f,0f,0.9775386726521915f,0.21075612320734943f,-0.06666666666666665f,-1.2246467991473532e-16f,0.21075612320734943f,-0.9775386726521915f,0.2791666666666667f,0f,0f,0f,1f],start_interpolation:0}
execute if entity @s[tag=aj.anglerfish.bone.bone3] run data modify entity @s {} merge value {transformation:[-1f,-1.9769666751758024e-17f,1.2085842173031637e-16f,6.942216542666558e-17f,0f,0.9868839065636126f,0.16143157982793435f,0.410625f,-1.2246467991473532e-16f,0.16143157982793435f,-0.9868839065636126f,-0.566875f,0f,0f,0f,1f],start_interpolation:0}
execute if entity @s[tag=aj.anglerfish.bone.bone4] run data modify entity @s {} merge value {transformation:[-1f,-5.697707466230173e-18f,1.2233206430142443e-16f,-3.4188056476196946e-17f,0f,0.9989171113385246f,0.04652531219774664f,0f,-1.2246467991473532e-16f,0.04652531219774664f,-0.9989171113385246f,0.2791666666666667f,0f,0f,0f,1f],start_interpolation:0}