execute if entity @s[tag=aj.anglerfish.bone.bone2] run data modify entity @s {} merge value {transformation:[-1f,-2.1967051251668894e-17f,1.2047840672056187e-16f,-3.469832597584168e-17f,0f,0.9837808485225588f,0.1793745859374573f,-0.05833333333333333f,-1.2246467991473532e-16f,0.1793745859374573f,-0.9837808485225588f,0.2833333333333333f,0f,0f,0f,1f],start_interpolation:0}
execute if entity @s[tag=aj.anglerfish.bone.bone3] run data modify entity @s {} merge value {transformation:[-1f,1.2446707317765925e-17f,1.2183052697729108e-16f,7.271340369937409e-17f,0f,0.9948217482960331f,-0.10163507818280183f,0.3263888888888889f,-1.2246467991473532e-16f,-0.10163507818280183f,-0.9948217482960331f,-0.59375f,0f,0f,0f,1f],start_interpolation:0}
execute if entity @s[tag=aj.anglerfish.bone.bone4] run data modify entity @s {} merge value {transformation:[-1f,-4.985915956908672e-18f,1.2236314178987568e-16f,-3.469832597584168e-17f,0f,0.9991708782897213f,0.040713093443595826f,0f,-1.2246467991473532e-16f,0.040713093443595826f,-0.9991708782897213f,0.2833333333333333f,0f,0f,0f,1f],start_interpolation:0}