execute if entity @s[tag=aj.anglerfish.bone.bone2] run data modify entity @s {} merge value {transformation:[-1f,-2.962688750897932e-17f,1.1882695554102554e-16f,-3.367778697655221e-17f,0f,0.9702957262759965f,0.2419218955996677f,-0.07499999999999998f,-1.2246467991473532e-16f,0.2419218955996677f,-0.9702957262759965f,0.275f,0f,0f,0f,1f],start_interpolation:0}
execute if entity @s[tag=aj.anglerfish.bone.bone3] run data modify entity @s {} merge value {transformation:[-1f,-1.7040532931461908e-17f,1.2127331967102384e-16f,6.96753376014893e-17f,0f,0.9902718053520334f,0.13914651100485617f,0.40307692307692305f,-1.2246467991473532e-16f,0.13914651100485617f,-0.9902718053520334f,-0.5689423076923077f,0f,0f,0f,1f],start_interpolation:0}
execute if entity @s[tag=aj.anglerfish.bone.bone4] run data modify entity @s {} merge value {transformation:[-1f,-6.409306129323709e-18f,1.2229684632711994e-16f,-3.367778697655221e-17f,0f,0.9986295347545738f,0.05233595624294382f,0f,-1.2246467991473532e-16f,0.05233595624294382f,-0.9986295347545738f,0.275f,0f,0f,0f,1f],start_interpolation:0}