execute if entity @s[tag=aj.anglerfish.bone.bone2] run data modify entity @s {} merge value {transformation:[-1f,-3.3413262859818066e-17f,1.1781829947711552e-16f,-3.3167517476907485e-17f,0f,0.9620594244736133f,0.272839996667461f,-0.08333333333333333f,-1.2246467991473532e-16f,0.272839996667461f,-0.9620594244736133f,0.2708333333333333f,0f,0f,0f,1f],start_interpolation:0}
execute if entity @s[tag=aj.anglerfish.bone.bone3] run data modify entity @s {} merge value {transformation:[-1f,1.3244086391633444e-17f,1.2174642500816822e-16f,7.246023152455037e-17f,0f,0.9941350036021228f,-0.10814617243808168f,0.3200480769230769f,-1.2246467991473532e-16f,-0.10814617243808168f,-0.9941350036021228f,-0.5916826923076923f,0f,0f,0f,1f],start_interpolation:0}
execute if entity @s[tag=aj.anglerfish.bone.bone4] run data modify entity @s {} merge value {transformation:[-1f,-7.120687861218469e-18f,1.2225748905895979e-16f,-3.3167517476907485e-17f,0f,0.9983081582712682f,0.058144828910475815f,0f,-1.2246467991473532e-16f,0.058144828910475815f,-0.9983081582712682f,0.2708333333333333f,0f,0f,0f,1f],start_interpolation:0}