execute if entity @s[tag=aj.anglerfish.bone.bone2] run data modify entity @s {} merge value {transformation:[-1f,-1.8101432222373274e-17f,1.2111951113721276e-16f,-3.5208595475486407e-17f,0f,0.9890158633619168f,0.14780941112961057f,-0.049999999999999996f,-1.2246467991473532e-16f,0.14780941112961057f,-0.9890158633619168f,0.2875f,0f,0f,0f,1f],start_interpolation:0}
execute if entity @s[tag=aj.anglerfish.bone.bone3] run data modify entity @s {} merge value {transformation:[-1f,1.0673500138322974e-17f,1.2199866483456202e-16f,7.271340369937409e-17f,0f,0.9961946980917455f,-0.08715574274765818f,0.3333333333333333f,-1.2246467991473532e-16f,-0.08715574274765818f,-0.9961946980917455f,-0.59375f,0f,0f,0f,1f],start_interpolation:0}
execute if entity @s[tag=aj.anglerfish.bone.bone4] run data modify entity @s {} merge value {transformation:[-1f,-4.273955692857141e-18f,1.2239007774061617e-16f,-3.5208595475486407e-17f,0f,0.9993908270190958f,0.03489949670250096f,0f,-1.2246467991473532e-16f,0.03489949670250096f,-0.9993908270190958f,0.2875f,0f,0f,0f,1f],start_interpolation:0}