execute if entity @s[tag=aj.anglerfish.bone.bone2] run data modify entity @s {} merge value {transformation:[-1f,-2.1967051251668903e-17f,1.2047840672056187e-16f,-3.4698325975841673e-17f,0f,0.9837808485225588f,0.1793745859374574f,-0.05833333333333335f,-1.2246467991473532e-16f,0.1793745859374574f,-0.9837808485225588f,0.2833333333333333f,0f,0f,0f,1f],start_interpolation:0}
execute if entity @s[tag=aj.anglerfish.bone.bone3] run data modify entity @s {} merge value {transformation:[-1f,-1.731625963341323e-17f,1.2123425662298095e-16f,6.983357021075414e-17f,0f,0.9899528313583064f,0.14139799038767328f,0.406171875f,-1.2246467991473532e-16f,0.14139799038767328f,-0.9899528313583064f,-0.570234375f,0f,0f,0f,1f],start_interpolation:0}
execute if entity @s[tag=aj.anglerfish.bone.bone4] run data modify entity @s {} merge value {transformation:[-1f,-4.985915956908674e-18f,1.2236314178987568e-16f,-3.4698325975841673e-17f,0f,0.9991708782897213f,0.04071309344359584f,0f,-1.2246467991473532e-16f,0.04071309344359584f,-0.9991708782897213f,0.2833333333333333f,0f,0f,0f,1f],start_interpolation:0}