execute if entity @s[tag=aj.anglerfish.bone.bone2] run data modify entity @s {} merge value {transformation:[-1f,-1.8101432222373277e-17f,1.2111951113721276e-16f,-3.5208595475486407e-17f,0f,0.9890158633619168f,0.1478094111296106f,-0.05f,-1.2246467991473532e-16f,0.1478094111296106f,-0.9890158633619168f,0.2875f,0f,0f,0f,1f],start_interpolation:0}
execute if entity @s[tag=aj.anglerfish.bone.bone3] run data modify entity @s {} merge value {transformation:[-1f,-1.4855739636221594e-17f,1.2156029296805503e-16f,7.024497499484272e-17f,0f,0.9926151201529294f,0.12130631988394316f,0.40171875f,-1.2246467991473532e-16f,0.12130631988394316f,-0.9926151201529294f,-0.57359375f,0f,0f,0f,1f],start_interpolation:0}
execute if entity @s[tag=aj.anglerfish.bone.bone4] run data modify entity @s {} merge value {transformation:[-1f,-4.273955692857142e-18f,1.2239007774061617e-16f,-3.5208595475486407e-17f,0f,0.9993908270190958f,0.03489949670250097f,0f,-1.2246467991473532e-16f,0.03489949670250097f,-0.9993908270190958f,0.2875f,0f,0f,0f,1f],start_interpolation:0}