execute if entity @s[tag=aj.merfolk.bone.t3] run data modify entity @s {} merge value {transformation:[-1f,-5.5028187204502477e-17f,1.0940519384199639e-16f,0.25000000000000006f,0f,0.8933612035581897f,0.4493392482045863f,0.2469161036004625f,-1.2246467991473532e-16f,0.4493392482045863f,-0.8933612035581897f,-0.30037583298120946f,0f,0f,0f,1f],start_interpolation:0}
execute if entity @s[tag=aj.merfolk.bone.t2] run data modify entity @s {} merge value {transformation:[-1f,-3.2258897948258544e-17f,1.1813958409348841e-16f,0f,0f,0.9646829124588558f,0.2634138918316566f,0.32521993864586457f,-1.2246467991473532e-16f,0.2634138918316566f,-0.9646829124588558f,-0.029560091808022715f,0f,0f,0f,1f],start_interpolation:0}
execute if entity @s[tag=aj.merfolk.bone.t1] run data modify entity @s {} merge value {transformation:[-1f,-1.5503104306530187e-17f,1.2147942864320454e-16f,0.18749999999999997f,0f,0.9919548128307953f,0.1265924535737492f,0.8125f,-1.2246467991473532e-16f,0.1265924535737492f,-0.9919548128307953f,0.25f,0f,0f,0f,1f],start_interpolation:0}
execute if entity @s[tag=aj.merfolk.bone.nose] run data modify entity @s {} merge value {transformation:[-1f,1.0198390243532848e-18f,1.2246043342640503e-16f,-5.551115123125783e-17f,0f,0.9999653247913338f,-0.008327617604221363f,1.734165910444856f,-1.2246467991473532e-16f,-0.008327617604221363f,-0.9999653247913338f,0.389889271933636f,0f,0f,0f,1f],start_interpolation:0}
execute if entity @s[tag=aj.merfolk.bone.ear_l] run data modify entity @s {} merge value {transformation:[-0.9890158633619168f,-7.525053261256337e-18f,-0.14780941112961052f,0.25f,-0.009082403939157506f,0.9981103647569837f,0.060771783776412354f,1.776878119901804f,0.1475301052570905f,0.06144672297756032f,-0.987146984130606f,0.20466378863475035f,0f,0f,0f,1f],start_interpolation:0}
execute if entity @s[tag=aj.merfolk.bone.ear_r] run data modify entity @s {} merge value {transformation:[-0.9890158633619168f,-7.525053261256337e-18f,0.14780941112961074f,-0.25f,0.009082403939157506f,0.9981103647569837f,0.060771783776412354f,1.8080690688004597f,-0.14753010525709073f,0.06144672297756032f,-0.987146984130606f,0.20658399872779903f,0f,0f,0f,1f],start_interpolation:0}
execute if entity @s[tag=aj.merfolk.bone.head] run data modify entity @s {} merge value {transformation:[-1f,-7.525053261256337e-18f,1.2223326633954372e-16f,-0.3125f,0f,0.9981103647569837f,0.06144672297756032f,1.5f,-1.2246467991473532e-16f,0.06144672297756032f,-0.9981103647569837f,0.12499999999999996f,0f,0f,0f,1f],start_interpolation:0}
execute if entity @s[tag=aj.merfolk.bone.trident] run data modify entity @s {} merge value {transformation:[-1.3333333333333333f,-4.6375797706718806e-17f,1.5656206923541951e-16f,0.1875000000000001f,0f,1.2784263131575906f,0.3786871262718968f,-0.65388825536958f,-1.6328623988631375e-16f,0.3786871262718968f,-1.2784263131575906f,-0.2943161674470505f,0f,0f,0f,1f],start_interpolation:0}
execute if entity @s[tag=aj.merfolk.bone.bone3] run data modify entity @s {} merge value {transformation:[-1f,-3.4781848280039106e-17f,1.1742155192656464e-16f,-0.3125f,0f,0.958819734868193f,0.28401534470392265f,1.421875f,-1.2246467991473532e-16f,0.28401534470392265f,-0.958819734868193f,0.12499999999999996f,0f,0f,0f,1f],start_interpolation:0}
execute if entity @s[tag=aj.merfolk.bone.armhands] run data modify entity @s {} merge value {transformation:[-1f,-3.4781848280039106e-17f,1.1742155192656464e-16f,-0.3125f,0f,0.958819734868193f,0.28401534470392265f,1.421875f,-1.2246467991473532e-16f,0.28401534470392265f,-0.958819734868193f,0.12499999999999996f,0f,0f,0f,1f],start_interpolation:0}
execute if entity @s[tag=aj.merfolk.bone.bone] run data modify entity @s {} merge value {transformation:[-1f,-7.476289853398309e-18f,1.2223625860049279e-16f,-0.25f,0f,0.9981347984218669f,0.06104853953485686f,0.8125f,-1.2246467991473532e-16f,0.06104853953485686f,-0.9981347984218669f,0.12499999999999997f,0f,0f,0f,1f],start_interpolation:0}