execute if entity @s[tag=aj.merfolk.bone.t3] run data modify entity @s {} merge value {transformation:[-1f,-5.5028187204502495e-17f,1.0940519384199639e-16f,0.25000000000000006f,0f,0.8933612035581897f,0.4493392482045865f,0.2469161036004625f,-1.2246467991473532e-16f,0.4493392482045865f,-0.8933612035581897f,-0.30037583298120946f,0f,0f,0f,1f],start_interpolation:0}
execute if entity @s[tag=aj.merfolk.bone.t2] run data modify entity @s {} merge value {transformation:[-1f,-3.2258897948258544e-17f,1.1813958409348841e-16f,0f,0f,0.9646829124588558f,0.26341389183165664f,0.32521993864586457f,-1.2246467991473532e-16f,0.26341389183165664f,-0.9646829124588558f,-0.029560091808022715f,0f,0f,0f,1f],start_interpolation:0}
execute if entity @s[tag=aj.merfolk.bone.t1] run data modify entity @s {} merge value {transformation:[-1f,-1.550310430653019e-17f,1.2147942864320454e-16f,0.18749999999999997f,0f,0.9919548128307953f,0.12659245357374924f,0.8125f,-1.2246467991473532e-16f,0.12659245357374924f,-0.9919548128307953f,0.25f,0f,0f,0f,1f],start_interpolation:0}
execute if entity @s[tag=aj.merfolk.bone.nose] run data modify entity @s {} merge value {transformation:[-1f,-7.102744278896277e-19f,1.2246262016164632e-16f,-5.551115123125783e-17f,0f,0.9999831808396474f,0.00579983084415971f,1.741705429835395f,-1.2246467991473532e-16f,0.00579983084415971f,-0.9999831808396474f,0.38302807054289073f,0f,0f,0f,1f],start_interpolation:0}
execute if entity @s[tag=aj.merfolk.bone.ear_l] run data modify entity @s {} merge value {transformation:[-0.9975640502598242f,-3.9978939392134185e-18f,-0.06975647374412518f,0.25f,-0.0022772197158944514f,0.9994670007565712f,0.032565759150210906f,1.7790597638743488f,0.0697192935963953f,0.03264528141499172f,-0.997032349375764f,0.19664817294525216f,0f,0f,0f,1f],start_interpolation:0}
execute if entity @s[tag=aj.merfolk.bone.ear_r] run data modify entity @s {} merge value {transformation:[-0.9975640502598242f,-3.9978939392134185e-18f,0.06975647374412543f,-0.25f,0.0022772197158944514f,0.9994670007565712f,0.032565759150210906f,1.8102931076479918f,-0.06971929359639555f,0.03264528141499172f,-0.997032349375764f,0.1976683379894706f,0f,0f,0f,1f],start_interpolation:0}
execute if entity @s[tag=aj.merfolk.bone.head] run data modify entity @s {} merge value {transformation:[-1f,-3.9978939392134185e-18f,1.2239940633299402e-16f,-0.3125f,0f,0.9994670007565712f,0.03264528141499172f,1.5f,-1.2246467991473532e-16f,0.03264528141499172f,-0.9994670007565712f,0.12499999999999996f,0f,0f,0f,1f],start_interpolation:0}
execute if entity @s[tag=aj.merfolk.bone.trident] run data modify entity @s {} merge value {transformation:[-1.3333333333333333f,-2.55435955850463e-17f,1.6127591531533282e-16f,0.1875f,0f,1.3169177874601836f,0.20857928672030782f,-0.6908615556379121f,-1.6328623988631375e-16f,0.20857928672030782f,-1.3169177874601836f,-0.01978738583264862f,0f,0f,0f,1f],start_interpolation:0}
execute if entity @s[tag=aj.merfolk.bone.bone3] run data modify entity @s {} merge value {transformation:[-1f,-1.9157696688784726e-17f,1.2095693648649962e-16f,-0.3125f,0f,0.9876883405951378f,0.15643446504023087f,1.421875f,-1.2246467991473532e-16f,0.15643446504023087f,-0.9876883405951378f,0.12499999999999996f,0f,0f,0f,1f],start_interpolation:0}
execute if entity @s[tag=aj.merfolk.bone.armhands] run data modify entity @s {} merge value {transformation:[-1f,-1.9157696688784726e-17f,1.2095693648649962e-16f,-0.3125f,0f,0.9876883405951378f,0.15643446504023087f,1.421875f,-1.2246467991473532e-16f,0.15643446504023087f,-0.9876883405951378f,0.12499999999999996f,0f,0f,0f,1f],start_interpolation:0}
execute if entity @s[tag=aj.merfolk.bone.bone] run data modify entity @s {} merge value {transformation:[-1f,-4.273955692857142e-18f,1.2239007774061617e-16f,-0.25f,0f,0.9993908270190958f,0.03489949670250097f,0.8125f,-1.2246467991473532e-16f,0.03489949670250097f,-0.9993908270190958f,0.12499999999999997f,0f,0f,0f,1f],start_interpolation:0}