execute if entity @s[tag=aj.merfolk.bone.t3] run data modify entity @s {} merge value {transformation:[-1f,4.188538737676991e-17f,1.1507915602278503e-16f,0.24999999999999997f,0f,0.9396926207859084f,-0.34202014332566866f,0.030970408897043306f,-1.2246467991473532e-16f,-0.34202014332566866f,-0.9396926207859084f,0.04892239966757747f,0f,0f,0f,1f],start_interpolation:0}
execute if entity @s[tag=aj.merfolk.bone.t2] run data modify entity @s {} merge value {transformation:[-1f,4.188538737676991e-17f,1.1507915602278503e-16f,-2.7755575615628914e-17f,0f,0.9396926207859084f,-0.34202014332566866f,0.2512863595627126f,-1.2246467991473532e-16f,-0.34202014332566866f,-0.9396926207859084f,0.2248017279932291f,0f,0f,0f,1f],start_interpolation:0}
execute if entity @s[tag=aj.merfolk.bone.t1] run data modify entity @s {} merge value {transformation:[-1f,4.188538737676991e-17f,1.1507915602278503e-16f,0.18749999999999997f,0f,0.9396926207859084f,-0.34202014332566866f,0.8125f,-1.2246467991473532e-16f,-0.34202014332566866f,-0.9396926207859084f,0.25f,0f,0f,0f,1f],start_interpolation:0}
execute if entity @s[tag=aj.merfolk.bone.nose] run data modify entity @s {} merge value {transformation:[-1f,-2.984617121605173e-18f,1.224283050901874e-16f,-5.551115123125783e-17f,0f,0.9997029770169384f,0.024371248295289555f,1.7240188351738714f,-1.2246467991473532e-16f,0.024371248295289555f,-0.9997029770169384f,0.39852433436047674f,0f,0f,0f,1f],start_interpolation:0}
execute if entity @s[tag=aj.merfolk.bone.ear_l] run data modify entity @s {} merge value {transformation:[-0.9876883405951378f,-1.2125350223813648e-17f,-0.15643446504023076f,0.25f,-0.015488732563612412f,0.9950863390686961f,0.09779200868390453f,1.773679845464745f,0.15566579912105316f,0.09901099837321087f,-0.9828351749836511f,0.21503973948425908f,0f,0f,0f,1f],start_interpolation:0}
execute if entity @s[tag=aj.merfolk.bone.ear_r] run data modify entity @s {} merge value {transformation:[-0.9876883405951378f,-1.2125350223813648e-17f,0.15643446504023098f,-0.25f,0.015488732563612412f,0.9950863390686961f,0.09779200868390453f,1.804776293560642f,-0.15566579912105338f,0.09901099837321087f,-0.9828351749836511f,0.21813383318342186f,0f,0f,0f,1f],start_interpolation:0}
execute if entity @s[tag=aj.merfolk.bone.head] run data modify entity @s {} merge value {transformation:[-1f,-1.2125350223813648e-17f,1.2186293000157367e-16f,-0.3125f,0f,0.9950863390686961f,0.09901099837321087f,1.5f,-1.2246467991473532e-16f,0.09901099837321087f,-0.9950863390686961f,0.12499999999999996f,0f,0f,0f,1f],start_interpolation:0}
execute if entity @s[tag=aj.merfolk.bone.trident] run data modify entity @s {} merge value {transformation:[-1.3333333333333333f,-5.181148424280624e-17f,1.5484820385386537e-16f,0.1875000000000001f,0f,1.2644315402749324f,0.4230728752067895f,-0.6379898332765315f,-1.6328623988631375e-16f,0.4230728752067895f,-1.2644315402749324f,-0.3665038242533288f,0f,0f,0f,1f],start_interpolation:0}
execute if entity @s[tag=aj.merfolk.bone.bone3] run data modify entity @s {} merge value {transformation:[-1f,-3.885861318210468e-17f,1.1613615289039903e-16f,-0.3125f,0f,0.9483236552061993f,0.31730465640509214f,1.421875f,-1.2246467991473532e-16f,0.31730465640509214f,-0.9483236552061993f,0.12499999999999996f,0f,0f,0f,1f],start_interpolation:0}
execute if entity @s[tag=aj.merfolk.bone.armhands] run data modify entity @s {} merge value {transformation:[-1f,-3.885861318210468e-17f,1.1613615289039903e-16f,-0.3125f,0f,0.9483236552061993f,0.31730465640509214f,1.421875f,-1.2246467991473532e-16f,0.31730465640509214f,-0.9483236552061993f,0.12499999999999996f,0f,0f,0f,1f],start_interpolation:0}
execute if entity @s[tag=aj.merfolk.bone.bone] run data modify entity @s {} merge value {transformation:[-1f,-8.542704229054943e-18f,1.221663621095163e-16f,-0.25f,0f,0.9975640502598242f,0.0697564737441253f,0.8125f,-1.2246467991473532e-16f,0.0697564737441253f,-0.9975640502598242f,0.12499999999999997f,0f,0f,0f,1f],start_interpolation:0}