execute if entity @s[tag=aj.merfolk.bone.t3] run data modify entity @s {} merge value {transformation:[-1f,-5.193184974986371e-17f,1.109084343419208e-16f,0.25000000000000006f,0f,0.9056360937630309f,0.4240557341596016f,0.16545075855938324f,-1.2246467991473532e-16f,0.4240557341596016f,-0.9056360937630309f,-0.21007630012548242f,0f,0f,0f,1f],start_interpolation:0}
execute if entity @s[tag=aj.merfolk.bone.t2] run data modify entity @s {} merge value {transformation:[-1f,-1.0867057384060186e-17f,1.2198157602863688e-16f,0f,0f,0.9960551574018338f,0.08873625760199803f,0.2903941978172968f,-1.2246467991473532e-16f,0.08873625760199803f,-0.9960551574018338f,0.04263260995962728f,0f,0f,0f,1f],start_interpolation:0}
execute if entity @s[tag=aj.merfolk.bone.t1] run data modify entity @s {} merge value {transformation:[-1f,1.9430201825685212e-18f,1.224492650006063e-16f,0.18749999999999997f,0f,0.9998741276738751f,-0.015865963834807942f,0.8125f,-1.2246467991473532e-16f,-0.015865963834807942f,-0.9998741276738751f,0.25f,0f,0f,0f,1f],start_interpolation:0}
execute if entity @s[tag=aj.merfolk.bone.nose] run data modify entity @s {} merge value {transformation:[-1f,-1.2429658759888546e-18f,1.2245837195737048e-16f,-5.551115123125783e-17f,0f,0.9999484916192226f,0.010149586614314067f,1.735314920433356f,-1.2246467991473532e-16f,0.010149586614314067f,-0.9999484916192226f,0.3888690740148289f,0f,0f,0f,1f],start_interpolation:0}
execute if entity @s[tag=aj.merfolk.bone.ear_l] run data modify entity @s {} merge value {transformation:[-0.992546151641322f,-6.993750557182525e-18f,-0.12186934340514734f,0.25f,-0.006959751896927665f,0.9983679888963701f,0.05668263050133224f,1.77722172767942f,0.12167045128351806f,0.05710830716294564f,-0.9909263053009782f,0.20345971069560162f,0f,0f,0f,1f],start_interpolation:0}
execute if entity @s[tag=aj.merfolk.bone.ear_r] run data modify entity @s {} merge value {transformation:[-0.992546151641322f,-6.993750557182525e-18f,0.12186934340514759f,-0.25f,0.006959751896927665f,0.9983679888963701f,0.05668263050133224f,1.8084207273324315f,-0.1216704512835183f,0.05710830716294564f,-0.9909263053009782f,0.2052443452944436f,0f,0f,0f,1f],start_interpolation:0}
execute if entity @s[tag=aj.merfolk.bone.head] run data modify entity @s {} merge value {transformation:[-1f,-6.993750557182525e-18f,1.22264816197312e-16f,-0.3125f,0f,0.9983679888963701f,0.05710830716294564f,1.5f,-1.2246467991473532e-16f,0.05710830716294564f,-0.9983679888963701f,0.12499999999999996f,0f,0f,0f,1f],start_interpolation:0}
execute if entity @s[tag=aj.merfolk.bone.trident] run data modify entity @s {} merge value {transformation:[-1.3333333333333333f,-4.432249041151742e-17f,1.5715569661940908e-16f,0.1875000000000001f,0f,1.283273648604863f,0.36192059982009883f,-0.6591990987441139f,-1.6328623988631375e-16f,0.36192059982009883f,-1.283273648604863f,-0.2671093420990818f,0f,0f,0f,1f],start_interpolation:0}
execute if entity @s[tag=aj.merfolk.bone.bone3] run data modify entity @s {} merge value {transformation:[-1f,-3.3241867808638065e-17f,1.1786677246455682e-16f,-0.3125f,0f,0.9624552364536473f,0.27144044986507415f,1.421875f,-1.2246467991473532e-16f,0.27144044986507415f,-0.9624552364536473f,0.12499999999999996f,0f,0f,0f,1f],start_interpolation:0}
execute if entity @s[tag=aj.merfolk.bone.armhands] run data modify entity @s {} merge value {transformation:[-1f,-3.3241867808638065e-17f,1.1786677246455682e-16f,-0.3125f,0f,0.9624552364536473f,0.27144044986507415f,1.421875f,-1.2246467991473532e-16f,0.27144044986507415f,-0.9624552364536473f,0.12499999999999996f,0f,0f,0f,1f],start_interpolation:0}
execute if entity @s[tag=aj.merfolk.bone.bone] run data modify entity @s {} merge value {transformation:[-1f,-7.476289853398309e-18f,1.2223625860049279e-16f,-0.25f,0f,0.9981347984218669f,0.06104853953485686f,0.8125f,-1.2246467991473532e-16f,0.06104853953485686f,-0.9981347984218669f,0.12499999999999997f,0f,0f,0f,1f],start_interpolation:0}