execute if entity @s[tag=aj.merfolk.bone.t3] run data modify entity @s {} merge value {transformation:[-1f,-1.7446858286124902e-17f,1.2121553102866998e-16f,0.25000000000000006f,0f,0.9897999252769447f,0.14246440931599286f,0.18329203454004594f,-1.2246467991473532e-16f,0.14246440931599286f,-0.9897999252769447f,-0.24865812144866525f,0f,0f,0f,1f],start_interpolation:0}
execute if entity @s[tag=aj.merfolk.bone.t2] run data modify entity @s {} merge value {transformation:[-1f,-1.1383074966837179e-17f,1.2193450467737975e-16f,0f,0f,0.9956707906498045f,0.0929498609293922f,0.30716512163060095f,-1.2246467991473532e-16f,0.0929498609293922f,-0.9956707906498045f,0.004577173375448412f,0f,0f,0f,1f],start_interpolation:0}
execute if entity @s[tag=aj.merfolk.bone.t1] run data modify entity @s {} merge value {transformation:[-1f,-7.12068786121847e-18f,1.2225748905895979e-16f,0.18749999999999997f,0f,0.9983081582712682f,0.05814482891047583f,0.8125f,-1.2246467991473532e-16f,0.05814482891047583f,-0.9983081582712682f,0.25f,0f,0f,0f,1f],start_interpolation:0}
execute if entity @s[tag=aj.merfolk.bone.nose] run data modify entity @s {} merge value {transformation:[-1f,-1.77569540276986e-19f,1.2246455117982896e-16f,-5.551115123125783e-17f,0f,0.9999989487997154f,0.0014499653320501618f,1.7479510011913764f,-1.2246467991473532e-16f,0.0014499653320501618f,-0.9999989487997154f,0.3770323411949229f,0f,0f,0f,1f],start_interpolation:0}
execute if entity @s[tag=aj.merfolk.bone.ear_l] run data modify entity @s {} merge value {transformation:[-0.9998476951563913f,-9.996399943150498e-19f,-0.01745240643728339f,0.25f,-0.00014245840910127476f,0.9999666847725988f,0.00816143679139106f,1.78073046259185f,0.017451825006394233f,0.008162680007092969f,-0.9998143850030605f,0.18979367155028234f,0f,0f,0f,1f],start_interpolation:0}
execute if entity @s[tag=aj.merfolk.bone.ear_r] run data modify entity @s {} merge value {transformation:[-0.9998476951563913f,-9.996399943150498e-19f,0.017452406437283633f,-0.25f,0.00014245840910127476f,0.9999666847725988f,0.00816143679139106f,1.811979421490994f,-0.017451825006394476f,0.008162680007092969f,-0.9998143850030605f,0.19004875530050394f,0f,0f,0f,1f],start_interpolation:0}
execute if entity @s[tag=aj.merfolk.bone.head] run data modify entity @s {} merge value {transformation:[-1f,-9.996399943150498e-19f,1.2246059997607534e-16f,-0.3125f,0f,0.9999666847725988f,0.008162680007092969f,1.5f,-1.2246467991473532e-16f,0.008162680007092969f,-0.9999666847725988f,0.12499999999999996f,0f,0f,0f,1f],start_interpolation:0}
execute if entity @s[tag=aj.merfolk.bone.trident] run data modify entity @s {} merge value {transformation:[-1.3333333333333333f,-6.4105876939277574e-18f,1.6316035211297277e-16f,0.1875f,0f,1.3323053816542971f,0.05234642101209147f,-0.6932349637751005f,-1.6328623988631375e-16f,0.05234642101209147f,-1.3323053816542971f,0.22954177042835022f,0f,0f,0f,1f],start_interpolation:0}
execute if entity @s[tag=aj.merfolk.bone.bone3] run data modify entity @s {} merge value {transformation:[-1f,-4.807940770445818e-18f,1.223702640847296e-16f,-0.3125f,0f,0.9992290362407229f,0.0392598157590686f,1.421875f,-1.2246467991473532e-16f,0.0392598157590686f,-0.9992290362407229f,0.12499999999999996f,0f,0f,0f,1f],start_interpolation:0}
execute if entity @s[tag=aj.merfolk.bone.armhands] run data modify entity @s {} merge value {transformation:[-1f,-4.807940770445818e-18f,1.223702640847296e-16f,-0.3125f,0f,0.9992290362407229f,0.0392598157590686f,1.421875f,-1.2246467991473532e-16f,0.0392598157590686f,-0.9992290362407229f,0.12499999999999996f,0f,0f,0f,1f],start_interpolation:0}
execute if entity @s[tag=aj.merfolk.bone.bone] run data modify entity @s {} merge value {transformation:[-1f,-1.0686923765729392e-18f,1.2246001683497691e-16f,-0.25f,0f,0.9999619230641713f,0.008726535498373935f,0.8125f,-1.2246467991473532e-16f,0.008726535498373935f,-0.9999619230641713f,0.12499999999999997f,0f,0f,0f,1f],start_interpolation:0}