execute if entity @s[tag=aj.merfolk.bone.t3] run data modify entity @s {} merge value {transformation:[-1f,1.7749033759509444e-17f,1.211716535631266e-16f,0.25000000000000006f,0f,0.9894416385809445f,-0.1449318593072469f,0.12147255396028245f,-1.2246467991473532e-16f,-0.1449318593072469f,-0.9894416385809445f,-0.16677544546773063f,0f,0f,0f,1f],start_interpolation:0}
execute if entity @s[tag=aj.merfolk.bone.t2] run data modify entity @s {} merge value {transformation:[-1f,7.120687861218475e-18f,1.2225748905895979e-16f,0f,0f,0.9983081582712682f,-0.05814482891047586f,0.2820901641629582f,-1.2246467991473532e-16f,-0.05814482891047586f,-0.9983081582712682f,0.06490243337006713f,0f,0f,0f,1f],start_interpolation:0}
execute if entity @s[tag=aj.merfolk.bone.t1] run data modify entity @s {} merge value {transformation:[-1f,7.120687861218475e-18f,1.2225748905895979e-16f,0.18749999999999997f,0f,0.9983081582712682f,-0.05814482891047586f,0.8125f,-1.2246467991473532e-16f,-0.05814482891047586f,-0.9983081582712682f,0.25f,0f,0f,0f,1f],start_interpolation:0}
execute if entity @s[tag=aj.merfolk.bone.nose] run data modify entity @s {} merge value {transformation:[-1f,9.559963319876713e-19f,1.2246094845962858e-16f,-5.551115123125783e-17f,0f,0.999969530356758f,-0.007806302459233741f,1.7475766769424967f,-1.2246467991473532e-16f,-0.007806302459233741f,-0.999969530356758f,0.37740005751606037f,0f,0f,0f,1f],start_interpolation:0}
execute if entity @s[tag=aj.merfolk.bone.ear_l] run data modify entity @s {} merge value {transformation:[-0.9998476951563913f,-1.1813875160968286e-18f,-0.01745240643728339f,0.25f,-0.00016835919634305795f,0.9999534689171143f,0.009645291898679282f,1.780633990561243f,0.0174515943579129f,0.009646761147127127f,-0.9998011711604149f,0.19021024337994918f,0f,0f,0f,1f],start_interpolation:0}
execute if entity @s[tag=aj.merfolk.bone.ear_r] run data modify entity @s {} merge value {transformation:[-0.9998476951563913f,-1.1813875160968286e-18f,0.017452406437283633f,-0.25f,0.00016835919634305795f,0.9999534689171143f,0.009645291898679282f,1.8118825364649027f,-0.017451594357913144f,0.009646761147127127f,-0.9998011711604149f,0.19051170466579684f,0f,0f,0f,1f],start_interpolation:0}
execute if entity @s[tag=aj.merfolk.bone.head] run data modify entity @s {} merge value {transformation:[-1f,-1.1813875160968286e-18f,1.2245898150056365e-16f,-0.3125f,0f,0.9999534689171143f,0.009646761147127127f,1.5f,-1.2246467991473532e-16f,0.009646761147127127f,-0.9999534689171143f,0.12499999999999996f,0f,0f,0f,1f],start_interpolation:0}
execute if entity @s[tag=aj.merfolk.bone.trident] run data modify entity @s {} merge value {transformation:[-1.3333333333333333f,-6.4105876939277674e-18f,1.6316035211297277e-16f,0.1875f,0f,1.3323053816542971f,0.052346421012091554f,-0.6932349637751005f,-1.6328623988631375e-16f,0.052346421012091554f,-1.3323053816542971f,0.22954177042835008f,0f,0f,0f,1f],start_interpolation:0}
execute if entity @s[tag=aj.merfolk.bone.bone3] run data modify entity @s {} merge value {transformation:[-1f,-4.807940770445826e-18f,1.223702640847296e-16f,-0.3125f,0f,0.9992290362407229f,0.039259815759068666f,1.421875f,-1.2246467991473532e-16f,0.039259815759068666f,-0.9992290362407229f,0.12499999999999996f,0f,0f,0f,1f],start_interpolation:0}
execute if entity @s[tag=aj.merfolk.bone.armhands] run data modify entity @s {} merge value {transformation:[-1f,-4.807940770445826e-18f,1.223702640847296e-16f,-0.3125f,0f,0.9992290362407229f,0.039259815759068666f,1.421875f,-1.2246467991473532e-16f,0.039259815759068666f,-0.9992290362407229f,0.12499999999999996f,0f,0f,0f,1f],start_interpolation:0}
execute if entity @s[tag=aj.merfolk.bone.bone] run data modify entity @s {} merge value {transformation:[-1f,-1.0686923765729392e-18f,1.2246001683497691e-16f,-0.25f,0f,0.9999619230641713f,0.008726535498373935f,0.8125f,-1.2246467991473532e-16f,0.008726535498373935f,-0.9999619230641713f,0.12499999999999997f,0f,0f,0f,1f],start_interpolation:0}