execute if entity @s[tag=aj.merfolk.bone.t3] run data modify entity @s {} merge value {transformation:[-1f,5.175581015019657e-17f,1.1099069304367547e-16f,0.25000000000000006f,0f,0.90630778703665f,-0.4226182617406993f,0.07776035834071199f,-1.2246467991473532e-16f,-0.4226182617406993f,-0.90630778703665f,-0.08373396905226957f,0f,0f,0f,1f],start_interpolation:0}
execute if entity @s[tag=aj.merfolk.bone.t2] run data modify entity @s {} merge value {transformation:[-1f,2.1265768495757698e-17f,1.2060416625018979e-16f,0f,0f,0.9848077530122081f,-0.1736481776669302f,0.26418808981548514f,-1.2246467991473532e-16f,-0.1736481776669302f,-0.9848077530122081f,0.12773082042146264f,0f,0f,0f,1f],start_interpolation:0}
execute if entity @s[tag=aj.merfolk.bone.t1] run data modify entity @s {} merge value {transformation:[-1f,2.1265768495757698e-17f,1.2060416625018979e-16f,0.18749999999999997f,0f,0.9848077530122081f,-0.1736481776669302f,0.8125f,-1.2246467991473532e-16f,-0.1736481776669302f,-0.9848077530122081f,0.25f,0f,0f,0f,1f],start_interpolation:0}
execute if entity @s[tag=aj.merfolk.bone.nose] run data modify entity @s {} merge value {transformation:[-1f,2.867755968575787e-18f,1.224310981831139e-16f,-5.551115123125783e-17f,0f,0.9997257843514978f,-0.023417004564682896f,1.7426611384260846f,-1.2246467991473532e-16f,-0.023417004564682896f,-0.9997257843514978f,0.38212948469157837f,0f,0f,0f,1f],start_interpolation:0}
execute if entity @s[tag=aj.merfolk.bone.ear_l] run data modify entity @s {} merge value {transformation:[-0.9986295347545738f,-3.543722788598515e-18f,-0.052335956242943675f,0.25f,-0.0015144294741172885f,0.9995812462353258f,0.028897035799556353f,1.7793236822204985f,0.052314040364239124f,0.028936692530987653f,-0.9982113548773806f,0.19561227266404818f,0f,0f,0f,1f],start_interpolation:0}
execute if entity @s[tag=aj.merfolk.bone.ear_r] run data modify entity @s {} merge value {transformation:[-0.9986295347545738f,-3.543722788598515e-18f,0.052335956242943925f,-0.25f,0.0015144294741172885f,0.9995812462353258f,0.028897035799556353f,1.8105605961653524f,-0.052314040364239374f,0.028936692530987653f,-0.9982113548773806f,0.19651654430564147f,0f,0f,0f,1f],start_interpolation:0}
execute if entity @s[tag=aj.merfolk.bone.head] run data modify entity @s {} merge value {transformation:[-1f,-3.543722788598515e-18f,1.224133973689814e-16f,-0.3125f,0f,0.9995812462353258f,0.028936692530987653f,1.5f,-1.2246467991473532e-16f,0.028936692530987653f,-0.9995812462353258f,0.12499999999999996f,0f,0f,0f,1f],start_interpolation:0}
execute if entity @s[tag=aj.merfolk.bone.trident] run data modify entity @s {} merge value {transformation:[-1.3333333333333333f,-1.919223967691347e-17f,1.6215441428587353e-16f,0.1875f,0f,1.3240912759399017f,0.15671652994378343f,-0.6949170384126422f,-1.6328623988631375e-16f,0.15671652994378343f,-1.3240912759399017f,0.06326988791642256f,0f,0f,0f,1f],start_interpolation:0}
execute if entity @s[tag=aj.merfolk.bone.bone3] run data modify entity @s {} merge value {transformation:[-1f,-1.4394179757685103e-17f,1.2161581071440516e-16f,-0.3125f,0f,0.9930684569549263f,0.11753739745783758f,1.421875f,-1.2246467991473532e-16f,0.11753739745783758f,-0.9930684569549263f,0.12499999999999996f,0f,0f,0f,1f],start_interpolation:0}
execute if entity @s[tag=aj.merfolk.bone.armhands] run data modify entity @s {} merge value {transformation:[-1f,-1.4394179757685103e-17f,1.2161581071440516e-16f,-0.3125f,0f,0.9930684569549263f,0.11753739745783758f,1.421875f,-1.2246467991473532e-16f,0.11753739745783758f,-0.9930684569549263f,0.12499999999999996f,0f,0f,0f,1f],start_interpolation:0}
execute if entity @s[tag=aj.merfolk.bone.bone] run data modify entity @s {} merge value {transformation:[-1f,-3.205751595668256e-18f,1.2242271432755217e-16f,-0.25f,0f,0.9996573249755573f,0.026176948307873135f,0.8125f,-1.2246467991473532e-16f,0.026176948307873135f,-0.9996573249755573f,0.12499999999999997f,0f,0f,0f,1f],start_interpolation:0}