execute if entity @s[tag=aj.merfolk.bone.t3] run data modify entity @s {} merge value {transformation:[-1f,-5.552358911643677e-17f,1.091546099724958e-16f,0.25000000000000006f,0f,0.8913150309827576f,0.4533845118045011f,0.19716056226133866f,-1.2246467991473532e-16f,0.4533845118045011f,-0.8913150309827576f,-0.2441215212472646f,0f,0f,0f,1f],start_interpolation:0}
execute if entity @s[tag=aj.merfolk.bone.t2] run data modify entity @s {} merge value {transformation:[-1f,-2.0882945739113096e-17f,1.2067104210984437e-16f,0f,0f,0.985353835847693f,0.17052219263262364f,0.3008525042992435f,-1.2246467991473532e-16f,0.17052219263262364f,-0.985353835847693f,0.01802469254650313f,0f,0f,0f,1f],start_interpolation:0}
execute if entity @s[tag=aj.merfolk.bone.t1] run data modify entity @s {} merge value {transformation:[-1f,-3.885551220196853e-18f,1.2240302413884145e-16f,0.18749999999999997f,0f,0.9994965423831851f,0.031727933498067566f,0.8125f,-1.2246467991473532e-16f,0.031727933498067566f,-0.9994965423831851f,0.25f,0f,0f,0f,1f],start_interpolation:0}
execute if entity @s[tag=aj.merfolk.bone.nose] run data modify entity @s {} merge value {transformation:[-1f,3.1080738110657224e-18f,1.2242523311721135e-16f,-5.551115123125783e-17f,0f,0.9996778924539595f,-0.0253793486679562f,1.7293999851889192f,-1.2246467991473532e-16f,-0.0253793486679562f,-0.9996778924539595f,0.39402722314911476f,0f,0f,0f,1f],start_interpolation:0}
execute if entity @s[tag=aj.merfolk.bone.ear_l] run data modify entity @s {} merge value {transformation:[-0.9876883405951378f,-9.705874025400767e-18f,-0.15643446504023076f,0.25f,-0.012398131542650206f,0.9968544166760682f,0.07827872180654817f,1.7754118999451198f,0.155942387395712f,0.07925447592039088f,-0.9845814846217199f,0.20959372239486423f,0f,0f,0f,1f],start_interpolation:0}
execute if entity @s[tag=aj.merfolk.bone.ear_r] run data modify entity @s {} merge value {transformation:[-0.9876883405951378f,-9.705874025400767e-18f,0.15643446504023098f,-0.25f,0.012398131542650206f,0.9968544166760682f,0.07827872180654817f,1.8065636004662469f,-0.15594238739571223f,0.07925447592039088f,-0.9845814846217199f,0.2120704247673764f,0f,0f,0f,1f],start_interpolation:0}
execute if entity @s[tag=aj.merfolk.bone.head] run data modify entity @s {} merge value {transformation:[-1f,-9.705874025400767e-18f,1.2207945705982489e-16f,-0.3125f,0f,0.9968544166760682f,0.07925447592039088f,1.5f,-1.2246467991473532e-16f,0.07925447592039088f,-0.9968544166760682f,0.12499999999999996f,0f,0f,0f,1f],start_interpolation:0}
execute if entity @s[tag=aj.merfolk.bone.trident] run data modify entity @s {} merge value {transformation:[-1.3333333333333333f,-5.181148424280624e-17f,1.5484820385386537e-16f,0.1875000000000001f,0f,1.2644315402749324f,0.4230728752067895f,-0.6379898332765315f,-1.6328623988631375e-16f,0.4230728752067895f,-1.2644315402749324f,-0.3665038242533288f,0f,0f,0f,1f],start_interpolation:0}
execute if entity @s[tag=aj.merfolk.bone.bone3] run data modify entity @s {} merge value {transformation:[-1f,-3.885861318210468e-17f,1.1613615289039903e-16f,-0.3125f,0f,0.9483236552061993f,0.31730465640509214f,1.421875f,-1.2246467991473532e-16f,0.31730465640509214f,-0.9483236552061993f,0.12499999999999996f,0f,0f,0f,1f],start_interpolation:0}
execute if entity @s[tag=aj.merfolk.bone.armhands] run data modify entity @s {} merge value {transformation:[-1f,-3.885861318210468e-17f,1.1613615289039903e-16f,-0.3125f,0f,0.9483236552061993f,0.31730465640509214f,1.421875f,-1.2246467991473532e-16f,0.31730465640509214f,-0.9483236552061993f,0.12499999999999996f,0f,0f,0f,1f],start_interpolation:0}
execute if entity @s[tag=aj.merfolk.bone.bone] run data modify entity @s {} merge value {transformation:[-1f,-8.542704229054943e-18f,1.221663621095163e-16f,-0.25f,0f,0.9975640502598242f,0.0697564737441253f,0.8125f,-1.2246467991473532e-16f,0.0697564737441253f,-0.9975640502598242f,0.12499999999999997f,0f,0f,0f,1f],start_interpolation:0}