execute if entity @s[tag=aj.merfolk.bone.t3] run data modify entity @s {} merge value {transformation:[-1f,3.5123266092475e-17f,1.1731987898738974e-16f,0.25000000000000006f,0f,0.9579895123154888f,-0.2868032327110901f,0.09840832605838287f,-1.2246467991473532e-16f,-0.2868032327110901f,-0.9579895123154888f,-0.12589065475515518f,0f,0f,0f,1f],start_interpolation:0}
execute if entity @s[tag=aj.merfolk.bone.t2] run data modify entity @s {} merge value {transformation:[-1f,1.421728156871517e-17f,1.2163661755990443e-16f,0f,0f,0.993238357741943f,-0.11609291412523018f,0.27222506731311424f,-1.2246467991473532e-16f,-0.11609291412523018f,-0.993238357741943f,0.09605617831435667f,0f,0f,0f,1f],start_interpolation:0}
execute if entity @s[tag=aj.merfolk.bone.t1] run data modify entity @s {} merge value {transformation:[-1f,1.421728156871517e-17f,1.2163661755990443e-16f,0.18749999999999997f,0f,0.993238357741943f,-0.11609291412523018f,0.8125f,-1.2246467991473532e-16f,-0.11609291412523018f,-0.993238357741943f,0.25f,0f,0f,0f,1f],start_interpolation:0}
execute if entity @s[tag=aj.merfolk.bone.nose] run data modify entity @s {} merge value {transformation:[-1f,-5.688895938778937e-18f,1.2233247438687865e-16f,-5.551115123125783e-17f,0f,0.9989204599403786f,0.04645336061580993f,1.7315272907337826f,-1.2246467991473532e-16f,0.04645336061580993f,-0.9989204599403786f,0.39219864080020034f,0f,0f,0f,1f],start_interpolation:0}
execute if entity @s[tag=aj.merfolk.bone.ear_l] run data modify entity @s {} merge value {transformation:[-0.9902680687415704f,-8.736960936020648e-18f,-0.13917310096006533f,0.25f,-0.009928984808350793f,0.997451863067966f,0.07064839787935201f,1.7760744177295633f,0.1388184688415633f,0.07134270013283553f,-0.9877447301029959f,0.2074058758541079f,0f,0f,0f,1f],start_interpolation:0}
execute if entity @s[tag=aj.merfolk.bone.ear_r] run data modify entity @s {} merge value {transformation:[-0.9902680687415704f,-8.736960936020648e-18f,0.13917310096006555f,-0.25f,0.009928984808350793f,0.997451863067966f,0.07064839787935201f,1.8072447884504372f,-0.1388184688415635f,0.07134270013283553f,-0.9877447301029959f,0.20963533523325897f,0f,0f,0f,1f],start_interpolation:0}
execute if entity @s[tag=aj.merfolk.bone.head] run data modify entity @s {} merge value {transformation:[-1f,-8.736960936020648e-18f,1.2215262314097485e-16f,-0.3125f,0f,0.997451863067966f,0.07134270013283553f,1.5f,-1.2246467991473532e-16f,0.07134270013283553f,-0.997451863067966f,0.12499999999999996f,0f,0f,0f,1f],start_interpolation:0}
execute if entity @s[tag=aj.merfolk.bone.trident] run data modify entity @s {} merge value {transformation:[-1.3333333333333333f,-4.0883609404769726e-17f,1.580851878521483e-16f,0.1875000000000001f,0f,1.2908635205041437f,0.33384000540592185f,-0.6672576796827787f,-1.6328623988631375e-16f,0.33384000540592185f,-1.2908635205041437f,-0.221617638481442f,0f,0f,0f,1f],start_interpolation:0}
execute if entity @s[tag=aj.merfolk.bone.bone3] run data modify entity @s {} merge value {transformation:[-1f,-3.06627070535773e-17f,1.1856389088911123e-16f,-0.3125f,0f,0.9681476403781077f,0.2503800040544414f,1.421875f,-1.2246467991473532e-16f,0.2503800040544414f,-0.9681476403781077f,0.12499999999999996f,0f,0f,0f,1f],start_interpolation:0}
execute if entity @s[tag=aj.merfolk.bone.armhands] run data modify entity @s {} merge value {transformation:[-1f,-3.06627070535773e-17f,1.1856389088911123e-16f,-0.3125f,0f,0.9681476403781077f,0.2503800040544414f,1.421875f,-1.2246467991473532e-16f,0.2503800040544414f,-0.9681476403781077f,0.12499999999999996f,0f,0f,0f,1f],start_interpolation:0}
execute if entity @s[tag=aj.merfolk.bone.bone] run data modify entity @s {} merge value {transformation:[-1f,-6.4093061293237094e-18f,1.2229684632711994e-16f,-0.25f,0f,0.9986295347545738f,0.05233595624294383f,0.8125f,-1.2246467991473532e-16f,0.05233595624294383f,-0.9986295347545738f,0.12499999999999997f,0f,0f,0f,1f],start_interpolation:0}