execute if entity @s[tag=aj.merfolk.bone.t3] run data modify entity @s {} merge value {transformation:[-1f,3.04879901129071e-17f,1.1860893847216515e-16f,0.25f,0f,0.9685154818086757f,-0.24895333196586986f,0.041423274295262935f,-1.2246467991473532e-16f,-0.24895333196586986f,-0.9685154818086757f,0.01196347716902424f,0f,0f,0f,1f],start_interpolation:0}
execute if entity @s[tag=aj.merfolk.bone.t2] run data modify entity @s {} merge value {transformation:[-1f,3.6362258724740255e-17f,1.1694179734831181e-16f,-2.7755575615628914e-17f,0f,0.9549022414440739f,-0.29692037532827487f,0.2531210063207274f,-1.2246467991473532e-16f,-0.29692037532827487f,-0.9549022414440739f,0.19812664889016413f,0f,0f,0f,1f],start_interpolation:0}
execute if entity @s[tag=aj.merfolk.bone.t1] run data modify entity @s {} merge value {transformation:[-1f,3.6362258724740255e-17f,1.1694179734831181e-16f,0.18749999999999997f,0f,0.9549022414440739f,-0.29692037532827487f,0.8125f,-1.2246467991473532e-16f,-0.29692037532827487f,-0.9549022414440739f,0.25f,0f,0f,0f,1f],start_interpolation:0}
execute if entity @s[tag=aj.merfolk.bone.nose] run data modify entity @s {} merge value {transformation:[-1f,6.688712338087265e-18f,1.2228188317930377e-16f,-5.551115123125783e-17f,0f,0.9985073513803423f,-0.05461748107898706f,1.7325609402287558f,-1.2246467991473532e-16f,-0.05461748107898706f,-0.9985073513803423f,0.39129947254907776f,0f,0f,0f,1f],start_interpolation:0}
execute if entity @s[tag=aj.merfolk.bone.ear_l] run data modify entity @s {} merge value {transformation:[-0.992546151641322f,-8.26355712280236e-18f,-0.12186934340514738f,0.25f,-0.008223385562661967f,0.9977208255556673f,0.06697410083312383f,1.7763916656474912f,0.12159158191211077f,0.0674770646406439f,-0.9902839658176803f,0.20633547602741031f,0f,0f,0f,1f],start_interpolation:0}
execute if entity @s[tag=aj.merfolk.bone.ear_r] run data modify entity @s {} merge value {transformation:[-0.992546151641322f,-8.26355712280236e-18f,0.12186934340514763f,-0.25f,0.008223385562661967f,0.9977208255556673f,0.06697410083312383f,1.8075704414461058f,-0.12159158191211102f,0.0674770646406439f,-0.9902839658176803f,0.20844413429743036f,0f,0f,0f,1f],start_interpolation:0}
execute if entity @s[tag=aj.merfolk.bone.head] run data modify entity @s {} merge value {transformation:[-1f,-8.26355712280236e-18f,1.2218556154594029e-16f,-0.3125f,0f,0.9977208255556673f,0.0674770646406439f,1.5f,-1.2246467991473532e-16f,0.0674770646406439f,-0.9977208255556673f,0.12499999999999996f,0f,0f,0f,1f],start_interpolation:0}
execute if entity @s[tag=aj.merfolk.bone.trident] run data modify entity @s {} merge value {transformation:[-1.3333333333333333f,-4.432249041151743e-17f,1.5715569661940908e-16f,0.1875000000000001f,0f,1.283273648604863f,0.361920599820099f,-0.6591990987441139f,-1.6328623988631375e-16f,0.361920599820099f,-1.283273648604863f,-0.26710934209908205f,0f,0f,0f,1f],start_interpolation:0}
execute if entity @s[tag=aj.merfolk.bone.bone3] run data modify entity @s {} merge value {transformation:[-1f,-3.324186780863808e-17f,1.1786677246455682e-16f,-0.3125f,0f,0.9624552364536473f,0.27144044986507426f,1.421875f,-1.2246467991473532e-16f,0.27144044986507426f,-0.9624552364536473f,0.12499999999999996f,0f,0f,0f,1f],start_interpolation:0}
execute if entity @s[tag=aj.merfolk.bone.armhands] run data modify entity @s {} merge value {transformation:[-1f,-3.324186780863808e-17f,1.1786677246455682e-16f,-0.3125f,0f,0.9624552364536473f,0.27144044986507426f,1.421875f,-1.2246467991473532e-16f,0.27144044986507426f,-0.9624552364536473f,0.12499999999999996f,0f,0f,0f,1f],start_interpolation:0}
execute if entity @s[tag=aj.merfolk.bone.bone] run data modify entity @s {} merge value {transformation:[-1f,-7.476289853398312e-18f,1.2223625860049279e-16f,-0.25f,0f,0.9981347984218669f,0.06104853953485688f,0.8125f,-1.2246467991473532e-16f,0.06104853953485688f,-0.9981347984218669f,0.12499999999999997f,0f,0f,0f,1f],start_interpolation:0}