execute if entity @s[tag=aj.merfolk.bone.t3] run data modify entity @s {} merge value {transformation:[-1f,1.8801195093985152e-17f,1.2101286249674654e-16f,0.25f,0f,0.9881450111248435f,-0.15352340860299699f,0.0536228764816829f,-1.2246467991473532e-16f,-0.15352340860299699f,-0.9881450111248435f,-0.024456216044681622f,0f,0f,0f,1f],start_interpolation:0}
execute if entity @s[tag=aj.merfolk.bone.t2] run data modify entity @s {} merge value {transformation:[-1f,3.075675786136093e-17f,1.185395278903885e-16f,-2.7755575615628914e-17f,0f,0.9679487013963562f,-0.25114798718107934f,0.25622282641471994f,-1.2246467991473532e-16f,-0.25114798718107934f,-0.9679487013963562f,0.17156907961159557f,0f,0f,0f,1f],start_interpolation:0}
execute if entity @s[tag=aj.merfolk.bone.t1] run data modify entity @s {} merge value {transformation:[-1f,3.075675786136093e-17f,1.185395278903885e-16f,0.18749999999999997f,0f,0.9679487013963562f,-0.25114798718107934f,0.8125f,-1.2246467991473532e-16f,-0.25114798718107934f,-0.9679487013963562f,0.25f,0f,0f,0f,1f],start_interpolation:0}
execute if entity @s[tag=aj.merfolk.bone.nose] run data modify entity @s {} merge value {transformation:[-1f,7.643077900790904e-18f,1.222259431823744e-16f,-5.551115123125783e-17f,0f,0.9980505666407071f,-0.06241046729646714f,1.7299811915110832f,-1.2246467991473532e-16f,-0.06241046729646714f,-0.9980505666407071f,0.3935305411887863f,0f,0f,0f,1f],start_interpolation:0}
execute if entity @s[tag=aj.merfolk.bone.ear_l] run data modify entity @s {} merge value {transformation:[-0.9902680687415704f,-9.441867538402228e-18f,-0.1391731009600653f,0.25f,-0.010730065069279674f,0.9970234653997391f,0.07634838011316504f,1.7755941809339637f,0.13875884740963207f,0.07709869935540618f,-0.9873205015714275f,0.20899797578119172f,0f,0f,0f,1f],start_interpolation:0}
execute if entity @s[tag=aj.merfolk.bone.ear_r] run data modify entity @s {} merge value {transformation:[-0.9902680687415704f,-9.441867538402228e-18f,0.13917310096006552f,-0.25f,0.010730065069279674f,0.9970234653997391f,0.07634838011316504f,1.8067511642277057f,-0.1387588474096323f,0.07709869935540618f,-0.9873205015714275f,0.2114073101360481f,0f,0f,0f,1f],start_interpolation:0}
execute if entity @s[tag=aj.merfolk.bone.head] run data modify entity @s {} merge value {transformation:[-1f,-9.441867538402228e-18f,1.2210015955765924e-16f,-0.3125f,0f,0.9970234653997391f,0.07709869935540618f,1.5f,-1.2246467991473532e-16f,0.07709869935540618f,-0.9970234653997391f,0.12499999999999996f,0f,0f,0f,1f],start_interpolation:0}
execute if entity @s[tag=aj.merfolk.bone.trident] run data modify entity @s {} merge value {transformation:[-1.3333333333333333f,-5.045822307245533e-17f,1.5529444246521234e-16f,0.1875000000000001f,0f,1.2680753550602049f,0.4120226591665965f,-0.6422005255053924f,-1.6328623988631375e-16f,0.4120226591665965f,-1.2680753550602049f,-0.34850962570431326f,0f,0f,0f,1f],start_interpolation:0}
execute if entity @s[tag=aj.merfolk.bone.bone3] run data modify entity @s {} merge value {transformation:[-1f,-3.78436673043415e-17f,1.1647083184890926e-16f,-0.3125f,0f,0.9510565162951536f,0.3090169943749474f,1.421875f,-1.2246467991473532e-16f,0.3090169943749474f,-0.9510565162951536f,0.12499999999999996f,0f,0f,0f,1f],start_interpolation:0}
execute if entity @s[tag=aj.merfolk.bone.armhands] run data modify entity @s {} merge value {transformation:[-1f,-3.78436673043415e-17f,1.1647083184890926e-16f,-0.3125f,0f,0.9510565162951536f,0.3090169943749474f,1.421875f,-1.2246467991473532e-16f,0.3090169943749474f,-0.9510565162951536f,0.12499999999999996f,0f,0f,0f,1f],start_interpolation:0}
execute if entity @s[tag=aj.merfolk.bone.bone] run data modify entity @s {} merge value {transformation:[-1f,-8.542704229054942e-18f,1.221663621095163e-16f,-0.25f,0f,0.9975640502598242f,0.06975647374412529f,0.8125f,-1.2246467991473532e-16f,0.06975647374412529f,-0.9975640502598242f,0.12499999999999997f,0f,0f,0f,1f],start_interpolation:0}