execute if entity @s[tag=aj.merfolk.bone.t3] run data modify entity @s {} merge value {transformation:[-1f,6.9359355835542464e-18f,1.2226810959608136e-16f,0.25000000000000006f,0f,0.9983948815381641f,-0.056636212076684594f,0.06754157943354452f,-1.2246467991473532e-16f,-0.056636212076684594f,-0.9983948815381641f,-0.060254177654600255f,0f,0f,0f,1f],start_interpolation:0}
execute if entity @s[tag=aj.merfolk.bone.t2] run data modify entity @s {} merge value {transformation:[-1f,2.5081583049007033e-17f,1.198687282754528e-16f,0f,0f,0.9788024462147787f,-0.20480666806519077f,0.26058479322452666f,-1.2246467991473532e-16f,-0.20480666806519077f,-0.9788024462147787f,0.14518918159375602f,0f,0f,0f,1f],start_interpolation:0}
execute if entity @s[tag=aj.merfolk.bone.t1] run data modify entity @s {} merge value {transformation:[-1f,2.5081583049007033e-17f,1.198687282754528e-16f,0.18749999999999997f,0f,0.9788024462147787f,-0.20480666806519077f,0.8125f,-1.2246467991473532e-16f,-0.20480666806519077f,-0.9788024462147787f,0.25f,0f,0f,0f,1f],start_interpolation:0}
execute if entity @s[tag=aj.merfolk.bone.nose] run data modify entity @s {} merge value {transformation:[-1f,-1.9531828131504125e-18f,1.2244910331855024e-16f,-5.551115123125783e-17f,0f,0.9998728074396966f,0.015948948011053427f,1.7265754175808703f,-1.2246467991473532e-16f,0.015948948011053427f,-0.9998728074396966f,0.3964103537967081f,0f,0f,0f,1f],start_interpolation:0}
execute if entity @s[tag=aj.merfolk.bone.ear_l] run data modify entity @s {} merge value {transformation:[-0.9855560590580777f,-1.0981392225340304e-17f,-0.1693495038490245f,0.25f,-0.015185548406509597f,0.9959715427551568f,0.0883746860900028f,1.774512629372908f,0.1686672866133333f,0.08966987243167562f,-0.981585788611766f,0.2124678730436061f,0f,0f,0f,1f],start_interpolation:0}
execute if entity @s[tag=aj.merfolk.bone.ear_r] run data modify entity @s {} merge value {transformation:[-0.9855560590580777f,-1.0981392225340304e-17f,0.16934950384902472f,-0.25f,0.015185548406509597f,0.9959715427551568f,0.0883746860900028f,1.8056367400840068f,-0.16866728661333352f,0.08966987243167562f,-0.981585788611766f,0.21527005655709588f,0f,0f,0f,1f],start_interpolation:0}
execute if entity @s[tag=aj.merfolk.bone.head] run data modify entity @s {} merge value {transformation:[-1f,-1.0981392225340304e-17f,1.219713361876954e-16f,-0.3125f,0f,0.9959715427551568f,0.08966987243167562f,1.5f,-1.2246467991473532e-16f,0.08966987243167562f,-0.9959715427551568f,0.12499999999999996f,0f,0f,0f,1f],start_interpolation:0}
execute if entity @s[tag=aj.merfolk.bone.trident] run data modify entity @s {} merge value {transformation:[-1.3333333333333333f,-5.984460722553186e-17f,1.519243861999535e-16f,0.1875000000000001f,0f,1.240556757309366f,0.488668302299063f,-0.609443537472889f,-1.6328623988631375e-16f,0.488668302299063f,-1.240556757309366f,-0.47363523112493483f,0f,0f,0f,1f],start_interpolation:0}
execute if entity @s[tag=aj.merfolk.bone.bone3] run data modify entity @s {} merge value {transformation:[-1f,-4.48834554191489e-17f,1.1394328964996512e-16f,-0.3125f,0f,0.9304175679820246f,0.36650122672429725f,1.421875f,-1.2246467991473532e-16f,0.36650122672429725f,-0.9304175679820246f,0.12499999999999996f,0f,0f,0f,1f],start_interpolation:0}
execute if entity @s[tag=aj.merfolk.bone.armhands] run data modify entity @s {} merge value {transformation:[-1f,-4.48834554191489e-17f,1.1394328964996512e-16f,-0.3125f,0f,0.9304175679820246f,0.36650122672429725f,1.421875f,-1.2246467991473532e-16f,0.36650122672429725f,-0.9304175679820246f,0.12499999999999996f,0f,0f,0f,1f],start_interpolation:0}
execute if entity @s[tag=aj.merfolk.bone.bone] run data modify entity @s {} merge value {transformation:[-1f,-1.0141080627295086e-17f,1.220440752774557e-16f,-0.25f,0f,0.9965655024977614f,0.08280820751220434f,0.8125f,-1.2246467991473532e-16f,0.08280820751220434f,-0.9965655024977614f,0.12499999999999997f,0f,0f,0f,1f],start_interpolation:0}