execute if entity @s[tag=aj.merfolk.bone.t3] run data modify entity @s {} merge value {transformation:[-1f,4.5214712653200524e-17f,1.1381224708398955e-16f,0.25f,0f,0.9293475242268225f,-0.3692061473126845f,0.04398425594056771f,-1.2246467991473532e-16f,-0.3692061473126845f,-0.9293475242268225f,0.0038206867793775523f,0f,0f,0f,1f],start_interpolation:0}
execute if entity @s[tag=aj.merfolk.bone.t2] run data modify entity @s {} merge value {transformation:[-1f,3.512326609247501e-17f,1.1731987898738974e-16f,-2.7755575615628914e-17f,0f,0.9579895123154889f,-0.2868032327110902f,0.2537009934330112f,-1.2246467991473532e-16f,-0.2868032327110902f,-0.9579895123154889f,0.1922126883758507f,0f,0f,0f,1f],start_interpolation:0}
execute if entity @s[tag=aj.merfolk.bone.t1] run data modify entity @s {} merge value {transformation:[-1f,3.512326609247501e-17f,1.1731987898738974e-16f,0.18749999999999997f,0f,0.9579895123154889f,-0.2868032327110902f,0.8125f,-1.2246467991473532e-16f,-0.2868032327110902f,-0.9579895123154889f,0.25f,0f,0f,0f,1f],start_interpolation:0}
execute if entity @s[tag=aj.merfolk.bone.nose] run data modify entity @s {} merge value {transformation:[-1f,-3.660875028994204e-18f,1.2240994984330588e-16f,-5.551115123125783e-17f,0f,0.9995530950518342f,0.029893313170320186f,1.7259123726476464f,-1.2246467991473532e-16f,0.029893313170320186f,-0.9995530950518342f,0.3969624972026675f,0f,0f,0f,1f],start_interpolation:0}
execute if entity @s[tag=aj.merfolk.bone.ear_l] run data modify entity @s {} merge value {transformation:[-0.9883615104677607f,-1.1279027527328724e-17f,-0.15212338618991658f,0.25f,-0.014010601763554505f,0.9957497397006279f,0.0910283413248585f,1.774298348721424f,0.15147682220098752f,0.09210024911004236f,-0.984160716778392f,0.2131375537934887f,0f,0f,0f,1f],start_interpolation:0}
execute if entity @s[tag=aj.merfolk.bone.ear_r] run data modify entity @s {} merge value {transformation:[-0.9883615104677607f,-1.1279027527328724e-17f,0.1521233861899168f,-0.25f,0.014010601763554505f,0.9957497397006279f,0.0910283413248585f,1.8054155280870685f,-0.15147682220098774f,0.09210024911004236f,-0.984160716778392f,0.21601568657817746f,0f,0f,0f,1f],start_interpolation:0}
execute if entity @s[tag=aj.merfolk.bone.head] run data modify entity @s {} merge value {transformation:[-1f,-1.1279027527328724e-17f,1.219441731476184e-16f,-0.3125f,0f,0.9957497397006279f,0.09210024911004236f,1.5f,-1.2246467991473532e-16f,0.09210024911004236f,-0.9957497397006279f,0.12499999999999996f,0f,0f,0f,1f],start_interpolation:0}
execute if entity @s[tag=aj.merfolk.bone.trident] run data modify entity @s {} merge value {transformation:[-1.3333333333333333f,-4.91011193130605e-17f,1.5572885480351864e-16f,0.1875000000000001f,0f,1.271622600997636f,0.4009410660056974f,-0.6462540303915927f,-1.6328623988631375e-16f,0.4009410660056974f,-1.271622600997636f,-0.33047936756403345f,0f,0f,0f,1f],start_interpolation:0}
execute if entity @s[tag=aj.merfolk.bone.bone3] run data modify entity @s {} merge value {transformation:[-1f,-3.6825839484795376e-17f,1.16796641102639e-16f,-0.3125f,0f,0.9537169507482269f,0.30070579950427306f,1.421875f,-1.2246467991473532e-16f,0.30070579950427306f,-0.9537169507482269f,0.12499999999999996f,0f,0f,0f,1f],start_interpolation:0}
execute if entity @s[tag=aj.merfolk.bone.armhands] run data modify entity @s {} merge value {transformation:[-1f,-3.6825839484795376e-17f,1.16796641102639e-16f,-0.3125f,0f,0.9537169507482269f,0.30070579950427306f,1.421875f,-1.2246467991473532e-16f,0.30070579950427306f,-0.9537169507482269f,0.12499999999999996f,0f,0f,0f,1f],start_interpolation:0}
execute if entity @s[tag=aj.merfolk.bone.bone] run data modify entity @s {} merge value {transformation:[-1f,-8.00957328659154e-18f,1.2220247363447802e-16f,-0.25f,0f,0.9978589232386035f,0.06540312923014306f,0.8125f,-1.2246467991473532e-16f,0.06540312923014306f,-0.9978589232386035f,0.12499999999999997f,0f,0f,0f,1f],start_interpolation:0}