execute if entity @s[tag=aj.merfolk.bone.t3] run data modify entity @s {} merge value {transformation:[-1f,1.8801195093985128e-17f,1.2101286249674654e-16f,0.25f,0f,0.9881450111248435f,-0.1535234086029968f,0.05362287648168296f,-1.2246467991473532e-16f,-0.1535234086029968f,-0.9881450111248435f,-0.024456216044681706f,0f,0f,0f,1f],start_interpolation:0}
execute if entity @s[tag=aj.merfolk.bone.t2] run data modify entity @s {} merge value {transformation:[-1f,3.0756757861360915e-17f,1.185395278903885e-16f,-2.7755575615628914e-17f,0f,0.9679487013963562f,-0.2511479871810792f,0.25622282641471994f,-1.2246467991473532e-16f,-0.2511479871810792f,-0.9679487013963562f,0.1715690796115955f,0f,0f,0f,1f],start_interpolation:0}
execute if entity @s[tag=aj.merfolk.bone.t1] run data modify entity @s {} merge value {transformation:[-1f,3.0756757861360915e-17f,1.185395278903885e-16f,0.18749999999999997f,0f,0.9679487013963562f,-0.2511479871810792f,0.8125f,-1.2246467991473532e-16f,-0.2511479871810792f,-0.9679487013963562f,0.25f,0f,0f,0f,1f],start_interpolation:0}
execute if entity @s[tag=aj.merfolk.bone.nose] run data modify entity @s {} merge value {transformation:[-1f,-2.130727714716614e-18f,1.2244614255265173e-16f,-5.551115123125783e-17f,0f,0.9998486309514182f,0.017398712152761994f,1.7243524333006557f,-1.2246467991473532e-16f,0.017398712152761994f,-0.9998486309514182f,0.39825077433023837f,0f,0f,0f,1f],start_interpolation:0}
execute if entity @s[tag=aj.merfolk.bone.ear_l] run data modify entity @s {} merge value {transformation:[-0.9862856015372314f,-1.197663936509885e-17f,-0.16504760586067754f,0.25f,-0.016141108234983166f,0.995206415261788f,0.09645545939306949f,1.7737895116636802f,0.16425643617614535f,0.09779668205916557f,-0.9815577579301843f,0.2147057177830021f,0f,0f,0f,1f],start_interpolation:0}
execute if entity @s[tag=aj.merfolk.bone.ear_r] run data modify entity @s {} merge value {transformation:[-0.9862856015372314f,-1.197663936509885e-17f,0.16504760586067777f,-0.25f,0.016141108234983166f,0.995206415261788f,0.09645545939306949f,1.8048897121406111f,-0.16425643617614558f,0.09779668205916557f,-0.9815577579301843f,0.21776186409735096f,0f,0f,0f,1f],start_interpolation:0}
execute if entity @s[tag=aj.merfolk.bone.head] run data modify entity @s {} merge value {transformation:[-1f,-1.197663936509885e-17f,1.2187763509412602e-16f,-0.3125f,0f,0.995206415261788f,0.09779668205916557f,1.5f,-1.2246467991473532e-16f,0.09779668205916557f,-0.995206415261788f,0.12499999999999996f,0f,0f,0f,1f],start_interpolation:0}
execute if entity @s[tag=aj.merfolk.bone.trident] run data modify entity @s {} merge value {transformation:[-1.3333333333333333f,-5.718404646629113e-17f,1.5294567978845254e-16f,0.1875000000000001f,0f,1.2488962523311968f,0.46694317501262317f,-0.6195817831819892f,-1.6328623988631375e-16f,0.46694317501262317f,-1.2488962523311968f,-0.43809265936011427f,0f,0f,0f,1f],start_interpolation:0}
execute if entity @s[tag=aj.merfolk.bone.bone3] run data modify entity @s {} merge value {transformation:[-1f,-4.288803484971835e-17f,1.1470925984133942e-16f,-0.3125f,0f,0.9366721892483977f,0.3502073812594674f,1.421875f,-1.2246467991473532e-16f,0.3502073812594674f,-0.9366721892483977f,0.12499999999999996f,0f,0f,0f,1f],start_interpolation:0}
execute if entity @s[tag=aj.merfolk.bone.armhands] run data modify entity @s {} merge value {transformation:[-1f,-4.288803484971835e-17f,1.1470925984133942e-16f,-0.3125f,0f,0.9366721892483977f,0.3502073812594674f,1.421875f,-1.2246467991473532e-16f,0.3502073812594674f,-0.9366721892483977f,0.12499999999999996f,0f,0f,0f,1f],start_interpolation:0}
execute if entity @s[tag=aj.merfolk.bone.bone] run data modify entity @s {} merge value {transformation:[-1f,-9.608468044710109e-18f,1.220871621770789e-16f,-0.25f,0f,0.996917333733128f,0.07845909572784494f,0.8125f,-1.2246467991473532e-16f,0.07845909572784494f,-0.996917333733128f,0.12499999999999997f,0f,0f,0f,1f],start_interpolation:0}