execute if entity @s[tag=aj.merfolk.bone.t3] run data modify entity @s {} merge value {transformation:[-1f,5.175581015019658e-17f,1.1099069304367545e-16f,0.25000000000000006f,0f,0.9063077870366499f,-0.4226182617406994f,0.07776035834071199f,-1.2246467991473532e-16f,-0.4226182617406994f,-0.9063077870366499f,-0.08373396905226946f,0f,0f,0f,1f],start_interpolation:0}
execute if entity @s[tag=aj.merfolk.bone.t2] run data modify entity @s {} merge value {transformation:[-1f,2.1265768495757713e-17f,1.2060416625018976e-16f,0f,0f,0.984807753012208f,-0.17364817766693033f,0.26418808981548514f,-1.2246467991473532e-16f,-0.17364817766693033f,-0.984807753012208f,0.12773082042146272f,0f,0f,0f,1f],start_interpolation:0}
execute if entity @s[tag=aj.merfolk.bone.t1] run data modify entity @s {} merge value {transformation:[-1f,2.1265768495757713e-17f,1.2060416625018976e-16f,0.18749999999999997f,0f,0.984807753012208f,-0.17364817766693033f,0.8125f,-1.2246467991473532e-16f,-0.17364817766693033f,-0.984807753012208f,0.25f,0f,0f,0f,1f],start_interpolation:0}
execute if entity @s[tag=aj.merfolk.bone.nose] run data modify entity @s {} merge value {transformation:[-1f,-5.013035068612544e-18f,1.2236203376055595e-16f,-5.551115123125783e-17f,0f,0.9991618305437059f,0.04093453779573682f,1.7296666909039609f,-1.2246467991473532e-16f,0.04093453779573682f,-0.9991618305437059f,0.3937995741983689f,0f,0f,0f,1f],start_interpolation:0}
execute if entity @s[tag=aj.merfolk.bone.ear_l] run data modify entity @s {} merge value {transformation:[-0.9896513868196702f,-9.584792053580737e-18f,-0.1434926219911792f,0.25f,-0.011230560059978845f,0.9969325302046598f,0.07745582444512636f,1.7754956637082595f,0.1430524627073671f,0.078265766588816f,-0.9866156610826843f,0.20932052999089576f,0f,0f,0f,1f],start_interpolation:0}
execute if entity @s[tag=aj.merfolk.bone.ear_r] run data modify entity @s {} merge value {transformation:[-0.9896513868196702f,-9.584792053580737e-18f,0.14349262199117943f,-0.25f,0.011230560059978845f,0.9969325302046598f,0.07745582444512636f,1.8066498052771551f,-0.14305246270736732f,0.078265766588816f,-0.9866156610826843f,0.2117663351967962f,0f,0f,0f,1f],start_interpolation:0}
execute if entity @s[tag=aj.merfolk.bone.head] run data modify entity @s {} merge value {transformation:[-1f,-9.584792053580737e-18f,1.2208902320810086e-16f,-0.3125f,0f,0.9969325302046598f,0.078265766588816f,1.5f,-1.2246467991473532e-16f,0.078265766588816f,-0.9969325302046598f,0.12499999999999996f,0f,0f,0f,1f],start_interpolation:0}
execute if entity @s[tag=aj.merfolk.bone.trident] run data modify entity @s {} merge value {transformation:[-1.3333333333333333f,-4.363634958314318e-17f,1.5734759334438046e-16f,0.1875000000000001f,0f,1.284840604278164f,0.3563178347710091f,-0.6608901827516123f,-1.6328623988631375e-16f,0.3563178347710091f,-1.284840604278164f,-0.2580252395634562f,0f,0f,0f,1f],start_interpolation:0}
execute if entity @s[tag=aj.merfolk.bone.bone3] run data modify entity @s {} merge value {transformation:[-1f,-3.2727262187357386e-17f,1.1801069500828535e-16f,-0.3125f,0f,0.963630453208623f,0.26723837607825685f,1.421875f,-1.2246467991473532e-16f,0.26723837607825685f,-0.963630453208623f,0.12499999999999996f,0f,0f,0f,1f],start_interpolation:0}
execute if entity @s[tag=aj.merfolk.bone.armhands] run data modify entity @s {} merge value {transformation:[-1f,-3.2727262187357386e-17f,1.1801069500828535e-16f,-0.3125f,0f,0.963630453208623f,0.26723837607825685f,1.421875f,-1.2246467991473532e-16f,0.26723837607825685f,-0.963630453208623f,0.12499999999999996f,0f,0f,0f,1f],start_interpolation:0}
execute if entity @s[tag=aj.merfolk.bone.bone] run data modify entity @s {} merge value {transformation:[-1f,-6.942864082423113e-18f,1.222677163643436e-16f,-0.25f,0f,0.9983916705573488f,0.0566927875633775f,0.8125f,-1.2246467991473532e-16f,0.0566927875633775f,-0.9983916705573488f,0.12499999999999997f,0f,0f,0f,1f],start_interpolation:0}