execute if entity @s[tag=aj.merfolk.bone.t3] run data modify entity @s {} merge value {transformation:[-1f,-5.193184974986368e-17f,1.1090843434192082e-16f,0.25000000000000006f,0f,0.905636093763031f,0.42405573415960146f,0.1654507585593831f,-1.2246467991473532e-16f,0.42405573415960146f,-0.905636093763031f,-0.21007630012548237f,0f,0f,0f,1f],start_interpolation:0}
execute if entity @s[tag=aj.merfolk.bone.t2] run data modify entity @s {} merge value {transformation:[-1f,-1.0867057384060163e-17f,1.2198157602863688e-16f,0f,0f,0.9960551574018338f,0.08873625760199783f,0.2903941978172967f,-1.2246467991473532e-16f,0.08873625760199783f,-0.9960551574018338f,0.04263260995962734f,0f,0f,0f,1f],start_interpolation:0}
execute if entity @s[tag=aj.merfolk.bone.t1] run data modify entity @s {} merge value {transformation:[-1f,1.943020182568537e-18f,1.224492650006063e-16f,0.18749999999999997f,0f,0.9998741276738751f,-0.01586596383480807f,0.8125f,-1.2246467991473532e-16f,-0.01586596383480807f,-0.9998741276738751f,0.25f,0f,0f,0f,1f],start_interpolation:0}
execute if entity @s[tag=aj.merfolk.bone.nose] run data modify entity @s {} merge value {transformation:[-1f,4.1518901687442815e-18f,1.2239427941960875e-16f,-5.551115123125783e-17f,0f,0.9994251363317522f,-0.03390275605697078f,1.7269895111117506f,-1.2246467991473532e-16f,-0.03390275605697078f,-0.9994251363317522f,0.3960641286582355f,0f,0f,0f,1f],start_interpolation:0}
execute if entity @s[tag=aj.merfolk.bone.ear_l] run data modify entity @s {} merge value {transformation:[-0.9869963665602319f,-1.0795167860389301e-17f,-0.160742565603826f,0.25f,-0.014169334204858788f,0.9961072795399722f,0.08700297475182489f,1.7746458451773066f,0.16011683972990262f,0.0881492350929698f,-0.9831542656101498f,0.21204867734114605f,0f,0f,0f,1f],start_interpolation:0}
execute if entity @s[tag=aj.merfolk.bone.ear_r] run data modify entity @s {} merge value {transformation:[-0.9869963665602319f,-1.0795167860389301e-17f,0.16074256560382622f,-0.25f,0.014169334204858788f,0.9961072795399722f,0.08700297475182489f,1.8057741976629307f,-0.16011683972990284f,0.0881492350929698f,-0.9831542656101498f,0.2148033409378013f,0f,0f,0f,1f],start_interpolation:0}
execute if entity @s[tag=aj.merfolk.bone.head] run data modify entity @s {} merge value {transformation:[-1f,-1.0795167860389301e-17f,1.2198795914960048e-16f,-0.3125f,0f,0.9961072795399722f,0.0881492350929698f,1.5f,-1.2246467991473532e-16f,0.0881492350929698f,-0.9961072795399722f,0.12499999999999996f,0f,0f,0f,1f],start_interpolation:0}
execute if entity @s[tag=aj.merfolk.bone.trident] run data modify entity @s {} merge value {transformation:[-1.3333333333333333f,-5.450606689254249e-17f,1.5392038464126994e-16f,0.1875000000000001f,0f,1.256855321456238f,0.4450758123116946f,-0.6290981813788958f,-1.6328623988631375e-16f,0.4450758123116946f,-1.256855321456238f,-0.40237856411645206f,0f,0f,0f,1f],start_interpolation:0}
execute if entity @s[tag=aj.merfolk.bone.bone3] run data modify entity @s {} merge value {transformation:[-1f,-4.087955016940687e-17f,1.1544028848095246e-16f,-0.3125f,0f,0.9426414910921784f,0.33380685923377096f,1.421875f,-1.2246467991473532e-16f,0.33380685923377096f,-0.9426414910921784f,0.12499999999999996f,0f,0f,0f,1f],start_interpolation:0}
execute if entity @s[tag=aj.merfolk.bone.armhands] run data modify entity @s {} merge value {transformation:[-1f,-4.087955016940687e-17f,1.1544028848095246e-16f,-0.3125f,0f,0.9426414910921784f,0.33380685923377096f,1.421875f,-1.2246467991473532e-16f,0.33380685923377096f,-0.9426414910921784f,0.12499999999999996f,0f,0f,0f,1f],start_interpolation:0}
execute if entity @s[tag=aj.merfolk.bone.bone] run data modify entity @s {} merge value {transformation:[-1f,-9.07567253074387e-18f,1.2212792471311907e-16f,-0.25f,0f,0.9972501850994857f,0.07410849019539925f,0.8125f,-1.2246467991473532e-16f,0.07410849019539925f,-0.9972501850994857f,0.12499999999999997f,0f,0f,0f,1f],start_interpolation:0}