execute if entity @s[tag=aj.merfolk.bone.t3] run data modify entity @s {} merge value {transformation:[-1f,-2.1101727597284906e-17f,1.206329760846037e-16f,0.25000000000000006f,0f,0.9850430031629775f,0.17230868207859396f,0.10828931852376147f,-1.2246467991473532e-16f,0.17230868207859396f,-0.9850430031629775f,-0.13555142585618618f,0f,0f,0f,1f],start_interpolation:0}
execute if entity @s[tag=aj.merfolk.bone.t2] run data modify entity @s {} merge value {transformation:[-1f,9.317874339550129e-18f,1.2210968448248048e-16f,0f,0f,0.9971012423132773f,-0.0760862180510952f,0.27304680970706885f,-1.2246467991473532e-16f,-0.0760862180510952f,-0.9971012423132773f,0.09320089729919157f,0f,0f,0f,1f],start_interpolation:0}
execute if entity @s[tag=aj.merfolk.bone.t1] run data modify entity @s {} merge value {transformation:[-1f,1.3573764673202775e-17f,1.2171010943719955e-16f,0.18749999999999997f,0f,0.9938384644612541f,-0.11083819990101113f,0.8125f,-1.2246467991473532e-16f,-0.11083819990101113f,-0.9938384644612541f,0.25f,0f,0f,0f,1f],start_interpolation:0}
execute if entity @s[tag=aj.merfolk.bone.nose] run data modify entity @s {} merge value {transformation:[-1f,-1.5980810641791803e-18f,1.2245425253347018e-16f,-5.551115123125783e-17f,0f,0.999914853970366f,0.013049322182459681f,1.7309759485593927f,-1.2246467991473532e-16f,0.013049322182459681f,-0.999914853970366f,0.39267538397672797f,0f,0f,0f,1f],start_interpolation:0}
execute if entity @s[tag=aj.merfolk.bone.ear_l] run data modify entity @s {} merge value {transformation:[-0.9876883405951378f,-8.988769222870937e-18f,-0.15643446504023076f,0.25f,-0.011482113093578699f,0.9973026650722414f,0.07249520893625266f,1.775903945124401f,0.15601250889377252f,0.0733988708346706f,-0.9850242143363106f,0.20797484898926621f,0f,0f,0f,1f],start_interpolation:0}
execute if entity @s[tag=aj.merfolk.bone.ear_r] run data modify entity @s {} merge value {transformation:[-0.9876883405951378f,-8.988769222870937e-18f,0.15643446504023098f,-0.25f,0.011482113093578699f,0.9973026650722414f,0.07249520893625266f,1.8070696534079085f,-0.15601250889377274f,0.0733988708346706f,-0.9850242143363106f,0.2102685637028496f,0f,0f,0f,1f],start_interpolation:0}
execute if entity @s[tag=aj.merfolk.bone.head] run data modify entity @s {} merge value {transformation:[-1f,-8.988769222870937e-18f,1.2213435165618453e-16f,-0.3125f,0f,0.9973026650722414f,0.0733988708346706f,1.5f,-1.2246467991473532e-16f,0.0733988708346706f,-0.9973026650722414f,0.12499999999999996f,0f,0f,0f,1f],start_interpolation:0}
execute if entity @s[tag=aj.merfolk.bone.trident] run data modify entity @s {} merge value {transformation:[-1.3333333333333333f,-5.651615281070047e-17f,1.5319373553669991e-16f,0.1875000000000001f,0f,1.2509217812299789f,0.4614894094366573f,-0.6220192974135199f,-1.6328623988631375e-16f,0.4614894094366573f,-1.2509217812299789f,-0.4291797917873708f,0f,0f,0f,1f],start_interpolation:0}
execute if entity @s[tag=aj.merfolk.bone.bone3] run data modify entity @s {} merge value {transformation:[-1f,-4.238711460802535e-17f,1.1489530165252494e-16f,-0.3125f,0f,0.9381913359224842f,0.34611705707749296f,1.421875f,-1.2246467991473532e-16f,0.34611705707749296f,-0.9381913359224842f,0.12499999999999996f,0f,0f,0f,1f],start_interpolation:0}
execute if entity @s[tag=aj.merfolk.bone.armhands] run data modify entity @s {} merge value {transformation:[-1f,-4.238711460802535e-17f,1.1489530165252494e-16f,-0.3125f,0f,0.9381913359224842f,0.34611705707749296f,1.421875f,-1.2246467991473532e-16f,0.34611705707749296f,-0.9381913359224842f,0.12499999999999996f,0f,0f,0f,1f],start_interpolation:0}
execute if entity @s[tag=aj.merfolk.bone.bone] run data modify entity @s {} merge value {transformation:[-1f,-9.608468044710109e-18f,1.220871621770789e-16f,-0.25f,0f,0.996917333733128f,0.07845909572784494f,0.8125f,-1.2246467991473532e-16f,0.07845909572784494f,-0.996917333733128f,0.12499999999999997f,0f,0f,0f,1f],start_interpolation:0}