execute if entity @s[tag=aj.merfolk.bone.t3] run data modify entity @s {} merge value {transformation:[-1f,-3.683907616996903e-17f,1.167924667671755e-16f,0.25000000000000006f,0f,0.9536828647124296f,0.3008138852411801f,0.13577373979921853f,-1.2246467991473532e-16f,0.3008138852411801f,-0.9536828647124296f,-0.17384203085139435f,0f,0f,0f,1f],start_interpolation:0}
execute if entity @s[tag=aj.merfolk.bone.t2] run data modify entity @s {} merge value {transformation:[-1f,-7.772354664681248e-19f,1.224622134850103e-16f,0f,0f,0.9999798600729065f,0.006346609218341695f,0.2811186289042632f,-1.2246467991473532e-16f,0.006346609218341695f,-0.9999798600729065f,0.06771028120759273f,0f,0f,0f,1f],start_interpolation:0}
execute if entity @s[tag=aj.merfolk.bone.t1] run data modify entity @s {} merge value {transformation:[-1f,7.767190019679061e-18f,1.2221811889329985e-16f,0.18749999999999997f,0f,0.9979866764718844f,-0.0634239196565645f,0.8125f,-1.2246467991473532e-16f,-0.0634239196565645f,-0.9979866764718844f,0.25f,0f,0f,0f,1f],start_interpolation:0}
execute if entity @s[tag=aj.merfolk.bone.nose] run data modify entity @s {} merge value {transformation:[-1f,-1.420524963340262e-18f,1.2245644097166593e-16f,-5.551115123125783e-17f,0f,0.9999327239243583f,0.011599466591749458f,1.73315320204832f,-1.2246467991473532e-16f,0.011599466591749458f,-0.9999327239243583f,0.390781083553016f,0f,0f,0f,1f],start_interpolation:0}
execute if entity @s[tag=aj.merfolk.bone.ear_l] run data modify entity @s {} merge value {transformation:[-0.9902680687415704f,-7.99152612953702e-18f,-0.13917310096006533f,0.25f,-0.00908184689353222f,0.997868571202672f,0.06462069840956824f,1.7765720504626645f,0.13887646340486562f,0.06525576300939202f,-0.9881573828627802f,0.20571996904655854f,0f,0f,0f,1f],start_interpolation:0}
execute if entity @s[tag=aj.merfolk.bone.ear_r] run data modify entity @s {} merge value {transformation:[-0.9902680687415704f,-7.99152612953702e-18f,0.13917310096006555f,-0.25f,0.00908184689353222f,0.997868571202672f,0.06462069840956824f,1.807755443312748f,-0.13887646340486584f,0.06525576300939202f,-0.9881573828627802f,0.207759211640602f,0f,0f,0f,1f],start_interpolation:0}
execute if entity @s[tag=aj.merfolk.bone.head] run data modify entity @s {} merge value {transformation:[-1f,-7.99152612953702e-18f,1.222036551693095e-16f,-0.3125f,0f,0.997868571202672f,0.06525576300939202f,1.5f,-1.2246467991473532e-16f,0.06525576300939202f,-0.997868571202672f,0.12499999999999996f,0f,0f,0f,1f],start_interpolation:0}
execute if entity @s[tag=aj.merfolk.bone.trident] run data modify entity @s {} merge value {transformation:[-1.3333333333333333f,-5.045822307245534e-17f,1.5529444246521231e-16f,0.1875000000000001f,0f,1.2680753550602046f,0.4120226591665966f,-0.642200525505392f,-1.6328623988631375e-16f,0.4120226591665966f,-1.2680753550602046f,-0.3485096257043134f,0f,0f,0f,1f],start_interpolation:0}
execute if entity @s[tag=aj.merfolk.bone.bone3] run data modify entity @s {} merge value {transformation:[-1f,-3.7843667304341506e-17f,1.1647083184890923e-16f,-0.3125f,0f,0.9510565162951535f,0.30901699437494745f,1.421875f,-1.2246467991473532e-16f,0.30901699437494745f,-0.9510565162951535f,0.12499999999999996f,0f,0f,0f,1f],start_interpolation:0}
execute if entity @s[tag=aj.merfolk.bone.armhands] run data modify entity @s {} merge value {transformation:[-1f,-3.7843667304341506e-17f,1.1647083184890923e-16f,-0.3125f,0f,0.9510565162951535f,0.30901699437494745f,1.421875f,-1.2246467991473532e-16f,0.30901699437494745f,-0.9510565162951535f,0.12499999999999996f,0f,0f,0f,1f],start_interpolation:0}
execute if entity @s[tag=aj.merfolk.bone.bone] run data modify entity @s {} merge value {transformation:[-1f,-8.542704229054943e-18f,1.221663621095163e-16f,-0.25f,0f,0.9975640502598242f,0.0697564737441253f,0.8125f,-1.2246467991473532e-16f,0.0697564737441253f,-0.9975640502598242f,0.12499999999999997f,0f,0f,0f,1f],start_interpolation:0}