execute if entity @s[tag=aj.merfolk.bone.t3] run data modify entity @s {} merge value {transformation:[-1f,6.93593558355424e-18f,1.2226810959608136e-16f,0.25000000000000006f,0f,0.9983948815381641f,-0.05663621207668454f,0.06754157943354452f,-1.2246467991473532e-16f,-0.05663621207668454f,-0.9983948815381641f,-0.060254177654600255f,0f,0f,0f,1f],start_interpolation:0}
execute if entity @s[tag=aj.merfolk.bone.t2] run data modify entity @s {} merge value {transformation:[-1f,2.5081583049007033e-17f,1.198687282754528e-16f,0f,0f,0.9788024462147787f,-0.20480666806519077f,0.26058479322452666f,-1.2246467991473532e-16f,-0.20480666806519077f,-0.9788024462147787f,0.14518918159375602f,0f,0f,0f,1f],start_interpolation:0}
execute if entity @s[tag=aj.merfolk.bone.t1] run data modify entity @s {} merge value {transformation:[-1f,2.5081583049007033e-17f,1.198687282754528e-16f,0.18749999999999997f,0f,0.9788024462147787f,-0.20480666806519077f,0.8125f,-1.2246467991473532e-16f,-0.20480666806519077f,-0.9788024462147787f,0.25f,0f,0f,0f,1f],start_interpolation:0}
execute if entity @s[tag=aj.merfolk.bone.nose] run data modify entity @s {} merge value {transformation:[-1f,8.596977699780729e-18f,1.2216255482367766e-16f,-5.551115123125783e-17f,0f,0.9975329614116658f,-0.07019965026460101f,1.7273800402456418f,-1.2246467991473532e-16f,-0.07019965026460101f,-0.9975329614116658f,0.39573661979475605f,0f,0f,0f,1f],start_interpolation:0}
execute if entity @s[tag=aj.merfolk.bone.ear_l] run data modify entity @s {} merge value {transformation:[-0.9876883405951378f,-1.0619299273360058e-17f,-0.15643446504023076f,0.25f,-0.013564926655479785f,0.9962333200807958f,0.08564557621749136f,1.7747710488290847f,0.15584522648209226f,0.08671315909822838f,-0.983968034756186f,0.2116526585014265f,0f,0f,0f,1f],start_interpolation:0}
execute if entity @s[tag=aj.merfolk.bone.ear_r] run data modify entity @s {} merge value {transformation:[-0.9876883405951378f,-1.0619299273360058e-17f,0.15643446504023098f,-0.25f,0.013564926655479785f,0.9962333200807958f,0.08564557621749136f,1.8059033400816096f,-0.15584522648209248f,0.08671315909822838f,-0.983968034756186f,0.2143624447232461f,0f,0f,0f,1f],start_interpolation:0}
execute if entity @s[tag=aj.merfolk.bone.head] run data modify entity @s {} merge value {transformation:[-1f,-1.0619299273360058e-17f,1.2200339466408872e-16f,-0.3125f,0f,0.9962333200807958f,0.08671315909822838f,1.5f,-1.2246467991473532e-16f,0.08671315909822838f,-0.9962333200807958f,0.12499999999999996f,0f,0f,0f,1f],start_interpolation:0}
execute if entity @s[tag=aj.merfolk.bone.trident] run data modify entity @s {} merge value {transformation:[-1.3333333333333333f,-5.651615281070047e-17f,1.5319373553669991e-16f,0.1875000000000001f,0f,1.2509217812299789f,0.4614894094366573f,-0.6220192974135199f,-1.6328623988631375e-16f,0.4614894094366573f,-1.2509217812299789f,-0.4291797917873708f,0f,0f,0f,1f],start_interpolation:0}
execute if entity @s[tag=aj.merfolk.bone.bone3] run data modify entity @s {} merge value {transformation:[-1f,-4.238711460802535e-17f,1.1489530165252494e-16f,-0.3125f,0f,0.9381913359224842f,0.34611705707749296f,1.421875f,-1.2246467991473532e-16f,0.34611705707749296f,-0.9381913359224842f,0.12499999999999996f,0f,0f,0f,1f],start_interpolation:0}
execute if entity @s[tag=aj.merfolk.bone.armhands] run data modify entity @s {} merge value {transformation:[-1f,-4.238711460802535e-17f,1.1489530165252494e-16f,-0.3125f,0f,0.9381913359224842f,0.34611705707749296f,1.421875f,-1.2246467991473532e-16f,0.34611705707749296f,-0.9381913359224842f,0.12499999999999996f,0f,0f,0f,1f],start_interpolation:0}
execute if entity @s[tag=aj.merfolk.bone.bone] run data modify entity @s {} merge value {transformation:[-1f,-9.608468044710109e-18f,1.220871621770789e-16f,-0.25f,0f,0.996917333733128f,0.07845909572784494f,0.8125f,-1.2246467991473532e-16f,0.07845909572784494f,-0.996917333733128f,0.12499999999999997f,0f,0f,0f,1f],start_interpolation:0}