execute if entity @s[tag=aj.merfolk.bone.t3] run data modify entity @s {} merge value {transformation:[-1f,-3.683907616996907e-17f,1.1679246676717548e-16f,0.25000000000000006f,0f,0.9536828647124294f,0.3008138852411803f,0.13577373979921856f,-1.2246467991473532e-16f,0.3008138852411803f,-0.9536828647124294f,-0.17384203085139435f,0f,0f,0f,1f],start_interpolation:0}
execute if entity @s[tag=aj.merfolk.bone.t2] run data modify entity @s {} merge value {transformation:[-1f,-7.772354664681356e-19f,1.224622134850103e-16f,0f,0f,0.9999798600729065f,0.006346609218341778f,0.2811186289042632f,-1.2246467991473532e-16f,0.006346609218341778f,-0.9999798600729065f,0.06771028120759273f,0f,0f,0f,1f],start_interpolation:0}
execute if entity @s[tag=aj.merfolk.bone.t1] run data modify entity @s {} merge value {transformation:[-1f,7.767190019679061e-18f,1.2221811889329985e-16f,0.18749999999999997f,0f,0.9979866764718844f,-0.0634239196565645f,0.8125f,-1.2246467991473532e-16f,-0.0634239196565645f,-0.9979866764718844f,0.25f,0f,0f,0f,1f],start_interpolation:0}
execute if entity @s[tag=aj.merfolk.bone.nose] run data modify entity @s {} merge value {transformation:[-1f,5.195404632693625e-18f,1.2235442614519983e-16f,-5.551115123125783e-17f,0f,0.999099709650062f,-0.04242369829660983f,1.7245609516555807f,-1.2246467991473532e-16f,-0.04242369829660983f,-0.999099709650062f,0.3980794371452013f,0f,0f,0f,1f],start_interpolation:0}
execute if entity @s[tag=aj.merfolk.bone.ear_l] run data modify entity @s {} merge value {transformation:[-0.9862856015372314f,-1.1883601590868241e-17f,-0.16504760586067754f,0.25f,-0.016015719740095826f,0.995280777601564f,0.09570616729361184f,1.7738579080142374f,0.16426870950229158f,0.09703697097924126f,-0.981631100435202f,0.21449669668800936f,0f,0f,0f,1f],start_interpolation:0}
execute if entity @s[tag=aj.merfolk.bone.ear_r] run data modify entity @s {} merge value {transformation:[-0.9862856015372314f,-1.1883601590868241e-17f,0.16504760586067777f,-0.25f,0.016015719740095826f,0.995280777601564f,0.09570616729361184f,1.8049604323142863f,-0.1642687095022918f,0.09703697097924126f,-0.981631100435202f,0.2175291020311106f,0f,0f,0f,1f],start_interpolation:0}
execute if entity @s[tag=aj.merfolk.bone.head] run data modify entity @s {} merge value {transformation:[-1f,-1.1883601590868241e-17f,1.218867418542644e-16f,-0.3125f,0f,0.995280777601564f,0.09703697097924126f,1.5f,-1.2246467991473532e-16f,0.09703697097924126f,-0.995280777601564f,0.12499999999999996f,0f,0f,0f,1f],start_interpolation:0}
execute if entity @s[tag=aj.merfolk.bone.trident] run data modify entity @s {} merge value {transformation:[-1.3333333333333333f,-5.718404646629113e-17f,1.5294567978845254e-16f,0.1875000000000001f,0f,1.2488962523311968f,0.46694317501262317f,-0.6195817831819892f,-1.6328623988631375e-16f,0.46694317501262317f,-1.2488962523311968f,-0.43809265936011427f,0f,0f,0f,1f],start_interpolation:0}
execute if entity @s[tag=aj.merfolk.bone.bone3] run data modify entity @s {} merge value {transformation:[-1f,-4.288803484971835e-17f,1.1470925984133942e-16f,-0.3125f,0f,0.9366721892483977f,0.3502073812594674f,1.421875f,-1.2246467991473532e-16f,0.3502073812594674f,-0.9366721892483977f,0.12499999999999996f,0f,0f,0f,1f],start_interpolation:0}
execute if entity @s[tag=aj.merfolk.bone.armhands] run data modify entity @s {} merge value {transformation:[-1f,-4.288803484971835e-17f,1.1470925984133942e-16f,-0.3125f,0f,0.9366721892483977f,0.3502073812594674f,1.421875f,-1.2246467991473532e-16f,0.3502073812594674f,-0.9366721892483977f,0.12499999999999996f,0f,0f,0f,1f],start_interpolation:0}
execute if entity @s[tag=aj.merfolk.bone.bone] run data modify entity @s {} merge value {transformation:[-1f,-9.608468044710109e-18f,1.220871621770789e-16f,-0.25f,0f,0.996917333733128f,0.07845909572784494f,0.8125f,-1.2246467991473532e-16f,0.07845909572784494f,-0.996917333733128f,0.12499999999999997f,0f,0f,0f,1f],start_interpolation:0}