execute if entity @s[tag=aj.merfolk.bone.t3] run data modify entity @s {} merge value {transformation:[-1f,-3.453779805584774e-17f,1.1749356719443008e-16f,0.25000000000000006f,0f,0.9594077841564904f,0.2820225233911876f,0.2224915074022498f,-1.2246467991473532e-16f,0.2820225233911876f,-0.9594077841564904f,-0.2880431925264928f,0f,0f,0f,1f],start_interpolation:0}
execute if entity @s[tag=aj.merfolk.bone.t2] run data modify entity @s {} merge value {transformation:[-1f,-2.2667590504513542e-17f,1.203485694445026e-16f,0f,0f,0.9827206467064132f,0.18509492304471462f,0.32229013652961974f,-1.2246467991473532e-16f,0.18509492304471462f,-0.9827206467064132f,-0.02439022009056968f,0f,0f,0f,1f],start_interpolation:0}
execute if entity @s[tag=aj.merfolk.bone.t1] run data modify entity @s {} merge value {transformation:[-1f,-1.4217281568715176e-17f,1.2163661755990443e-16f,0.18749999999999997f,0f,0.993238357741943f,0.11609291412523023f,0.8125f,-1.2246467991473532e-16f,0.11609291412523023f,-0.993238357741943f,0.25f,0f,0f,0f,1f],start_interpolation:0}
execute if entity @s[tag=aj.merfolk.bone.nose] run data modify entity @s {} merge value {transformation:[-1f,-3.551387072316696e-19f,1.2246416497538045e-16f,-5.551115123125783e-17f,0f,0.9999957952010716f,0.0028999276156923843f,1.7458854812947746f,-1.2246467991473532e-16f,0.0028999276156923843f,-0.9999957952010716f,0.379047889360327f,0f,0f,0f,1f],start_interpolation:0}
execute if entity @s[tag=aj.merfolk.bone.ear_l] run data modify entity @s {} merge value {transformation:[-0.9993908270190958f,-1.9992133821626397e-18f,-0.034899496702500844f,0.25f,-0.0005697278667364216f,0.9998667413102036f,0.01631487149419936f,1.7801922199853006f,0.03489484604129572f,0.016324816131104657f,-0.9992576495068927f,0.19208302586876091f,0f,0f,0f,1f],start_interpolation:0}
execute if entity @s[tag=aj.merfolk.bone.ear_r] run data modify entity @s {} merge value {transformation:[-0.9993908270190958f,-1.9992133821626397e-18f,0.034899496702501094f,-0.25f,0.0005697278667364216f,0.9998667413102036f,0.01631487149419936f,1.8114380556512446f,-0.03489484604129597f,0.016324816131104657f,-0.9992576495068927f,0.19259317637285786f,0f,0f,0f,1f],start_interpolation:0}
execute if entity @s[tag=aj.merfolk.bone.head] run data modify entity @s {} merge value {transformation:[-1f,-1.9992133821626397e-18f,1.2244836043194355e-16f,-0.3125f,0f,0.9998667413102036f,0.016324816131104657f,1.5f,-1.2246467991473532e-16f,0.016324816131104657f,-0.9998667413102036f,0.12499999999999996f,0f,0f,0f,1f],start_interpolation:0}
execute if entity @s[tag=aj.merfolk.bone.trident] run data modify entity @s {} merge value {transformation:[-1.3333333333333333f,-1.2811290726280145e-17f,1.6278288290277185e-16f,0.1875f,0f,1.3292231116441706f,0.10461212763712659f,-0.6957085812922874f,-1.6328623988631375e-16f,0.10461212763712659f,-1.3292231116441706f,0.14642234502403856f,0f,0f,0f,1f],start_interpolation:0}
execute if entity @s[tag=aj.merfolk.bone.bone3] run data modify entity @s {} merge value {transformation:[-1f,-9.608468044710109e-18f,1.220871621770789e-16f,-0.3125f,0f,0.996917333733128f,0.07845909572784494f,1.421875f,-1.2246467991473532e-16f,0.07845909572784494f,-0.996917333733128f,0.12499999999999996f,0f,0f,0f,1f],start_interpolation:0}
execute if entity @s[tag=aj.merfolk.bone.armhands] run data modify entity @s {} merge value {transformation:[-1f,-9.608468044710109e-18f,1.220871621770789e-16f,-0.3125f,0f,0.996917333733128f,0.07845909572784494f,1.421875f,-1.2246467991473532e-16f,0.07845909572784494f,-0.996917333733128f,0.12499999999999996f,0f,0f,0f,1f],start_interpolation:0}
execute if entity @s[tag=aj.merfolk.bone.bone] run data modify entity @s {} merge value {transformation:[-1f,-2.1373033680837913e-18f,1.2244602795081332e-16f,-0.25f,0f,0.9998476951563913f,0.01745240643728351f,0.8125f,-1.2246467991473532e-16f,0.01745240643728351f,-0.9998476951563913f,0.12499999999999997f,0f,0f,0f,1f],start_interpolation:0}