execute if entity @s[tag=aj.merfolk.bone.t3] run data modify entity @s {} merge value {transformation:[-1f,-1.7446858286124918e-17f,1.2121553102866998e-16f,0.25000000000000006f,0f,0.9897999252769447f,0.142464409315993f,0.18329203454004597f,-1.2246467991473532e-16f,0.142464409315993f,-0.9897999252769447f,-0.24865812144866528f,0f,0f,0f,1f],start_interpolation:0}
execute if entity @s[tag=aj.merfolk.bone.t2] run data modify entity @s {} merge value {transformation:[-1f,-1.1383074966837191e-17f,1.2193450467737975e-16f,0f,0f,0.9956707906498045f,0.09294986092939231f,0.30716512163060095f,-1.2246467991473532e-16f,0.09294986092939231f,-0.9956707906498045f,0.0045771733754483845f,0f,0f,0f,1f],start_interpolation:0}
execute if entity @s[tag=aj.merfolk.bone.t1] run data modify entity @s {} merge value {transformation:[-1f,-7.12068786121848e-18f,1.2225748905895979e-16f,0.18749999999999997f,0f,0.9983081582712682f,0.058144828910475906f,0.8125f,-1.2246467991473532e-16f,0.058144828910475906f,-0.9983081582712682f,0.25f,0f,0f,0f,1f],start_interpolation:0}
execute if entity @s[tag=aj.merfolk.bone.nose] run data modify entity @s {} merge value {transformation:[-1f,-4.055591112998649e-18f,1.2239750817456517e-16f,-5.551115123125783e-17f,0f,0.9994515011167552f,0.033116414592536475f,1.7370417785177337f,-1.2246467991473532e-16f,0.033116414592536475f,-0.9994515011167552f,0.3873188808247506f,0f,0f,0f,1f],start_interpolation:0}
execute if entity @s[tag=aj.merfolk.bone.ear_l] run data modify entity @s {} merge value {transformation:[-0.9908658973868822f,-6.191104486401687e-18f,-0.13485093027372289f,0.25f,-0.006817281521450599f,0.9987213186849685f,0.05009243732156468f,1.7777307330917702f,0.13467849890886727f,0.050554204614033815f,-0.9895988956781917f,0.20163845246550757f,0f,0f,0f,1f],start_interpolation:0}
execute if entity @s[tag=aj.merfolk.bone.ear_r] run data modify entity @s {} merge value {transformation:[-0.9908658973868822f,-6.191104486401687e-18f,0.1348509302737231f,-0.25f,0.006817281521450599f,0.9987213186849685f,0.05009243732156468f,1.8089407743006756f,-0.1346784989088675f,0.050554204614033815f,-0.9895988956781917f,0.20321827135969606f,0f,0f,0f,1f],start_interpolation:0}
execute if entity @s[tag=aj.merfolk.bone.head] run data modify entity @s {} merge value {transformation:[-1f,-6.191104486401687e-18f,1.2230808661677704e-16f,-0.3125f,0f,0.9987213186849685f,0.050554204614033815f,1.5f,-1.2246467991473532e-16f,0.050554204614033815f,-0.9987213186849685f,0.12499999999999996f,0f,0f,0f,1f],start_interpolation:0}
execute if entity @s[tag=aj.merfolk.bone.trident] run data modify entity @s {} merge value {transformation:[-1.3333333333333333f,-3.8118415682923165e-17f,1.587746280802908e-16f,0.1875000000000001f,0f,1.296493227196902f,0.3112604851412072f,-0.6729888065618312f,-1.6328623988631375e-16f,0.3112604851412072f,-1.296493227196902f,-0.18510445430898614f,0f,0f,0f,1f],start_interpolation:0}
execute if entity @s[tag=aj.merfolk.bone.bone3] run data modify entity @s {} merge value {transformation:[-1f,-2.8588811762192377e-17f,1.1908097106021811e-16f,-0.3125f,0f,0.9723699203976766f,0.23344536385590542f,1.421875f,-1.2246467991473532e-16f,0.23344536385590542f,-0.9723699203976766f,0.12499999999999996f,0f,0f,0f,1f],start_interpolation:0}
execute if entity @s[tag=aj.merfolk.bone.armhands] run data modify entity @s {} merge value {transformation:[-1f,-2.8588811762192377e-17f,1.1908097106021811e-16f,-0.3125f,0f,0.9723699203976766f,0.23344536385590542f,1.421875f,-1.2246467991473532e-16f,0.23344536385590542f,-0.9723699203976766f,0.12499999999999996f,0f,0f,0f,1f],start_interpolation:0}
execute if entity @s[tag=aj.merfolk.bone.bone] run data modify entity @s {} merge value {transformation:[-1f,-5.875626152274419e-18f,1.2232364793422932e-16f,-0.25f,0f,0.9988483864849507f,0.04797812852134394f,0.8125f,-1.2246467991473532e-16f,0.04797812852134394f,-0.9988483864849507f,0.12499999999999997f,0f,0f,0f,1f],start_interpolation:0}