execute if entity @s[tag=aj.merfolk.bone.t3] run data modify entity @s {} merge value {transformation:[-1f,0f,1.2246467991473532e-16f,0.25000000000000006f,0f,1f,0f,0.14687499999999998f,-1.2246467991473532e-16f,0f,-1f,-0.20625000000000004f,0f,0f,0f,1f],start_interpolation:0}
execute if entity @s[tag=aj.merfolk.bone.t2] run data modify entity @s {} merge value {transformation:[-1f,0f,1.2246467991473532e-16f,0f,0f,1f,0f,0.29374999999999996f,-1.2246467991473532e-16f,0f,-1f,0.03437499999999996f,0f,0f,0f,1f],start_interpolation:0}
execute if entity @s[tag=aj.merfolk.bone.t1] run data modify entity @s {} merge value {transformation:[-1f,0f,1.2246467991473532e-16f,0.18749999999999997f,0f,1f,0f,0.8125f,-1.2246467991473532e-16f,0f,-1f,0.25f,0f,0f,0f,1f],start_interpolation:0}
execute if entity @s[tag=aj.merfolk.bone.nose] run data modify entity @s {} merge value {transformation:[-1f,-7.040076258735744e-18f,1.2226215748501154e-16f,-5.551115123125783e-17f,0f,0.9983462788628951f,0.057486585223080804f,1.7352149234099536f,-1.2246467991473532e-16f,0.057486585223080804f,-0.9983462788628951f,0.38895821602149394f,0f,0f,0f,1f],start_interpolation:0}
execute if entity @s[tag=aj.merfolk.bone.ear_l] run data modify entity @s {} merge value {transformation:[-0.9914448613738104f,-7.040076258735744e-18f,-0.13052619222005146f,0.25f,-0.007503505072902221f,0.9983462788628951f,0.05699477951735108f,1.7771919793537467f,0.13031033829703134f,0.057486585223080804f,-0.9898052880502825f,0.20356474452292245f,0f,0f,0f,1f],start_interpolation:0}
execute if entity @s[tag=aj.merfolk.bone.ear_r] run data modify entity @s {} merge value {transformation:[-0.9914448613738104f,-7.040076258735744e-18f,0.13052619222005168f,-0.25f,0.007503505072902221f,0.9983462788628951f,0.05699477951735108f,1.8083903005682123f,-0.13031033829703156f,0.057486585223080804f,-0.9898052880502825f,0.20536120031114366f,0f,0f,0f,1f],start_interpolation:0}
execute if entity @s[tag=aj.merfolk.bone.head] run data modify entity @s {} merge value {transformation:[-1f,-7.040076258735744e-18f,1.2226215748501154e-16f,-0.3125f,0f,0.9983462788628951f,0.057486585223080804f,1.5f,-1.2246467991473532e-16f,0.057486585223080804f,-0.9983462788628951f,0.12499999999999996f,0f,0f,0f,1f],start_interpolation:0}
execute if entity @s[tag=aj.merfolk.bone.trident] run data modify entity @s {} merge value {transformation:[-1.3333333333333333f,-3.534161072239821e-17f,1.594157040186357e-16f,0.1875000000000001f,0f,1.3017280094932444f,0.2885861519174705f,-0.6780818176320036f,-1.6328623988631375e-16f,0.2885861519174705f,-1.3017280094932444f,-0.14849680931569825f,0f,0f,0f,1f],start_interpolation:0}
execute if entity @s[tag=aj.merfolk.bone.bone3] run data modify entity @s {} merge value {transformation:[-1f,-2.6506208041798655e-17f,1.195617780139768e-16f,-0.3125f,0f,0.9762960071199334f,0.21643961393810288f,1.421875f,-1.2246467991473532e-16f,0.21643961393810288f,-0.9762960071199334f,0.12499999999999996f,0f,0f,0f,1f],start_interpolation:0}
execute if entity @s[tag=aj.merfolk.bone.armhands] run data modify entity @s {} merge value {transformation:[-1f,-2.6506208041798655e-17f,1.195617780139768e-16f,-0.3125f,0f,0.9762960071199334f,0.21643961393810288f,1.421875f,-1.2246467991473532e-16f,0.21643961393810288f,-0.9762960071199334f,0.12499999999999996f,0f,0f,0f,1f],start_interpolation:0}
execute if entity @s[tag=aj.merfolk.bone.bone] run data modify entity @s {} merge value {transformation:[-1f,-5.341834311772723e-18f,1.223481206754078e-16f,-0.25f,0f,0.9990482215818578f,0.043619387365336f,0.8125f,-1.2246467991473532e-16f,0.043619387365336f,-0.9990482215818578f,0.12499999999999997f,0f,0f,0f,1f],start_interpolation:0}