execute if entity @s[tag=aj.merfolk.bone.t3] run data modify entity @s {} merge value {transformation:[-1f,4.850578176868859e-17f,1.1244904162164712e-16f,0.25f,0f,0.918216106880274f,-0.39607976603915684f,0.059598516994066486f,-1.2246467991473532e-16f,-0.39607976603915684f,-0.918216106880274f,-0.04044803323910798f,0f,0f,0f,1f],start_interpolation:0}
execute if entity @s[tag=aj.merfolk.bone.t2] run data modify entity @s {} merge value {transformation:[-1f,2.82422987937309e-17f,1.1916362861823317e-16f,-2.7755575615628914e-17f,0f,0.9730448705798238f,-0.2306158707424401f,0.25800642625787773f,-1.2246467991473532e-16f,-0.2306158707424401f,-0.9730448705798238f,0.15981918272886625f,0f,0f,0f,1f],start_interpolation:0}
execute if entity @s[tag=aj.merfolk.bone.t1] run data modify entity @s {} merge value {transformation:[-1f,2.82422987937309e-17f,1.1916362861823317e-16f,0.18749999999999997f,0f,0.9730448705798238f,-0.2306158707424401f,0.8125f,-1.2246467991473532e-16f,-0.2306158707424401f,-0.9730448705798238f,0.25f,0f,0f,0f,1f],start_interpolation:0}
execute if entity @s[tag=aj.merfolk.bone.nose] run data modify entity @s {} merge value {transformation:[-1f,-4.337021222346924e-18f,1.223878591753916e-16f,-5.551115123125783e-17f,0f,0.9993727110592442f,0.03541446583101778f,1.7277950214713278f,-1.2246467991473532e-16f,0.03541446583101778f,-0.9993727110592442f,0.3953875518452677f,0f,0f,0f,1f],start_interpolation:0}
execute if entity @s[tag=aj.merfolk.bone.ear_l] run data modify entity @s {} merge value {transformation:[-0.9890158633619168f,-1.0432161198006416e-17f,-0.14780941112961052f,0.25f,-0.012591153666184261f,0.9963651466331909f,0.08424937640110194f,1.7749036311938424f,0.14727214559392f,0.08518506074788007f,-0.9854209357211481f,0.21123111999991573f,0f,0f,0f,1f],start_interpolation:0}
execute if entity @s[tag=aj.merfolk.bone.ear_r] run data modify entity @s {} merge value {transformation:[-0.9890158633619168f,-1.0432161198006416e-17f,0.14780941112961074f,-0.25f,0.012591153666184261f,0.9963651466331909f,0.08424937640110194f,1.8060400420261296f,-0.1472721455939202f,0.08518506074788007f,-0.9854209357211481f,0.2138931531482869f,0f,0f,0f,1f],start_interpolation:0}
execute if entity @s[tag=aj.merfolk.bone.head] run data modify entity @s {} merge value {transformation:[-1f,-1.0432161198006416e-17f,1.2201953876063204e-16f,-0.3125f,0f,0.9963651466331909f,0.08518506074788007f,1.5f,-1.2246467991473532e-16f,0.08518506074788007f,-0.9963651466331909f,0.12499999999999996f,0f,0f,0f,1f],start_interpolation:0}
execute if entity @s[tag=aj.merfolk.bone.trident] run data modify entity @s {} merge value {transformation:[-1.3333333333333333f,-4.6375797706718806e-17f,1.5656206923541951e-16f,0.1875000000000001f,0f,1.2784263131575906f,0.3786871262718968f,-0.65388825536958f,-1.6328623988631375e-16f,0.3786871262718968f,-1.2784263131575906f,-0.2943161674470505f,0f,0f,0f,1f],start_interpolation:0}
execute if entity @s[tag=aj.merfolk.bone.bone3] run data modify entity @s {} merge value {transformation:[-1f,-3.4781848280039106e-17f,1.1742155192656464e-16f,-0.3125f,0f,0.958819734868193f,0.28401534470392265f,1.421875f,-1.2246467991473532e-16f,0.28401534470392265f,-0.958819734868193f,0.12499999999999996f,0f,0f,0f,1f],start_interpolation:0}
execute if entity @s[tag=aj.merfolk.bone.armhands] run data modify entity @s {} merge value {transformation:[-1f,-3.4781848280039106e-17f,1.1742155192656464e-16f,-0.3125f,0f,0.958819734868193f,0.28401534470392265f,1.421875f,-1.2246467991473532e-16f,0.28401534470392265f,-0.958819734868193f,0.12499999999999996f,0f,0f,0f,1f],start_interpolation:0}
execute if entity @s[tag=aj.merfolk.bone.bone] run data modify entity @s {} merge value {transformation:[-1f,-7.476289853398309e-18f,1.2223625860049279e-16f,-0.25f,0f,0.9981347984218669f,0.06104853953485686f,0.8125f,-1.2246467991473532e-16f,0.06104853953485686f,-0.9981347984218669f,0.12499999999999997f,0f,0f,0f,1f],start_interpolation:0}