execute if entity @s[tag=aj.merfolk.bone.t3] run data modify entity @s {} merge value {transformation:[-1f,3.512326609247505e-17f,1.1731987898738974e-16f,0.25000000000000006f,0f,0.9579895123154888f,-0.28680323271109054f,0.09840832605838273f,-1.2246467991473532e-16f,-0.28680323271109054f,-0.9579895123154888f,-0.12589065475515512f,0f,0f,0f,1f],start_interpolation:0}
execute if entity @s[tag=aj.merfolk.bone.t2] run data modify entity @s {} merge value {transformation:[-1f,1.4217281568715182e-17f,1.2163661755990443e-16f,0f,0f,0.993238357741943f,-0.11609291412523029f,0.27222506731311413f,-1.2246467991473532e-16f,-0.11609291412523029f,-0.993238357741943f,0.09605617831435673f,0f,0f,0f,1f],start_interpolation:0}
execute if entity @s[tag=aj.merfolk.bone.t1] run data modify entity @s {} merge value {transformation:[-1f,1.4217281568715182e-17f,1.2163661755990443e-16f,0.18749999999999997f,0f,0.993238357741943f,-0.11609291412523029f,0.8125f,-1.2246467991473532e-16f,-0.11609291412523029f,-0.993238357741943f,0.25f,0f,0f,0f,1f],start_interpolation:0}
execute if entity @s[tag=aj.merfolk.bone.nose] run data modify entity @s {} merge value {transformation:[-1f,1.911934406240993e-18f,1.224497543217005e-16f,-5.551115123125783e-17f,0f,0.99987812328383f,-0.01561212920796556f,1.7451303138632428f,-1.2246467991473532e-16f,-0.01561212920796556f,-0.99987812328383f,0.37977662613612745f,0f,0f,0f,1f],start_interpolation:0}
execute if entity @s[tag=aj.merfolk.bone.ear_l] run data modify entity @s {} merge value {transformation:[-0.9993908270190958f,-2.3626650897127954e-18f,-0.03489949670250088f,0.25f,-0.0006733028867176634f,0.9998138799987406f,0.019280872000165223f,1.7799918647155353f,0.03489300120813066f,0.019292624545769237f,-0.9992048203971123f,0.19291441815341892f,0f,0f,0f,1f],start_interpolation:0}
execute if entity @s[tag=aj.merfolk.bone.ear_r] run data modify entity @s {} merge value {transformation:[-0.9993908270190958f,-2.3626650897127954e-18f,0.03489949670250113f,-0.25f,0.0006733028867176634f,0.9998138799987406f,0.019280872000165223f,1.811236048465496f,-0.03489300120813091f,0.019292624545769237f,-0.9992048203971123f,0.19351731267047415f,0f,0f,0f,1f],start_interpolation:0}
execute if entity @s[tag=aj.merfolk.bone.head] run data modify entity @s {} merge value {transformation:[-1f,-2.3626650897127954e-18f,1.2244188678835537e-16f,-0.3125f,0f,0.9998138799987406f,0.019292624545769237f,1.5f,-1.2246467991473532e-16f,0.019292624545769237f,-0.9998138799987406f,0.12499999999999996f,0f,0f,0f,1f],start_interpolation:0}
execute if entity @s[tag=aj.merfolk.bone.trident] run data modify entity @s {} merge value {transformation:[-1.3333333333333333f,-1.2811290726280153e-17f,1.6278288290277185e-16f,0.1875f,0f,1.3292231116441706f,0.10461212763712666f,-0.6957085812922874f,-1.6328623988631375e-16f,0.10461212763712666f,-1.3292231116441706f,0.14642234502403845f,0f,0f,0f,1f],start_interpolation:0}
execute if entity @s[tag=aj.merfolk.bone.bone3] run data modify entity @s {} merge value {transformation:[-1f,-9.608468044710115e-18f,1.220871621770789e-16f,-0.3125f,0f,0.996917333733128f,0.078459095727845f,1.421875f,-1.2246467991473532e-16f,0.078459095727845f,-0.996917333733128f,0.12499999999999996f,0f,0f,0f,1f],start_interpolation:0}
execute if entity @s[tag=aj.merfolk.bone.armhands] run data modify entity @s {} merge value {transformation:[-1f,-9.608468044710115e-18f,1.220871621770789e-16f,-0.3125f,0f,0.996917333733128f,0.078459095727845f,1.421875f,-1.2246467991473532e-16f,0.078459095727845f,-0.996917333733128f,0.12499999999999996f,0f,0f,0f,1f],start_interpolation:0}
execute if entity @s[tag=aj.merfolk.bone.bone] run data modify entity @s {} merge value {transformation:[-1f,-2.1373033680837936e-18f,1.2244602795081332e-16f,-0.25f,0f,0.9998476951563913f,0.01745240643728353f,0.8125f,-1.2246467991473532e-16f,0.01745240643728353f,-0.9998476951563913f,0.12499999999999997f,0f,0f,0f,1f],start_interpolation:0}