execute if entity @s[tag=aj.merfolk.bone.t3] run data modify entity @s {} merge value {transformation:[-1f,-5.905618086716071e-17f,1.0728450646763386e-16f,0.25000000000000006f,0f,0.8760444770061828f,0.4822303125135993f,0.23073487582003221f,-1.2246467991473532e-16f,0.4822303125135993f,-0.8760444770061828f,-0.27585774307481586f,0f,0f,0f,1f],start_interpolation:0}
execute if entity @s[tag=aj.merfolk.bone.t2] run data modify entity @s {} merge value {transformation:[-1f,-3.07567578613609e-17f,1.1853952789038846e-16f,0f,0f,0.9679487013963564f,0.2511479871810791f,0.3124698569221749f,-1.2246467991473532e-16f,0.2511479871810791f,-0.9679487013963564f,-0.006057726184096612f,0f,0f,0f,1f],start_interpolation:0}
execute if entity @s[tag=aj.merfolk.bone.t1] run data modify entity @s {} merge value {transformation:[-1f,-9.705320599723174e-18f,1.220795010584298e-16f,0.18749999999999997f,0f,0.9968547759519424f,0.07924995685678839f,0.8125f,-1.2246467991473532e-16f,0.07924995685678839f,-0.9968547759519424f,0.25f,0f,0f,0f,1f],start_interpolation:0}
execute if entity @s[tag=aj.merfolk.bone.nose] run data modify entity @s {} merge value {transformation:[-1f,2.0640314580078678e-18f,1.224472849872913e-16f,-5.551115123125783e-17f,0f,0.99985795963819f,-0.016854095886625647f,1.731792181832674f,-1.2246467991473532e-16f,-0.016854095886625647f,-0.99985795963819f,0.39196888290819315f,0f,0f,0f,1f],start_interpolation:0}
execute if entity @s[tag=aj.merfolk.bone.ear_l] run data modify entity @s {} merge value {transformation:[-0.9883615104677607f,-8.615806875339533e-18f,-0.15212338618991658f,0.25f,-0.010702397765196886f,0.9975221294817345f,0.06953459481654582f,1.776156011282298f,0.15174644413613786f,0.07035340215103811f,-0.9859124786195842f,0.2071320274475879f,0f,0f,0f,1f],start_interpolation:0}
execute if entity @s[tag=aj.merfolk.bone.ear_r] run data modify entity @s {} merge value {transformation:[-0.9883615104677607f,-8.615806875339533e-18f,0.1521233861899168f,-0.25f,0.010702397765196886f,0.9975221294817345f,0.06953459481654582f,1.8073285778286023f,-0.15174644413613808f,0.07035340215103811f,-0.9859124786195842f,0.20933057126480778f,0f,0f,0f,1f],start_interpolation:0}
execute if entity @s[tag=aj.merfolk.bone.head] run data modify entity @s {} merge value {transformation:[-1f,-8.615806875339533e-18f,1.2216122829484577e-16f,-0.3125f,0f,0.9975221294817345f,0.07035340215103811f,1.5f,-1.2246467991473532e-16f,0.07035340215103811f,-0.9975221294817345f,0.12499999999999996f,0f,0f,0f,1f],start_interpolation:0}
execute if entity @s[tag=aj.merfolk.bone.trident] run data modify entity @s {} merge value {transformation:[-1.3333333333333333f,-4.91011193130605e-17f,1.5572885480351864e-16f,0.1875000000000001f,0f,1.271622600997636f,0.4009410660056974f,-0.6462540303915927f,-1.6328623988631375e-16f,0.4009410660056974f,-1.271622600997636f,-0.33047936756403345f,0f,0f,0f,1f],start_interpolation:0}
execute if entity @s[tag=aj.merfolk.bone.bone3] run data modify entity @s {} merge value {transformation:[-1f,-3.6825839484795376e-17f,1.16796641102639e-16f,-0.3125f,0f,0.9537169507482269f,0.30070579950427306f,1.421875f,-1.2246467991473532e-16f,0.30070579950427306f,-0.9537169507482269f,0.12499999999999996f,0f,0f,0f,1f],start_interpolation:0}
execute if entity @s[tag=aj.merfolk.bone.armhands] run data modify entity @s {} merge value {transformation:[-1f,-3.6825839484795376e-17f,1.16796641102639e-16f,-0.3125f,0f,0.9537169507482269f,0.30070579950427306f,1.421875f,-1.2246467991473532e-16f,0.30070579950427306f,-0.9537169507482269f,0.12499999999999996f,0f,0f,0f,1f],start_interpolation:0}
execute if entity @s[tag=aj.merfolk.bone.bone] run data modify entity @s {} merge value {transformation:[-1f,-8.00957328659154e-18f,1.2220247363447802e-16f,-0.25f,0f,0.9978589232386035f,0.06540312923014306f,0.8125f,-1.2246467991473532e-16f,0.06540312923014306f,-0.9978589232386035f,0.12499999999999997f,0f,0f,0f,1f],start_interpolation:0}