execute if entity @s[tag=aj.merfolk.bone.t3] run data modify entity @s {} merge value {transformation:[-1f,3.048799011290711e-17f,1.1860893847216515e-16f,0.25f,0f,0.9685154818086757f,-0.24895333196586997f,0.041423274295262935f,-1.2246467991473532e-16f,-0.24895333196586997f,-0.9685154818086757f,0.01196347716902424f,0f,0f,0f,1f],start_interpolation:0}
execute if entity @s[tag=aj.merfolk.bone.t2] run data modify entity @s {} merge value {transformation:[-1f,3.6362258724740255e-17f,1.1694179734831181e-16f,-2.7755575615628914e-17f,0f,0.9549022414440739f,-0.29692037532827487f,0.2531210063207274f,-1.2246467991473532e-16f,-0.29692037532827487f,-0.9549022414440739f,0.19812664889016413f,0f,0f,0f,1f],start_interpolation:0}
execute if entity @s[tag=aj.merfolk.bone.t1] run data modify entity @s {} merge value {transformation:[-1f,3.6362258724740255e-17f,1.1694179734831181e-16f,0.18749999999999997f,0f,0.9549022414440739f,-0.29692037532827487f,0.8125f,-1.2246467991473532e-16f,-0.29692037532827487f,-0.9549022414440739f,0.25f,0f,0f,0f,1f],start_interpolation:0}
execute if entity @s[tag=aj.merfolk.bone.nose] run data modify entity @s {} merge value {transformation:[-1f,-2.3082681366396456e-18f,1.224429243559135e-16f,-5.551115123125783e-17f,0f,0.999822352380809f,0.018848439715408172f,1.722114500315774f,-1.2246467991473532e-16f,0.018848439715408172f,-0.999822352380809f,0.4000729880403999f,0f,0f,0f,1f],start_interpolation:0}
execute if entity @s[tag=aj.merfolk.bone.ear_l] run data modify entity @s {} merge value {transformation:[-0.9869963665602319f,-1.2971088495929494e-17f,-0.160742565603826f,0.25f,-0.017025366374710187f,0.994374976712348f,0.10453966992546077f,1.7730481512347696f,0.15983838492898753f,0.10591697544925174f,-0.9814444890135027f,0.21693758538962382f,0f,0f,0f,1f],start_interpolation:0}
execute if entity @s[tag=aj.merfolk.bone.ear_r] run data modify entity @s {} merge value {transformation:[-0.9869963665602319f,-1.2971088495929494e-17f,0.16074256560382622f,-0.25f,0.017025366374710187f,0.994374976712348f,0.10453966992546077f,1.8041223692570305f,-0.15983838492898775f,0.10591697544925174f,-0.9814444890135027f,0.22024749087241288f,0f,0f,0f,1f],start_interpolation:0}
execute if entity @s[tag=aj.merfolk.bone.head] run data modify entity @s {} merge value {transformation:[-1f,-1.2971088495929494e-17f,1.217758132383001e-16f,-0.3125f,0f,0.994374976712348f,0.10591697544925174f,1.5f,-1.2246467991473532e-16f,0.10591697544925174f,-0.994374976712348f,0.12499999999999996f,0f,0f,0f,1f],start_interpolation:0}
execute if entity @s[tag=aj.merfolk.bone.trident] run data modify entity @s {} merge value {transformation:[-1.3333333333333333f,-5.450606689254249e-17f,1.5392038464126994e-16f,0.1875000000000001f,0f,1.256855321456238f,0.4450758123116946f,-0.6290981813788958f,-1.6328623988631375e-16f,0.4450758123116946f,-1.256855321456238f,-0.40237856411645206f,0f,0f,0f,1f],start_interpolation:0}
execute if entity @s[tag=aj.merfolk.bone.bone3] run data modify entity @s {} merge value {transformation:[-1f,-4.087955016940687e-17f,1.1544028848095246e-16f,-0.3125f,0f,0.9426414910921784f,0.33380685923377096f,1.421875f,-1.2246467991473532e-16f,0.33380685923377096f,-0.9426414910921784f,0.12499999999999996f,0f,0f,0f,1f],start_interpolation:0}
execute if entity @s[tag=aj.merfolk.bone.armhands] run data modify entity @s {} merge value {transformation:[-1f,-4.087955016940687e-17f,1.1544028848095246e-16f,-0.3125f,0f,0.9426414910921784f,0.33380685923377096f,1.421875f,-1.2246467991473532e-16f,0.33380685923377096f,-0.9426414910921784f,0.12499999999999996f,0f,0f,0f,1f],start_interpolation:0}
execute if entity @s[tag=aj.merfolk.bone.bone] run data modify entity @s {} merge value {transformation:[-1f,-9.07567253074387e-18f,1.2212792471311907e-16f,-0.25f,0f,0.9972501850994857f,0.07410849019539925f,0.8125f,-1.2246467991473532e-16f,0.07410849019539925f,-0.9972501850994857f,0.12499999999999997f,0f,0f,0f,1f],start_interpolation:0}