execute if entity @s[tag=aj.merfolk.bone.t3] run data modify entity @s {} merge value {transformation:[-1f,4.8505781768688574e-17f,1.1244904162164715e-16f,0.25f,0f,0.918216106880274f,-0.39607976603915673f,0.059598516994066486f,-1.2246467991473532e-16f,-0.39607976603915673f,-0.918216106880274f,-0.04044803323910798f,0f,0f,0f,1f],start_interpolation:0}
execute if entity @s[tag=aj.merfolk.bone.t2] run data modify entity @s {} merge value {transformation:[-1f,2.82422987937309e-17f,1.1916362861823317e-16f,-2.7755575615628914e-17f,0f,0.9730448705798238f,-0.2306158707424401f,0.25800642625787773f,-1.2246467991473532e-16f,-0.2306158707424401f,-0.9730448705798238f,0.15981918272886625f,0f,0f,0f,1f],start_interpolation:0}
execute if entity @s[tag=aj.merfolk.bone.t1] run data modify entity @s {} merge value {transformation:[-1f,2.82422987937309e-17f,1.1916362861823317e-16f,0.18749999999999997f,0f,0.9730448705798238f,-0.2306158707424401f,0.8125f,-1.2246467991473532e-16f,-0.2306158707424401f,-0.9730448705798238f,0.25f,0f,0f,0f,1f],start_interpolation:0}
execute if entity @s[tag=aj.merfolk.bone.nose] run data modify entity @s {} merge value {transformation:[-1f,3.823402771908051e-18f,1.2240498118076056e-16f,-5.551115123125783e-17f,0f,0.9995125228431876f,-0.031220452905850515f,1.7401693804178358f,-1.2246467991473532e-16f,-0.031220452905850515f,-0.9995125228431876f,0.3844584142203002f,0f,0f,0f,1f],start_interpolation:0}
execute if entity @s[tag=aj.merfolk.bone.ear_l] run data modify entity @s {} merge value {transformation:[-0.9975640502598242f,-4.724450700966639e-18f,-0.06975647374412516f,0.25f,-0.002691069959982314f,0.999255589276272f,0.0384840933711702f,1.7786295052586434f,0.0697045462770206f,0.03857806760492891f,-0.9968214528832052f,0.19830355584365328f,0f,0f,0f,1f],start_interpolation:0}
execute if entity @s[tag=aj.merfolk.bone.ear_r] run data modify entity @s {} merge value {transformation:[-0.9975640502598242f,-4.724450700966639e-18f,0.06975647374412541f,-0.25f,0.002691069959982314f,0.999255589276272f,0.0384840933711702f,1.809856242423527f,-0.06970454627702084f,0.03857806760492891f,-0.9968214528832052f,0.19950912045630725f,0f,0f,0f,1f],start_interpolation:0}
execute if entity @s[tag=aj.merfolk.bone.head] run data modify entity @s {} merge value {transformation:[-1f,-4.724450700966639e-18f,1.2237351589372888e-16f,-0.3125f,0f,0.999255589276272f,0.03857806760492891f,1.5f,-1.2246467991473532e-16f,0.03857806760492891f,-0.999255589276272f,0.12499999999999996f,0f,0f,0f,1f],start_interpolation:0}
execute if entity @s[tag=aj.merfolk.bone.trident] run data modify entity @s {} merge value {transformation:[-1.3333333333333333f,-2.5543595585046295e-17f,1.6127591531533282e-16f,0.1875f,0f,1.3169177874601836f,0.2085792867203078f,-0.6908615556379121f,-1.6328623988631375e-16f,0.2085792867203078f,-1.3169177874601836f,-0.019787385832648566f,0f,0f,0f,1f],start_interpolation:0}
execute if entity @s[tag=aj.merfolk.bone.bone3] run data modify entity @s {} merge value {transformation:[-1f,-1.9157696688784723e-17f,1.2095693648649962e-16f,-0.3125f,0f,0.9876883405951378f,0.15643446504023084f,1.421875f,-1.2246467991473532e-16f,0.15643446504023084f,-0.9876883405951378f,0.12499999999999996f,0f,0f,0f,1f],start_interpolation:0}
execute if entity @s[tag=aj.merfolk.bone.armhands] run data modify entity @s {} merge value {transformation:[-1f,-1.9157696688784723e-17f,1.2095693648649962e-16f,-0.3125f,0f,0.9876883405951378f,0.15643446504023084f,1.421875f,-1.2246467991473532e-16f,0.15643446504023084f,-0.9876883405951378f,0.12499999999999996f,0f,0f,0f,1f],start_interpolation:0}
execute if entity @s[tag=aj.merfolk.bone.bone] run data modify entity @s {} merge value {transformation:[-1f,-4.273955692857141e-18f,1.2239007774061617e-16f,-0.25f,0f,0.9993908270190958f,0.03489949670250096f,0.8125f,-1.2246467991473532e-16f,0.03489949670250096f,-0.9993908270190958f,0.12499999999999997f,0f,0f,0f,1f],start_interpolation:0}