execute if entity @s[tag=aj.merfolk.bone.t3] run data modify entity @s {} merge value {transformation:[-1f,-2.1101727597284934e-17f,1.206329760846037e-16f,0.25000000000000006f,0f,0.9850430031629775f,0.17230868207859418f,0.1082893185237615f,-1.2246467991473532e-16f,0.17230868207859418f,-0.9850430031629775f,-0.13555142585618624f,0f,0f,0f,1f],start_interpolation:0}
execute if entity @s[tag=aj.merfolk.bone.t2] run data modify entity @s {} merge value {transformation:[-1f,9.31787433955012e-18f,1.2210968448248048e-16f,0f,0f,0.9971012423132773f,-0.07608621805109511f,0.27304680970706885f,-1.2246467991473532e-16f,-0.07608621805109511f,-0.9971012423132773f,0.09320089729919154f,0f,0f,0f,1f],start_interpolation:0}
execute if entity @s[tag=aj.merfolk.bone.t1] run data modify entity @s {} merge value {transformation:[-1f,1.357376467320277e-17f,1.2171010943719955e-16f,0.18749999999999997f,0f,0.9938384644612541f,-0.11083819990101107f,0.8125f,-1.2246467991473532e-16f,-0.11083819990101107f,-0.9938384644612541f,0.25f,0f,0f,0f,1f],start_interpolation:0}
execute if entity @s[tag=aj.merfolk.bone.nose] run data modify entity @s {} merge value {transformation:[-1f,6.238541326515257e-18f,1.2230567619181024e-16f,-5.551115123125783e-17f,0f,0.9987016360714307f,-0.05094155580906079f,1.722114500315774f,-1.2246467991473532e-16f,-0.05094155580906079f,-0.9987016360714307f,0.4000729880403999f,0f,0f,0f,1f],start_interpolation:0}
execute if entity @s[tag=aj.merfolk.bone.ear_l] run data modify entity @s {} merge value {transformation:[-0.9855560590580777f,-1.2971088495929494e-17f,-0.1693495038490245f,0.25f,-0.017936987241520104f,0.994374976712348f,0.10438711691111573f,1.7730481512347696f,0.16839690894612142f,0.10591697544925174f,-0.9800122832745896f,0.21693758538962382f,0f,0f,0f,1f],start_interpolation:0}
execute if entity @s[tag=aj.merfolk.bone.ear_r] run data modify entity @s {} merge value {transformation:[-0.9855560590580777f,-1.2971088495929494e-17f,0.16934950384902472f,-0.25f,0.017936987241520104f,0.994374976712348f,0.10438711691111573f,1.8041223692570305f,-0.16839690894612164f,0.10591697544925174f,-0.9800122832745896f,0.22024749087241288f,0f,0f,0f,1f],start_interpolation:0}
execute if entity @s[tag=aj.merfolk.bone.head] run data modify entity @s {} merge value {transformation:[-1f,-1.2971088495929494e-17f,1.217758132383001e-16f,-0.3125f,0f,0.994374976712348f,0.10591697544925174f,1.5f,-1.2246467991473532e-16f,0.10591697544925174f,-0.994374976712348f,0.12499999999999996f,0f,0f,0f,1f],start_interpolation:0}
execute if entity @s[tag=aj.merfolk.bone.trident] run data modify entity @s {} merge value {transformation:[-1.3333333333333333f,-5.984460722553186e-17f,1.519243861999535e-16f,0.1875000000000001f,0f,1.240556757309366f,0.488668302299063f,-0.609443537472889f,-1.6328623988631375e-16f,0.488668302299063f,-1.240556757309366f,-0.47363523112493483f,0f,0f,0f,1f],start_interpolation:0}
execute if entity @s[tag=aj.merfolk.bone.bone3] run data modify entity @s {} merge value {transformation:[-1f,-4.48834554191489e-17f,1.1394328964996512e-16f,-0.3125f,0f,0.9304175679820246f,0.36650122672429725f,1.421875f,-1.2246467991473532e-16f,0.36650122672429725f,-0.9304175679820246f,0.12499999999999996f,0f,0f,0f,1f],start_interpolation:0}
execute if entity @s[tag=aj.merfolk.bone.armhands] run data modify entity @s {} merge value {transformation:[-1f,-4.48834554191489e-17f,1.1394328964996512e-16f,-0.3125f,0f,0.9304175679820246f,0.36650122672429725f,1.421875f,-1.2246467991473532e-16f,0.36650122672429725f,-0.9304175679820246f,0.12499999999999996f,0f,0f,0f,1f],start_interpolation:0}
execute if entity @s[tag=aj.merfolk.bone.bone] run data modify entity @s {} merge value {transformation:[-1f,-1.0141080627295086e-17f,1.220440752774557e-16f,-0.25f,0f,0.9965655024977614f,0.08280820751220434f,0.8125f,-1.2246467991473532e-16f,0.08280820751220434f,-0.9965655024977614f,0.12499999999999997f,0f,0f,0f,1f],start_interpolation:0}