execute if entity @s[tag=aj.merfolk.bone.t3] run data modify entity @s {} merge value {transformation:[-1f,1.7749033759509438e-17f,1.211716535631266e-16f,0.25000000000000006f,0f,0.9894416385809445f,-0.14493185930724684f,0.12147255396028245f,-1.2246467991473532e-16f,-0.14493185930724684f,-0.9894416385809445f,-0.16677544546773063f,0f,0f,0f,1f],start_interpolation:0}
execute if entity @s[tag=aj.merfolk.bone.t2] run data modify entity @s {} merge value {transformation:[-1f,7.120687861218475e-18f,1.2225748905895979e-16f,0f,0f,0.9983081582712682f,-0.05814482891047586f,0.2820901641629582f,-1.2246467991473532e-16f,-0.05814482891047586f,-0.9983081582712682f,0.06490243337006713f,0f,0f,0f,1f],start_interpolation:0}
execute if entity @s[tag=aj.merfolk.bone.t1] run data modify entity @s {} merge value {transformation:[-1f,7.120687861218475e-18f,1.2225748905895979e-16f,0.18749999999999997f,0f,0.9983081582712682f,-0.05814482891047586f,0.8125f,-1.2246467991473532e-16f,-0.05814482891047586f,-0.9983081582712682f,0.25f,0f,0f,0f,1f],start_interpolation:0}
execute if entity @s[tag=aj.merfolk.bone.nose] run data modify entity @s {} merge value {transformation:[-1f,-6.364583208502146e-18f,1.2229918195638363e-16f,-5.551115123125783e-17f,0f,0.9986486066148468f,0.05197076588068835f,1.733376731282568f,-1.2246467991473532e-16f,0.05197076588068835f,-0.9986486066148468f,0.3905848288134397f,0f,0f,0f,1f],start_interpolation:0}
execute if entity @s[tag=aj.merfolk.bone.ear_l] run data modify entity @s {} merge value {transformation:[-0.9908658973868822f,-7.888708709561571e-18f,-0.13485093027372289f,0.25f,-0.008686583828769712f,0.9979231201920153f,0.06382781092610292f,1.7766398653626454f,0.13457086109954944f,0.0644161950617435f,-0.9888079880121788f,0.20548724987311634f,0f,0f,0f,1f],start_interpolation:0}
execute if entity @s[tag=aj.merfolk.bone.ear_r] run data modify entity @s {} merge value {transformation:[-0.9908658973868822f,-7.888708709561571e-18f,0.1348509302737231f,-0.25f,0.008686583828769712f,0.9979231201920153f,0.06382781092610292f,1.8078249628686458f,-0.13457086109954966f,0.0644161950617435f,-0.9888079880121788f,0.20750025596879576f,0f,0f,0f,1f],start_interpolation:0}
execute if entity @s[tag=aj.merfolk.bone.head] run data modify entity @s {} merge value {transformation:[-1f,-7.888708709561571e-18f,1.222103354938291e-16f,-0.3125f,0f,0.9979231201920153f,0.0644161950617435f,1.5f,-1.2246467991473532e-16f,0.0644161950617435f,-0.9979231201920153f,0.12499999999999996f,0f,0f,0f,1f],start_interpolation:0}
execute if entity @s[tag=aj.merfolk.bone.trident] run data modify entity @s {} merge value {transformation:[-1.3333333333333333f,-3.8118415682923165e-17f,1.587746280802908e-16f,0.1875000000000001f,0f,1.296493227196902f,0.3112604851412072f,-0.6729888065618312f,-1.6328623988631375e-16f,0.3112604851412072f,-1.296493227196902f,-0.18510445430898614f,0f,0f,0f,1f],start_interpolation:0}
execute if entity @s[tag=aj.merfolk.bone.bone3] run data modify entity @s {} merge value {transformation:[-1f,-2.8588811762192377e-17f,1.1908097106021811e-16f,-0.3125f,0f,0.9723699203976766f,0.23344536385590542f,1.421875f,-1.2246467991473532e-16f,0.23344536385590542f,-0.9723699203976766f,0.12499999999999996f,0f,0f,0f,1f],start_interpolation:0}
execute if entity @s[tag=aj.merfolk.bone.armhands] run data modify entity @s {} merge value {transformation:[-1f,-2.8588811762192377e-17f,1.1908097106021811e-16f,-0.3125f,0f,0.9723699203976766f,0.23344536385590542f,1.421875f,-1.2246467991473532e-16f,0.23344536385590542f,-0.9723699203976766f,0.12499999999999996f,0f,0f,0f,1f],start_interpolation:0}
execute if entity @s[tag=aj.merfolk.bone.bone] run data modify entity @s {} merge value {transformation:[-1f,-5.875626152274419e-18f,1.2232364793422932e-16f,-0.25f,0f,0.9988483864849507f,0.04797812852134394f,0.8125f,-1.2246467991473532e-16f,0.04797812852134394f,-0.9988483864849507f,0.12499999999999997f,0f,0f,0f,1f],start_interpolation:0}