execute if entity @s[tag=aj.merfolk.bone.t3] run data modify entity @s {} merge value {transformation:[-1f,-5.905618086716074e-17f,1.0728450646763386e-16f,0.25000000000000006f,0f,0.8760444770061828f,0.4822303125135995f,0.23073487582003224f,-1.2246467991473532e-16f,0.4822303125135995f,-0.8760444770061828f,-0.27585774307481586f,0f,0f,0f,1f],start_interpolation:0}
execute if entity @s[tag=aj.merfolk.bone.t2] run data modify entity @s {} merge value {transformation:[-1f,-3.075675786136091e-17f,1.1853952789038846e-16f,0f,0f,0.9679487013963564f,0.25114798718107917f,0.3124698569221749f,-1.2246467991473532e-16f,0.25114798718107917f,-0.9679487013963564f,-0.006057726184096612f,0f,0f,0f,1f],start_interpolation:0}
execute if entity @s[tag=aj.merfolk.bone.t1] run data modify entity @s {} merge value {transformation:[-1f,-9.70532059972318e-18f,1.220795010584298e-16f,0.18749999999999997f,0f,0.9968547759519424f,0.07924995685678844f,0.8125f,-1.2246467991473532e-16f,0.07924995685678844f,-0.9968547759519424f,0.25f,0f,0f,0f,1f],start_interpolation:0}
execute if entity @s[tag=aj.merfolk.bone.nose] run data modify entity @s {} merge value {transformation:[-1f,-8.87840234955361e-19f,1.224614615556085e-16f,-5.551115123125783e-17f,0f,0.9999737201033875f,0.007249765692226615f,1.7395911767913466f,-1.2246467991473532e-16f,0.007249765692226615f,-0.9999737201033875f,0.3849924383587679f,0f,0f,0f,1f],start_interpolation:0}
execute if entity @s[tag=aj.merfolk.bone.ear_l] run data modify entity @s {} merge value {transformation:[-0.9961946980917455f,-4.9968679354220854e-18f,-0.08715574274765805f,0.25f,-0.0035561742097957156f,0.9991672303002289f,0.040647257215696016f,1.7784656258260116f,0.08708316208593676f,0.04080252313484263f,-0.9953650973321021f,0.19892366152543883f,0f,0f,0f,1f],start_interpolation:0}
execute if entity @s[tag=aj.merfolk.bone.ear_r] run data modify entity @s {} merge value {transformation:[-0.9961946980917455f,-4.9968679354220854e-18f,0.0871557427476583f,-0.25f,0.0035561742097957156f,0.9991672303002289f,0.040647257215696016f,1.8096896017728938f,-0.08708316208593701f,0.04080252313484263f,-0.9953650973321021f,0.2001987403734026f,0f,0f,0f,1f],start_interpolation:0}
execute if entity @s[tag=aj.merfolk.bone.head] run data modify entity @s {} merge value {transformation:[-1f,-4.9968679354220854e-18f,1.2236269504001018e-16f,-0.3125f,0f,0.9991672303002289f,0.04080252313484263f,1.5f,-1.2246467991473532e-16f,0.04080252313484263f,-0.9991672303002289f,0.12499999999999996f,0f,0f,0f,1f],start_interpolation:0}
execute if entity @s[tag=aj.merfolk.bone.trident] run data modify entity @s {} merge value {transformation:[-1.3333333333333333f,-3.185556512022372e-17f,1.6014874057288738e-16f,0.1875f,0f,1.3077137072043072f,0.2601204293548377f,-0.6835483862285883f,-1.6328623988631375e-16f,0.2601204293548377f,-1.3077137072043072f,-0.10262140792716488f,0f,0f,0f,1f],start_interpolation:0}
execute if entity @s[tag=aj.merfolk.bone.bone3] run data modify entity @s {} merge value {transformation:[-1f,-2.389167384016779e-17f,1.2011155542966555e-16f,-0.3125f,0f,0.9807852804032304f,0.19509032201612828f,1.421875f,-1.2246467991473532e-16f,0.19509032201612828f,-0.9807852804032304f,0.12499999999999996f,0f,0f,0f,1f],start_interpolation:0}
execute if entity @s[tag=aj.merfolk.bone.armhands] run data modify entity @s {} merge value {transformation:[-1f,-2.389167384016779e-17f,1.2011155542966555e-16f,-0.3125f,0f,0.9807852804032304f,0.19509032201612828f,1.421875f,-1.2246467991473532e-16f,0.19509032201612828f,-0.9807852804032304f,0.12499999999999996f,0f,0f,0f,1f],start_interpolation:0}
execute if entity @s[tag=aj.merfolk.bone.bone] run data modify entity @s {} merge value {transformation:[-1f,-5.341834311772723e-18f,1.223481206754078e-16f,-0.25f,0f,0.9990482215818578f,0.043619387365336f,0.8125f,-1.2246467991473532e-16f,0.043619387365336f,-0.9990482215818578f,0.12499999999999997f,0f,0f,0f,1f],start_interpolation:0}