execute if entity @s[tag=aj.merfolk.bone.t3] run data modify entity @s {} merge value {transformation:[-1f,-5.55235891164368e-17f,1.0915460997249576e-16f,0.25000000000000006f,0f,0.8913150309827574f,0.45338451180450134f,0.1971605622613387f,-1.2246467991473532e-16f,0.45338451180450134f,-0.8913150309827574f,-0.24412152124726463f,0f,0f,0f,1f],start_interpolation:0}
execute if entity @s[tag=aj.merfolk.bone.t2] run data modify entity @s {} merge value {transformation:[-1f,-2.0882945739113105e-17f,1.2067104210984437e-16f,0f,0f,0.985353835847693f,0.17052219263262375f,0.3008525042992435f,-1.2246467991473532e-16f,0.17052219263262375f,-0.985353835847693f,0.0180246925465031f,0f,0f,0f,1f],start_interpolation:0}
execute if entity @s[tag=aj.merfolk.bone.t1] run data modify entity @s {} merge value {transformation:[-1f,-3.885551220196861e-18f,1.2240302413884145e-16f,0.18749999999999997f,0f,0.9994965423831851f,0.03172793349806763f,0.8125f,-1.2246467991473532e-16f,0.03172793349806763f,-0.9994965423831851f,0.25f,0f,0f,0f,1f],start_interpolation:0}
execute if entity @s[tag=aj.merfolk.bone.nose] run data modify entity @s {} merge value {transformation:[-1f,-1.0654041754252797e-18f,1.2246004548652413e-16f,-5.551115123125783e-17f,0f,0.999962157021809f,0.008699685298381998f,1.737460959678222f,-1.2246467991473532e-16f,0.008699685298381998f,-0.999962157021809f,0.38693948276023193f,0f,0f,0f,1f],start_interpolation:0}
execute if entity @s[tag=aj.merfolk.bone.ear_l] run data modify entity @s {} merge value {transformation:[-0.9945218953682733f,-5.995508988047628e-18f,-0.10452846326765333f,0.25f,-0.005117404801648578f,0.9988008848769078f,0.04868885434267321f,1.777852933486379f,0.1044031216065555f,0.04895704616401999f,-0.9933293491232909f,0.20119422453843738f,0f,0f,0f,1f],start_interpolation:0}
execute if entity @s[tag=aj.merfolk.bone.ear_r] run data modify entity @s {} merge value {transformation:[-0.9945218953682733f,-5.995508988047628e-18f,0.10452846326765358f,-0.25f,0.005117404801648578f,0.9988008848769078f,0.04868885434267321f,1.8090654611387824f,-0.10440312160655575f,0.04895704616401999f,-0.9933293491232909f,0.20272413223106295f,0f,0f,0f,1f],start_interpolation:0}
execute if entity @s[tag=aj.merfolk.bone.head] run data modify entity @s {} merge value {transformation:[-1f,-5.995508988047628e-18f,1.2231783066500492e-16f,-0.3125f,0f,0.9988008848769078f,0.04895704616401999f,1.5f,-1.2246467991473532e-16f,0.04895704616401999f,-0.9988008848769078f,0.12499999999999996f,0f,0f,0f,1f],start_interpolation:0}
execute if entity @s[tag=aj.merfolk.bone.trident] run data modify entity @s {} merge value {transformation:[-1.3333333333333333f,-3.8118415682923165e-17f,1.587746280802908e-16f,0.1875000000000001f,0f,1.296493227196902f,0.3112604851412072f,-0.6729888065618312f,-1.6328623988631375e-16f,0.3112604851412072f,-1.296493227196902f,-0.18510445430898614f,0f,0f,0f,1f],start_interpolation:0}
execute if entity @s[tag=aj.merfolk.bone.bone3] run data modify entity @s {} merge value {transformation:[-1f,-2.8588811762192377e-17f,1.1908097106021811e-16f,-0.3125f,0f,0.9723699203976766f,0.23344536385590542f,1.421875f,-1.2246467991473532e-16f,0.23344536385590542f,-0.9723699203976766f,0.12499999999999996f,0f,0f,0f,1f],start_interpolation:0}
execute if entity @s[tag=aj.merfolk.bone.armhands] run data modify entity @s {} merge value {transformation:[-1f,-2.8588811762192377e-17f,1.1908097106021811e-16f,-0.3125f,0f,0.9723699203976766f,0.23344536385590542f,1.421875f,-1.2246467991473532e-16f,0.23344536385590542f,-0.9723699203976766f,0.12499999999999996f,0f,0f,0f,1f],start_interpolation:0}
execute if entity @s[tag=aj.merfolk.bone.bone] run data modify entity @s {} merge value {transformation:[-1f,-6.4093061293237094e-18f,1.2229684632711994e-16f,-0.25f,0f,0.9986295347545738f,0.05233595624294383f,0.8125f,-1.2246467991473532e-16f,0.05233595624294383f,-0.9986295347545738f,0.12499999999999997f,0f,0f,0f,1f],start_interpolation:0}