execute if entity @s[tag=aj.merfolk.bone.t3] run data modify entity @s {} merge value {transformation:[-1f,-5.092416158369169e-17f,1.1137471703046717e-16f,0.25000000000000006f,0f,0.9094435808594818f,0.41582733584203274f,0.26421379358687375f,-1.2246467991473532e-16f,0.41582733584203274f,-0.9094435808594818f,-0.3242169961287572f,0f,0f,0f,1f],start_interpolation:0}
execute if entity @s[tag=aj.merfolk.bone.t2] run data modify entity @s {} merge value {transformation:[-1f,-3.3755840552672803e-17f,1.1772060590738184e-16f,0f,0f,0.9612616959383188f,0.2756373558169991f,0.3390738664343489f,-1.2246467991473532e-16f,0.2756373558169991f,-0.9612616959383188f,-0.05242916390797753f,0f,0f,0f,1f],start_interpolation:0}
execute if entity @s[tag=aj.merfolk.bone.t1] run data modify entity @s {} merge value {transformation:[-1f,-2.1265768495757713e-17f,1.2060416625018976e-16f,0.18749999999999997f,0f,0.984807753012208f,0.17364817766693033f,0.8125f,-1.2246467991473532e-16f,0.17364817766693033f,-0.984807753012208f,0.25f,0f,0f,0f,1f],start_interpolation:0}
execute if entity @s[tag=aj.merfolk.bone.nose] run data modify entity @s {} merge value {transformation:[-1f,-5.32707127542533e-19f,1.2246352130220186e-16f,-5.551115123125783e-17f,0f,0.999990539210699f,0.004349883802525142f,1.743803577936725f,-1.2246467991473532e-16f,0.004349883802525142f,-0.999990539210699f,0.3810465101993215f,0f,0f,0f,1f],start_interpolation:0}
execute if entity @s[tag=aj.merfolk.bone.ear_l] run data modify entity @s {} merge value {transformation:[-0.9986295347545738f,-2.998653561513329e-18f,-0.0523359562429437f,0.25f,-0.0012814911343611496f,0.9997001762720931f,0.024452307498856976f,1.7796353080437015f,0.05232026468143937f,0.024485864525192965f,-0.9983301219246657f,0.19436791041471635f,0f,0f,0f,1f],start_interpolation:0}
execute if entity @s[tag=aj.merfolk.bone.ear_r] run data modify entity @s {} merge value {transformation:[-0.9986295347545738f,-2.998653561513329e-18f,0.05233595624294395f,-0.25f,0.0012814911343611496f,0.9997001762720931f,0.024452307498856976f,1.8108759385522044f,-0.05232026468143962f,0.024485864525192965f,-0.9983301219246657f,0.19513309368112858f,0f,0f,0f,1f],start_interpolation:0}
execute if entity @s[tag=aj.merfolk.bone.head] run data modify entity @s {} merge value {transformation:[-1f,-2.998653561513329e-18f,1.2242796209786637e-16f,-0.3125f,0f,0.9997001762720931f,0.024485864525192965f,1.5f,-1.2246467991473532e-16f,0.024485864525192965f,-0.9997001762720931f,0.12499999999999996f,0f,0f,0f,1f],start_interpolation:0}
execute if entity @s[tag=aj.merfolk.bone.trident] run data modify entity @s {} merge value {transformation:[-1.3333333333333333f,-1.919223967691348e-17f,1.6215441428587353e-16f,0.1875f,0f,1.3240912759399017f,0.15671652994378352f,-0.6949170384126422f,-1.6328623988631375e-16f,0.15671652994378352f,-1.3240912759399017f,0.0632698879164224f,0f,0f,0f,1f],start_interpolation:0}
execute if entity @s[tag=aj.merfolk.bone.bone3] run data modify entity @s {} merge value {transformation:[-1f,-1.4394179757685112e-17f,1.2161581071440516e-16f,-0.3125f,0f,0.9930684569549263f,0.11753739745783764f,1.421875f,-1.2246467991473532e-16f,0.11753739745783764f,-0.9930684569549263f,0.12499999999999996f,0f,0f,0f,1f],start_interpolation:0}
execute if entity @s[tag=aj.merfolk.bone.armhands] run data modify entity @s {} merge value {transformation:[-1f,-1.4394179757685112e-17f,1.2161581071440516e-16f,-0.3125f,0f,0.9930684569549263f,0.11753739745783764f,1.421875f,-1.2246467991473532e-16f,0.11753739745783764f,-0.9930684569549263f,0.12499999999999996f,0f,0f,0f,1f],start_interpolation:0}
execute if entity @s[tag=aj.merfolk.bone.bone] run data modify entity @s {} merge value {transformation:[-1f,-3.2057515956682574e-18f,1.2242271432755217e-16f,-0.25f,0f,0.9996573249755573f,0.02617694830787315f,0.8125f,-1.2246467991473532e-16f,0.02617694830787315f,-0.9996573249755573f,0.12499999999999997f,0f,0f,0f,1f],start_interpolation:0}