execute if entity @s[tag=aj.merfolk.bone.t3] run data modify entity @s {} merge value {transformation:[-1f,4.188538737676991e-17f,1.1507915602278503e-16f,0.24999999999999997f,0f,0.9396926207859084f,-0.34202014332566866f,0.030970408897043306f,-1.2246467991473532e-16f,-0.34202014332566866f,-0.9396926207859084f,0.04892239966757747f,0f,0f,0f,1f],start_interpolation:0}
execute if entity @s[tag=aj.merfolk.bone.t2] run data modify entity @s {} merge value {transformation:[-1f,4.188538737676991e-17f,1.1507915602278503e-16f,-2.7755575615628914e-17f,0f,0.9396926207859084f,-0.34202014332566866f,0.2512863595627126f,-1.2246467991473532e-16f,-0.34202014332566866f,-0.9396926207859084f,0.2248017279932291f,0f,0f,0f,1f],start_interpolation:0}
execute if entity @s[tag=aj.merfolk.bone.t1] run data modify entity @s {} merge value {transformation:[-1f,4.188538737676991e-17f,1.1507915602278503e-16f,0.18749999999999997f,0f,0.9396926207859084f,-0.34202014332566866f,0.8125f,-1.2246467991473532e-16f,-0.34202014332566866f,-0.9396926207859084f,0.25f,0f,0f,0f,1f],start_interpolation:0}
execute if entity @s[tag=aj.merfolk.bone.nose] run data modify entity @s {} merge value {transformation:[-1f,5.7339391700262395e-18f,1.2233037140552222e-16f,-5.551115123125783e-17f,0f,0.9989032877944352f,-0.04682116651118045f,1.735119046321657f,-1.2246467991473532e-16f,-0.04682116651118045f,-0.9989032877944352f,0.3890436215037101f,0f,0f,0f,1f],start_interpolation:0}
execute if entity @s[tag=aj.merfolk.bone.ear_l] run data modify entity @s {} merge value {transformation:[-0.9945218953682733f,-7.084477682679659e-18f,-0.10452846326765335f,0.25f,-0.006046882788899436f,0.9983253356507341f,0.05753224666555513f,1.7771634287540123f,0.10435341317673545f,0.05784915036410619f,-0.9928564050055357f,0.20366540701807578f,0f,0f,0f,1f],start_interpolation:0}
execute if entity @s[tag=aj.merfolk.bone.ear_r] run data modify entity @s {} merge value {transformation:[-0.9945218953682733f,-7.084477682679659e-18f,0.1045284632676536f,-0.25f,0.006046882788899436f,0.9983253356507341f,0.05753224666555513f,1.8083610954930978f,-0.1043534131767357f,0.05784915036410619f,-0.9928564050055357f,0.20547319296695404f,0f,0f,0f,1f],start_interpolation:0}
execute if entity @s[tag=aj.merfolk.bone.head] run data modify entity @s {} merge value {transformation:[-1f,-7.084477682679659e-18f,1.2225959268123785e-16f,-0.3125f,0f,0.9983253356507341f,0.05784915036410619f,1.5f,-1.2246467991473532e-16f,0.05784915036410619f,-0.9983253356507341f,0.12499999999999996f,0f,0f,0f,1f],start_interpolation:0}
execute if entity @s[tag=aj.merfolk.bone.trident] run data modify entity @s {} merge value {transformation:[-1.3333333333333333f,-3.811841568292318e-17f,1.587746280802908e-16f,0.1875000000000001f,0f,1.296493227196902f,0.31126048514120724f,-0.6729888065618312f,-1.6328623988631375e-16f,0.31126048514120724f,-1.296493227196902f,-0.1851044543089862f,0f,0f,0f,1f],start_interpolation:0}
execute if entity @s[tag=aj.merfolk.bone.bone3] run data modify entity @s {} merge value {transformation:[-1f,-2.858881176219238e-17f,1.1908097106021811e-16f,-0.3125f,0f,0.9723699203976766f,0.23344536385590545f,1.421875f,-1.2246467991473532e-16f,0.23344536385590545f,-0.9723699203976766f,0.12499999999999996f,0f,0f,0f,1f],start_interpolation:0}
execute if entity @s[tag=aj.merfolk.bone.armhands] run data modify entity @s {} merge value {transformation:[-1f,-2.858881176219238e-17f,1.1908097106021811e-16f,-0.3125f,0f,0.9723699203976766f,0.23344536385590545f,1.421875f,-1.2246467991473532e-16f,0.23344536385590545f,-0.9723699203976766f,0.12499999999999996f,0f,0f,0f,1f],start_interpolation:0}
execute if entity @s[tag=aj.merfolk.bone.bone] run data modify entity @s {} merge value {transformation:[-1f,-6.40930612932371e-18f,1.2229684632711994e-16f,-0.25f,0f,0.9986295347545738f,0.052335956242943835f,0.8125f,-1.2246467991473532e-16f,0.052335956242943835f,-0.9986295347545738f,0.12499999999999997f,0f,0f,0f,1f],start_interpolation:0}