execute if entity @s[tag=aj.merfolk.bone.t3] run data modify entity @s {} merge value {transformation:[-1f,4.521471265320051e-17f,1.1381224708398955e-16f,0.25f,0f,0.9293475242268225f,-0.3692061473126844f,0.04398425594056771f,-1.2246467991473532e-16f,-0.3692061473126844f,-0.9293475242268225f,0.0038206867793775523f,0f,0f,0f,1f],start_interpolation:0}
execute if entity @s[tag=aj.merfolk.bone.t2] run data modify entity @s {} merge value {transformation:[-1f,3.512326609247501e-17f,1.1731987898738974e-16f,-2.7755575615628914e-17f,0f,0.9579895123154889f,-0.2868032327110902f,0.2537009934330112f,-1.2246467991473532e-16f,-0.2868032327110902f,-0.9579895123154889f,0.1922126883758507f,0f,0f,0f,1f],start_interpolation:0}
execute if entity @s[tag=aj.merfolk.bone.t1] run data modify entity @s {} merge value {transformation:[-1f,3.512326609247501e-17f,1.1731987898738974e-16f,0.18749999999999997f,0f,0.9579895123154889f,-0.2868032327110902f,0.8125f,-1.2246467991473532e-16f,-0.2868032327110902f,-0.9579895123154889f,0.25f,0f,0f,0f,1f],start_interpolation:0}
execute if entity @s[tag=aj.merfolk.bone.nose] run data modify entity @s {} merge value {transformation:[-1f,4.778816579803451e-18f,1.2237140490619191e-16f,-5.551115123125783e-17f,0f,0.9992383517549032f,-0.03902199869489431f,1.7376552717268934f,-1.2246467991473532e-16f,-0.03902199869489431f,-0.9992383517549032f,0.3867631979870671f,0f,0f,0f,1f],start_interpolation:0}
execute if entity @s[tag=aj.merfolk.bone.ear_l] run data modify entity @s {} merge value {transformation:[-0.9961946980917455f,-5.904738945720451e-18f,-0.08715574274765805f,0.25f,-0.00420228843862244f,0.9988369394279208f,0.04803237664474379f,1.777909398431581f,0.08705437533963797f,0.04821585252034758f,-0.9950360633162807f,0.20098801723559284f,0f,0f,0f,1f],start_interpolation:0}
execute if entity @s[tag=aj.merfolk.bone.ear_r] run data modify entity @s {} merge value {transformation:[-0.9961946980917455f,-5.904738945720451e-18f,0.0871557427476583f,-0.25f,0.00420228843862244f,0.9988369394279208f,0.04803237664474379f,1.8091230527887034f,-0.08705437533963822f,0.04821585252034758f,-0.9950360633162807f,0.20249476262685365f,0f,0f,0f,1f],start_interpolation:0}
execute if entity @s[tag=aj.merfolk.bone.head] run data modify entity @s {} merge value {transformation:[-1f,-5.904738945720451e-18f,1.223222460740542e-16f,-0.3125f,0f,0.9988369394279208f,0.04821585252034758f,1.5f,-1.2246467991473532e-16f,0.04821585252034758f,-0.9988369394279208f,0.12499999999999996f,0f,0f,0f,1f],start_interpolation:0}
execute if entity @s[tag=aj.merfolk.bone.trident] run data modify entity @s {} merge value {transformation:[-1.3333333333333333f,-3.185556512022372e-17f,1.6014874057288738e-16f,0.1875f,0f,1.3077137072043072f,0.2601204293548377f,-0.6835483862285883f,-1.6328623988631375e-16f,0.2601204293548377f,-1.3077137072043072f,-0.10262140792716488f,0f,0f,0f,1f],start_interpolation:0}
execute if entity @s[tag=aj.merfolk.bone.bone3] run data modify entity @s {} merge value {transformation:[-1f,-2.389167384016779e-17f,1.2011155542966555e-16f,-0.3125f,0f,0.9807852804032304f,0.19509032201612828f,1.421875f,-1.2246467991473532e-16f,0.19509032201612828f,-0.9807852804032304f,0.12499999999999996f,0f,0f,0f,1f],start_interpolation:0}
execute if entity @s[tag=aj.merfolk.bone.armhands] run data modify entity @s {} merge value {transformation:[-1f,-2.389167384016779e-17f,1.2011155542966555e-16f,-0.3125f,0f,0.9807852804032304f,0.19509032201612828f,1.421875f,-1.2246467991473532e-16f,0.19509032201612828f,-0.9807852804032304f,0.12499999999999996f,0f,0f,0f,1f],start_interpolation:0}
execute if entity @s[tag=aj.merfolk.bone.bone] run data modify entity @s {} merge value {transformation:[-1f,-5.341834311772723e-18f,1.223481206754078e-16f,-0.25f,0f,0.9990482215818578f,0.043619387365336f,0.8125f,-1.2246467991473532e-16f,0.043619387365336f,-0.9990482215818578f,0.12499999999999997f,0f,0f,0f,1f],start_interpolation:0}