execute if entity @s[tag=aj.merfolk.bone.t3] run data modify entity @s {} merge value {transformation:[-1f,-3.453779805584778e-17f,1.1749356719443008e-16f,0.25000000000000006f,0f,0.9594077841564904f,0.2820225233911879f,0.2224915074022499f,-1.2246467991473532e-16f,0.2820225233911879f,-0.9594077841564904f,-0.2880431925264929f,0f,0f,0f,1f],start_interpolation:0}
execute if entity @s[tag=aj.merfolk.bone.t2] run data modify entity @s {} merge value {transformation:[-1f,-2.266759050451357e-17f,1.203485694445026e-16f,0f,0f,0.9827206467064132f,0.18509492304471484f,0.3222901365296198f,-1.2246467991473532e-16f,0.18509492304471484f,-0.9827206467064132f,-0.024390220090569736f,0f,0f,0f,1f],start_interpolation:0}
execute if entity @s[tag=aj.merfolk.bone.t1] run data modify entity @s {} merge value {transformation:[-1f,-1.4217281568715194e-17f,1.2163661755990443e-16f,0.18749999999999997f,0f,0.993238357741943f,0.11609291412523039f,0.8125f,-1.2246467991473532e-16f,0.11609291412523039f,-0.993238357741943f,0.25f,0f,0f,0f,1f],start_interpolation:0}
execute if entity @s[tag=aj.merfolk.bone.nose] run data modify entity @s {} merge value {transformation:[-1f,-1.0686923765729347e-18f,1.2246001683497694e-16f,-5.551115123125783e-17f,0f,0.9999619230641714f,0.008726535498373898f,1.7388572085541305f,-1.2246467991473532e-16f,0.008726535498373898f,-0.9999619230641714f,0.38566690223679845f,0f,0f,0f,1f],start_interpolation:0}
execute if entity @s[tag=aj.merfolk.bone.ear_l] run data modify entity @s {} merge value {transformation:[-0.9902680687415704f,-5.341834311772723e-18f,-0.13917310096006533f,0.25f,-0.00607064540161211f,0.9990482215818578f,0.04319488648596174f,1.778256100609564f,0.1390406390061856f,0.043619387365336f,-0.9893255529655668f,0.1997084665453669f,0f,0f,0f,1f],start_interpolation:0}
execute if entity @s[tag=aj.merfolk.bone.ear_r] run data modify entity @s {} merge value {transformation:[-0.9902680687415704f,-5.341834311772723e-18f,0.13917310096006555f,-0.25f,0.00607064540161211f,0.9990482215818578f,0.04319488648596174f,1.8094763575339972f,-0.13904063900618582f,0.043619387365336f,-0.9893255529655668f,0.20107157240053358f,0f,0f,0f,1f],start_interpolation:0}
execute if entity @s[tag=aj.merfolk.bone.head] run data modify entity @s {} merge value {transformation:[-1f,-5.341834311772723e-18f,1.223481206754078e-16f,-0.3125f,0f,0.9990482215818578f,0.043619387365336f,1.5f,-1.2246467991473532e-16f,0.043619387365336f,-0.9990482215818578f,0.12499999999999996f,0f,0f,0f,1f],start_interpolation:0}
execute if entity @s[tag=aj.merfolk.bone.trident] run data modify entity @s {} merge value {transformation:[-1.3333333333333333f,-4.0883609404769726e-17f,1.580851878521483e-16f,0.1875000000000001f,0f,1.2908635205041437f,0.33384000540592185f,-0.6672576796827787f,-1.6328623988631375e-16f,0.33384000540592185f,-1.2908635205041437f,-0.221617638481442f,0f,0f,0f,1f],start_interpolation:0}
execute if entity @s[tag=aj.merfolk.bone.bone3] run data modify entity @s {} merge value {transformation:[-1f,-3.06627070535773e-17f,1.1856389088911123e-16f,-0.3125f,0f,0.9681476403781077f,0.2503800040544414f,1.421875f,-1.2246467991473532e-16f,0.2503800040544414f,-0.9681476403781077f,0.12499999999999996f,0f,0f,0f,1f],start_interpolation:0}
execute if entity @s[tag=aj.merfolk.bone.armhands] run data modify entity @s {} merge value {transformation:[-1f,-3.06627070535773e-17f,1.1856389088911123e-16f,-0.3125f,0f,0.9681476403781077f,0.2503800040544414f,1.421875f,-1.2246467991473532e-16f,0.2503800040544414f,-0.9681476403781077f,0.12499999999999996f,0f,0f,0f,1f],start_interpolation:0}
execute if entity @s[tag=aj.merfolk.bone.bone] run data modify entity @s {} merge value {transformation:[-1f,-6.40930612932371e-18f,1.2229684632711994e-16f,-0.25f,0f,0.9986295347545738f,0.052335956242943835f,0.8125f,-1.2246467991473532e-16f,0.052335956242943835f,-0.9986295347545738f,0.12499999999999997f,0f,0f,0f,1f],start_interpolation:0}