execute if entity @s[tag=aj.merfolk.bone.t3] run data modify entity @s {} merge value {transformation:[-1f,-5.0924161583691663e-17f,1.113747170304672e-16f,0.25000000000000006f,0f,0.909443580859482f,0.4158273358420326f,0.26421379358687375f,-1.2246467991473532e-16f,0.4158273358420326f,-0.909443580859482f,-0.3242169961287572f,0f,0f,0f,1f],start_interpolation:0}
execute if entity @s[tag=aj.merfolk.bone.t2] run data modify entity @s {} merge value {transformation:[-1f,-3.37558405526728e-17f,1.1772060590738184e-16f,0f,0f,0.9612616959383188f,0.2756373558169991f,0.3390738664343489f,-1.2246467991473532e-16f,0.2756373558169991f,-0.9612616959383188f,-0.05242916390797753f,0f,0f,0f,1f],start_interpolation:0}
execute if entity @s[tag=aj.merfolk.bone.t1] run data modify entity @s {} merge value {transformation:[-1f,-2.1265768495757713e-17f,1.2060416625018976e-16f,0.18749999999999997f,0f,0.984807753012208f,0.17364817766693033f,0.8125f,-1.2246467991473532e-16f,0.17364817766693033f,-0.984807753012208f,0.25f,0f,0f,0f,1f],start_interpolation:0}
execute if entity @s[tag=aj.merfolk.bone.nose] run data modify entity @s {} merge value {transformation:[-1f,-2.4427564202739092e-20f,1.224646774784986e-16f,-5.551115123125783e-17f,0f,0.9999999801066174f,0.0001994661989052418f,1.736520981898745f,-1.2246467991473532e-16f,0.0001994661989052418f,-0.9999999801066174f,0.3877885559183533f,0f,0f,0f,1f],start_interpolation:0}
execute if entity @s[tag=aj.merfolk.bone.ear_l] run data modify entity @s {} merge value {transformation:[-0.9896513868196702f,-6.433700088895897e-18f,-0.1434926219911792f,0.25f,-0.0075384061388419545f,0.9986190756341967f,0.0519914821137874f,1.7775781682696667f,0.14329446953315858f,0.05253514803921661f,-0.98828475310596f,0.20218920261316697f,0f,0f,0f,1f],start_interpolation:0}
execute if entity @s[tag=aj.merfolk.bone.ear_r] run data modify entity @s {} merge value {transformation:[-0.9896513868196702f,-6.433700088895897e-18f,0.14349262199117943f,-0.25f,0.0075384061388419545f,0.9986190756341967f,0.0519914821137874f,1.8087850143832354f,-0.1432944695331588f,0.05253514803921661f,-0.98828475310596f,0.20383092598939243f,0f,0f,0f,1f],start_interpolation:0}
execute if entity @s[tag=aj.merfolk.bone.head] run data modify entity @s {} merge value {transformation:[-1f,-6.433700088895897e-18f,1.2229556545429077e-16f,-0.3125f,0f,0.9986190756341967f,0.05253514803921661f,1.5f,-1.2246467991473532e-16f,0.05253514803921661f,-0.9986190756341967f,0.12499999999999996f,0f,0f,0f,1f],start_interpolation:0}
execute if entity @s[tag=aj.merfolk.bone.trident] run data modify entity @s {} merge value {transformation:[-1.3333333333333333f,-4.363634958314317e-17f,1.5734759334438046e-16f,0.1875000000000001f,0f,1.284840604278164f,0.35631783477100903f,-0.6608901827516123f,-1.6328623988631375e-16f,0.35631783477100903f,-1.284840604278164f,-0.258025239563456f,0f,0f,0f,1f],start_interpolation:0}
execute if entity @s[tag=aj.merfolk.bone.bone3] run data modify entity @s {} merge value {transformation:[-1f,-3.272726218735738e-17f,1.1801069500828535e-16f,-0.3125f,0f,0.9636304532086231f,0.2672383760782568f,1.421875f,-1.2246467991473532e-16f,0.2672383760782568f,-0.9636304532086231f,0.12499999999999996f,0f,0f,0f,1f],start_interpolation:0}
execute if entity @s[tag=aj.merfolk.bone.armhands] run data modify entity @s {} merge value {transformation:[-1f,-3.272726218735738e-17f,1.1801069500828535e-16f,-0.3125f,0f,0.9636304532086231f,0.2672383760782568f,1.421875f,-1.2246467991473532e-16f,0.2672383760782568f,-0.9636304532086231f,0.12499999999999996f,0f,0f,0f,1f],start_interpolation:0}
execute if entity @s[tag=aj.merfolk.bone.bone] run data modify entity @s {} merge value {transformation:[-1f,-6.942864082423113e-18f,1.222677163643436e-16f,-0.25f,0f,0.9983916705573488f,0.05669278756337749f,0.8125f,-1.2246467991473532e-16f,0.05669278756337749f,-0.9983916705573488f,0.12499999999999997f,0f,0f,0f,1f],start_interpolation:0}