execute if entity @s[tag=aj.merfolk.bone.t3] run data modify entity @s {} merge value {transformation:[-1f,-4.995161136206701e-18f,1.2236276472784481e-16f,0.25000000000000006f,0f,0.9991677993445829f,0.04078858606158553f,0.08314785281193404f,-1.2246467991473532e-16f,0.04078858606158553f,-0.9991677993445829f,-0.09534931376384381f,0f,0f,0f,1f],start_interpolation:0}
execute if entity @s[tag=aj.merfolk.bone.t2] run data modify entity @s {} merge value {transformation:[-1f,1.9349590383957655e-17f,1.2092638743711658e-16f,0f,0f,0.9874388886763943f,-0.15800139597334997f,0.2661970254923668f,-1.2246467991473532e-16f,-0.15800139597334997f,-0.9874388886763943f,0.11904671379032777f,0f,0f,0f,1f],start_interpolation:0}
execute if entity @s[tag=aj.merfolk.bone.t1] run data modify entity @s {} merge value {transformation:[-1f,1.9349590383957655e-17f,1.2092638743711658e-16f,0.18749999999999997f,0f,0.9874388886763943f,-0.15800139597334997f,0.8125f,-1.2246467991473532e-16f,-0.15800139597334997f,-0.9874388886763943f,0.25f,0f,0f,0f,1f],start_interpolation:0}
execute if entity @s[tag=aj.merfolk.bone.nose] run data modify entity @s {} merge value {transformation:[-1f,9.550353605083603e-18f,1.2209172196605483e-16f,-5.551115123125783e-17f,0f,0.9969545672357113f,-0.07798455531613634f,1.7247577285012021f,-1.2246467991473532e-16f,-0.07798455531613634f,-0.9969545672357113f,0.397917503064534f,0f,0f,0f,1f],start_interpolation:0}
execute if entity @s[tag=aj.merfolk.bone.ear_l] run data modify entity @s {} merge value {transformation:[-0.984807753012208f,-1.1795742753328528e-17f,-0.17364817766693022f,0.25f,-0.01672571417954557f,0.9953504631314721f,0.09485623874657893f,1.77392234593531f,0.17284079406271516f,0.09631954912666398f,-0.9802288530561657f,0.21429927713759128f,0f,0f,0f,1f],start_interpolation:0}
execute if entity @s[tag=aj.merfolk.bone.ear_r] run data modify entity @s {} merge value {transformation:[-0.984807753012208f,-1.1795742753328528e-17f,0.17364817766693044f,-0.25f,0.01672571417954557f,0.9953504631314721f,0.09485623874657893f,1.8050270479081685f,-0.17284079406271538f,0.09631954912666398f,-0.9802288530561657f,0.21730926304779946f,0f,0f,0f,1f],start_interpolation:0}
execute if entity @s[tag=aj.merfolk.bone.head] run data modify entity @s {} merge value {transformation:[-1f,-1.1795742753328528e-17f,1.2189527587037928e-16f,-0.3125f,0f,0.9953504631314721f,0.09631954912666398f,1.5f,-1.2246467991473532e-16f,0.09631954912666398f,-0.9953504631314721f,0.12499999999999996f,0f,0f,0f,1f],start_interpolation:0}
execute if entity @s[tag=aj.merfolk.bone.trident] run data modify entity @s {} merge value {transformation:[-1.3333333333333333f,-6.248693873768396e-17f,1.5085681497169336e-16f,0.1875000000000001f,0f,1.2318393766817155f,0.5102445764867862f,-0.5986865324594497f,-1.6328623988631375e-16f,0.5102445764867862f,-1.2318393766817155f,-0.5089954527992447f,0f,0f,0f,1f],start_interpolation:0}
execute if entity @s[tag=aj.merfolk.bone.bone3] run data modify entity @s {} merge value {transformation:[-1f,-4.6865204053262974e-17f,1.1314261122877003e-16f,-0.3125f,0f,0.9238795325112867f,0.3826834323650897f,1.421875f,-1.2246467991473532e-16f,0.3826834323650897f,-0.9238795325112867f,0.12499999999999996f,0f,0f,0f,1f],start_interpolation:0}
execute if entity @s[tag=aj.merfolk.bone.armhands] run data modify entity @s {} merge value {transformation:[-1f,-4.6865204053262974e-17f,1.1314261122877003e-16f,-0.3125f,0f,0.9238795325112867f,0.3826834323650897f,1.421875f,-1.2246467991473532e-16f,0.3826834323650897f,-0.9238795325112867f,0.12499999999999996f,0f,0f,0f,1f],start_interpolation:0}
execute if entity @s[tag=aj.merfolk.bone.bone] run data modify entity @s {} merge value {transformation:[-1f,-1.0673500138322974e-17f,1.2199866483456202e-16f,-0.25f,0f,0.9961946980917455f,0.08715574274765818f,0.8125f,-1.2246467991473532e-16f,0.08715574274765818f,-0.9961946980917455f,0.12499999999999997f,0f,0f,0f,1f],start_interpolation:0}