execute if entity @s[tag=aj.spawner.bone.bones_right] run data modify entity @s {} merge value {transformation:[-1f,1.7119379186387128e-17f,1.2126221457194023e-16f,-0.03125f,0f,0.9901811253364455f,-0.1397903395354996f,0.7132991938330827f,-1.2246467991473532e-16f,-0.1397903395354996f,-0.9901811253364455f,-0.12511293588025846f,0f,0f,0f,1f],start_interpolation:0}
execute if entity @s[tag=aj.spawner.bone.bones_left] run data modify entity @s {} merge value {transformation:[-1f,-1.7119379186387128e-17f,1.2126221457194023e-16f,-0.031250000000000056f,0f,0.9901811253364455f,0.1397903395354996f,0.7132991938330827f,-1.2246467991473532e-16f,0.1397903395354996f,-0.9901811253364455f,0.06261293588025849f,0f,0f,0f,1f],start_interpolation:0}
execute if entity @s[tag=aj.spawner.bone.t11] run data modify entity @s {} merge value {transformation:[-0.9969646722368356f,0.07796786095736376f,0.0010129522626864988f,-0.19729304275763557f,0.07718595149006649f,0.9915282710168604f,-0.11797220330806395f,0.7165017512549997f,-0.010186815217343517f,-0.11771587989412463f,-0.9930163811208526f,0.1463144013569015f,0f,0f,0f,1f],start_interpolation:0}
execute if entity @s[tag=aj.spawner.bone.t12] run data modify entity @s {} merge value {transformation:[-0.9874762423173071f,0.15769994351300662f,-0.004625870176041841f,-0.1797693459321385f,0.15550121542461212f,0.9679190616106123f,-0.1973627679485172f,0.7792164215648246f,-0.026646629437124855f,-0.19561037290191535f,-0.9803196107152067f,0.12636773090154668f,0f,0f,0f,1f],start_interpolation:0}
execute if entity @s[tag=aj.spawner.bone.t13] run data modify entity @s {} merge value {transformation:[-0.9780961811833302f,0.20692227429805368f,-0.022606033573081025f,-0.15804024488912566f,0.20607733731683245f,0.9473127176844348f,-0.24521571311344376f,0.8331360233946005f,-0.029325609950871873f,-0.2445031437684418f,-0.969204942872434f,0.10826466042631702f,0f,0f,0f,1f],start_interpolation:0}
execute if entity @s[tag=aj.spawner.bone.t14] run data modify entity @s {} merge value {transformation:[-0.9589588528656777f,0.2807737694230824f,-0.03954755257278732f,-0.156265289742604f,0.27840558102825713f,0.9059371012869097f,-0.3190114433122894f,0.8718021323544682f,-0.05374245028710686f,-0.3169291070820496f,-0.9469253878322793f,0.09926951675735386f,0f,0f,0f,1f],start_interpolation:0}
execute if entity @s[tag=aj.spawner.bone.t15] run data modify entity @s {} merge value {transformation:[-0.9339004467365454f,0.3540816332158349f,-0.04955958640351932f,-0.13979530566152007f,0.34737091739693654f,0.8657830007909627f,-0.36021277224469217f,0.8855378308884643f,-0.08463687926720626f,-0.3536184279143308f,-0.9315527929791771f,0.08236025292546145f,0f,0f,0f,1f],start_interpolation:0}
execute if entity @s[tag=aj.spawner.bone.t21] run data modify entity @s {} merge value {transformation:[-0.9943173181260184f,-0.10599393261437139f,0.011333070874682355f,0.1355388872096704f,-0.10645689679246824f,0.9899931896399979f,-0.10585193611470535f,0.7162447348985065f,-1.209013903599925e-16f,-0.10659970482475083f,-0.9943173181260184f,0.14586008211608617f,0f,0f,0f,1f],start_interpolation:0}
execute if entity @s[tag=aj.spawner.bone.t22] run data modify entity @s {} merge value {transformation:[-0.9842426740546044f,-0.17428764466031038f,0.02983580883104902f,0.12238744544934822f,-0.17681757016662994f,0.9687836731379644f,-0.17376346434645726f,0.7803712171302994f,0.0013803804585740698f,-0.17630091202281123f,-0.9843353508686532f,0.1325977580253342f,0f,0f,0f,1f],start_interpolation:0}
execute if entity @s[tag=aj.spawner.bone.t23] run data modify entity @s {} merge value {transformation:[-0.9748304488797045f,-0.219186614555251f,0.04077773825020068f,0.10763391774503503f,-0.22275781562189992f,0.9500269502165469f,-0.21869556337888119f,0.8353486210419113f,0.009195189848703513f,-0.22227465411525088f,-0.9749407297993f,0.11602584627249882f,0f,0f,0f,1f],start_interpolation:0}
execute if entity @s[tag=aj.spawner.bone.t24] run data modify entity @s {} merge value {transformation:[-0.9549573282794217f,-0.2841208263411298f,0.08562626468942f,0.09381226610726122f,-0.29673621482748486f,0.9123419150464045f,-0.2820990054206428f,0.8711384288331829f,0.0020297722251081153f,-0.29480092620053394f,-0.9555565362321695f,0.10150720783494817f,0f,0f,0f,1f],start_interpolation:0}
execute if entity @s[tag=aj.spawner.bone.t25] run data modify entity @s {} merge value {transformation:[-0.929401817686562f,-0.34424470147574354f,0.13307083371945397f,0.08580364715027011f,-0.368880117339083f,0.8779903845439865f,-0.30505793495696343f,0.8872304677223888f,-0.011820334716865614f,-0.3326085840055526f,-0.9429908851802348f,0.08488647894430258f,0f,0f,0f,1f],start_interpolation:0}
execute if entity @s[tag=aj.spawner.bone.t31] run data modify entity @s {} merge value {transformation:[-0.9943173181260184f,0.10599393261437139f,0.011333070874682355f,-0.19553457981987685f,0.10645689679246824f,0.9899931896399979f,0.10585193611470535f,0.7161106748335003f,-1.209013903599925e-16f,0.10659970482475083f,-0.9943173181260184f,-0.20960514032313074f,0f,0f,0f,1f],start_interpolation:0}
execute if entity @s[tag=aj.spawner.bone.t32] run data modify entity @s {} merge value {transformation:[-0.9830076353220585f,0.1806726100645233f,0.03245607602603179f,-0.18241918636312984f,0.1835609931020501f,0.9663815191459937f,0.18003366703055962f,0.77990046255687f,0.0011622004663440575f,0.18293213885360327f,-0.9831248556844252f,-0.1963790705577515f,0f,0f,0f,1f],start_interpolation:0}
execute if entity @s[tag=aj.spawner.bone.t33] run data modify entity @s {} merge value {transformation:[-0.9724646787973076f,0.22995581462550949f,0.03785197236033532f,-0.16583868445856131f,0.23241882562626132f,0.9450033959856923f,0.23010882440710162f,0.8345982615143512f,0.01714461974377992f,0.23257021497910496f,-0.9724284843207823f,-0.18280834653352648f,0f,0f,0f,1f],start_interpolation:0}
execute if entity @s[tag=aj.spawner.bone.t34] run data modify entity @s {} merge value {transformation:[-0.9516216653066154f,0.3020221057464241f,0.05655841015763874f,-0.15826554118922942f,0.3045673438340523f,0.9027590878460602f,0.3037511520656664f,0.8716530532751947f,0.04068094380584156f,0.3062820219207214f,-0.9510711770731046f,-0.16358154688903526f,0f,0f,0f,1f],start_interpolation:0}
execute if entity @s[tag=aj.spawner.bone.t35] run data modify entity @s {} merge value {transformation:[-0.9250079417507197f,0.3738985341139158f,0.06752920764796749f,-0.1339705007652237f,0.3732932991014067f,0.8612195985883113f,0.34489551440019534f,0.8858623463394351f,0.07079845015312868f,0.34423929060299413f,-0.9362087856141185f,-0.16048597028169367f,0f,0f,0f,1f],start_interpolation:0}
execute if entity @s[tag=aj.spawner.bone.t41] run data modify entity @s {} merge value {transformation:[-0.9943173181260184f,-0.10585193611470536f,-0.011333070874682112f,0.1448998329663591f,-0.10645689679246824f,0.9886669291253177f,0.10585193611470535f,0.7178886691671996f,-1.2263611383596931e-16f,0.10645689679246823f,-0.9943173181260184f,-0.21431957588321085f,0f,0f,0f,1f],start_interpolation:0}
execute if entity @s[tag=aj.spawner.bone.t42] run data modify entity @s {} merge value {transformation:[-0.9943173181260184f,-0.10585193611470536f,-0.011333070874682112f,0.1314788608131523f,-0.10645689679246824f,0.9886669291253177f,0.10585193611470535f,0.7845325903388947f,-1.2263611383596931e-16f,0.10645689679246823f,-0.9943173181260184f,-0.20078618099044115f,0f,0f,0f,1f],start_interpolation:0}
execute if entity @s[tag=aj.spawner.bone.t43] run data modify entity @s {} merge value {transformation:[-0.9943173181260184f,-0.10585193611470536f,-0.011333070874682112f,0.11564763748800197f,-0.10645689679246824f,0.9886669291253177f,0.10585193611470535f,0.8443338781007221f,-1.2263611383596931e-16f,0.10645689679246823f,-0.9943173181260184f,-0.18481090008348044f,0f,0f,0f,1f],start_interpolation:0}
execute if entity @s[tag=aj.spawner.bone.t44] run data modify entity @s {} merge value {transformation:[-0.9943173181260184f,-0.10585193611470536f,-0.011333070874682112f,0.38018189148972326f,-0.10645689679246824f,0.9886669291253177f,0.10585193611470535f,0.15242789432876824f,-1.2263611383596931e-16f,0.10645689679246823f,-0.9943173181260184f,0.2514316410129959f,0f,0f,0f,1f],start_interpolation:0}
execute if entity @s[tag=aj.spawner.bone.t45] run data modify entity @s {} merge value {transformation:[-0.9943173181260184f,-0.10585193611470536f,-0.011333070874682112f,0.0902701495445119f,-0.10645689679246824f,0.9886669291253177f,0.10585193611470535f,0.9052343547075611f,-1.2263611383596931e-16f,0.10645689679246823f,-0.9943173181260184f,-0.1591812165166121f,0f,0f,0f,1f],start_interpolation:0}
execute if entity @s[tag=aj.spawner.bone.v61] run data modify entity @s {} merge value {transformation:[-1f,0f,1.3821013876091557e-16f,-0.09963345872519982f,0f,1f,0f,0.38940718852138173f,-1.2246467991473532e-16f,0f,-1.1285714285714286f,-0.03125f,0f,0f,0f,1f],start_interpolation:0}
execute if entity @s[tag=aj.spawner.bone.v62] run data modify entity @s {} merge value {transformation:[-1f,0f,1.3821013876091557e-16f,0.03806003325170601f,0f,1f,0f,0.38940718852138173f,-1.2246467991473532e-16f,0f,-1.1285714285714286f,-0.03125f,0f,0f,0f,1f],start_interpolation:0}
execute if entity @s[tag=aj.spawner.bone.heart] run data modify entity @s {} merge value {transformation:[-1.2444444444444447f,0f,1.2246467991473532e-16f,-0.03125f,0f,1f,0f,0.37499999999999994f,-1.5240049056055954e-16f,0f,-1f,-0.017116477272727693f,0f,0f,0f,1f],start_interpolation:0}