execute if entity @s[tag=aj.spawner.bone.bones_right] run data modify entity @s {} merge value {transformation:[-1f,3.390257229567622e-17f,1.176784322565313e-16f,-0.03125f,0f,0.9609173219450996f,-0.27683551142484925f,0.720553658118797f,-1.2246467991473532e-16f,-0.27683551142484925f,-0.9609173219450996f,-0.1256709715945442f,0f,0f,0f,1f],start_interpolation:0}
execute if entity @s[tag=aj.spawner.bone.bones_left] run data modify entity @s {} merge value {transformation:[-1f,-3.390257229567622e-17f,1.176784322565313e-16f,-0.031250000000000056f,0f,0.9609173219450996f,0.27683551142484925f,0.720553658118797f,-1.2246467991473532e-16f,0.27683551142484925f,-0.9609173219450996f,0.06317097159454418f,0f,0f,0f,1f],start_interpolation:0}
execute if entity @s[tag=aj.spawner.bone.t11] run data modify entity @s {} merge value {transformation:[-0.9997583746136045f,0.02184146322910466f,0.0025493413124407604f,-0.19902239902686492f,0.021729463310973984f,0.9995102203157243f,-0.035401021442967404f,0.7201520757876588f,-0.003320062375990414f,-0.03535027434037916f,-0.9993699357793725f,0.14871983981331954f,0f,0f,0f,1f],start_interpolation:0}
execute if entity @s[tag=aj.spawner.bone.t12] run data modify entity @s {} merge value {transformation:[-0.9984649709555286f,0.05527200511178288f,0.003564719582016806f,-0.1849276965543269f,0.05489659630432315f,0.9961197773989885f,-0.06878773719777234f,0.7868001352708343f,-0.007352923838551647f,-0.06848645505143822f,-0.9976249495604607f,0.13379376499396012f,0f,0f,0f,1f],start_interpolation:0}
execute if entity @s[tag=aj.spawner.bone.t13] run data modify entity @s {} merge value {transformation:[-0.9863183145078809f,0.16437346303405526f,-0.012551777424934693f,-0.16772842788027148f,0.1639792334629172f,0.9704241000422477f,-0.177166241282328f,0.8422439216953543f,-0.0169408813007804f,-0.1768005393300202f,-0.9841008971814662f,0.12087131512950204f,0f,0f,0f,1f],start_interpolation:0}
execute if entity @s[tag=aj.spawner.bone.t14] run data modify entity @s {} merge value {transformation:[-0.9414940373079975f,0.3311236085112955f,-0.06281825849182139f,-0.16592071543823383f,0.33183075969005477f,0.8781152966408199f,-0.34467647545042285f,0.8799752180783424f,-0.05896884463009353f,-0.3453558768746568f,-0.9366173144198908f,0.11362068022032618f,0f,0f,0f,1f],start_interpolation:0}
execute if entity @s[tag=aj.spawner.bone.t15] run data modify entity @s {} merge value {transformation:[-0.8666638780069204f,0.48345161406086284f,-0.12315948773826656f,-0.1486188801119876f,0.4860469786322336f,0.7625572037491251f,-0.4269248711105882f,0.8910658991975721f,-0.11248136343627249f,-0.4298616613193851f,-0.8958609797324892f,0.09626263913172307f,0f,0f,0f,1f],start_interpolation:0}
execute if entity @s[tag=aj.spawner.bone.t21] run data modify entity @s {} merge value {transformation:[-0.9988250086459504f,-0.04843495086095025f,0.0023486021034172123f,0.13717632604489075f,-0.04846237822700295f,0.9982597219196904f,-0.04840543535158954f,0.7194029487773117f,-1.2253762540915614e-16f,-0.048491928457629174f,-0.9988250086459504f,0.14773812922253715f,0f,0f,0f,1f],start_interpolation:0}
execute if entity @s[tag=aj.spawner.bone.t22] run data modify entity @s {} merge value {transformation:[-0.9967384060710388f,-0.08032806455967678f,0.007742861684232518f,0.1276764996330128f,-0.08069069029585683f,0.9935070756619016f,-0.08020413399142577f,0.7862313694298994f,-0.0012499450159402185f,-0.08056731752908783f,-0.9967483859949933f,0.13821977513093398f,0f,0f,0f,1f],start_interpolation:0}
execute if entity @s[tag=aj.spawner.bone.t23] run data modify entity @s {} merge value {transformation:[-0.9850613673346914f,-0.16952188104345497f,0.030272668071987592f,0.1149095047935748f,-0.17220200639689193f,0.9704831311796714f,-0.1688459685292651f,0.8420963717840984f,-0.0007560275079803594f,-0.17153665480937155f,-0.9851774482189579f,0.12564942215263175f,0f,0f,0f,1f],start_interpolation:0}
execute if entity @s[tag=aj.spawner.bone.t24] run data modify entity @s {} merge value {transformation:[-0.9473145495875241f,-0.29570341898943053f,0.12310415158615581f,0.10270764572573121f,-0.31941006583868387f,0.900818535823822f,-0.29411422161662504f,0.8771018878654138f,-0.023923920680223608f,-0.3179393865411877f,-0.9478091540521749f,0.11230348337531845f,0f,0f,0f,1f],start_interpolation:0}
execute if entity @s[tag=aj.spawner.bone.t25] run data modify entity @s {} merge value {transformation:[-0.8872356935091046f,-0.4010559974904237f,0.22796252113095164f,0.09483298227248592f,-0.4576521222308971f,0.8273717937370414f,-0.32559245990333785f,0.892011466704694f,-0.05802895123103974f,-0.393204783548359f,-0.9176179155910774f,0.09547207894343168f,0f,0f,0f,1f],start_interpolation:0}
execute if entity @s[tag=aj.spawner.bone.t31] run data modify entity @s {} merge value {transformation:[-0.9988250086459504f,0.04843495086095025f,0.0023486021034172123f,-0.19717197994756083f,0.04846237822700295f,0.9982597219196904f,0.04840543535158954f,0.7193421941491487f,-1.2253762540915614e-16f,0.048491928457629174f,-0.9988250086459504f,-0.21148883184205886f,0f,0f,0f,1f],start_interpolation:0}
execute if entity @s[tag=aj.spawner.bone.t32] run data modify entity @s {} merge value {transformation:[-0.9967384220045168f,0.08032786592705898f,0.007742871272976149f,-0.18767215353568298f,0.08069049332756609f,0.9935070757051442f,0.08020433161847773f,0.7861706148017362f,-0.0012499545989574446f,0.08056751503811677f,-0.9967483700182727f,-0.20197047775045568f,0f,0f,0f,1f],start_interpolation:0}
execute if entity @s[tag=aj.spawner.bone.t33] run data modify entity @s {} merge value {transformation:[-0.9850932199370905f,0.17117694358843197f,0.017023572412909273f,-0.17624077379523212f,0.17154582124642545f,0.9701944382303014f,0.1711571886888753f,0.8421437412654819f,0.012781989159134855f,0.17152610883102493f,-0.985096652487675f,-0.1902919328155875f,0f,0f,0f,1f],start_interpolation:0}
execute if entity @s[tag=aj.spawner.bone.t34] run data modify entity @s {} merge value {transformation:[-0.9474891130226811f,0.3149560542405256f,0.05538108522530199f,-0.1692003700570664f,0.3158148463319613f,0.8943640936650379f,0.31681832459476655f,0.8795148117377182f,0.05025299533174829f,0.31767208227975324f,-0.9468680396973133f,-0.17442885169024605f,0f,0f,0f,1f],start_interpolation:0}
execute if entity @s[tag=aj.spawner.bone.t35] run data modify entity @s {} merge value {transformation:[-0.8876019151641469f,0.4500692225313688f,0.09798232048154272f,-0.14499568106958205f,0.45009847106977685f,0.8023036090641015f,0.39207178580378177f,0.8919501528161476f,0.09784787446637626f,0.3921053606018751f,-0.9147016888853358f,-0.16903267004072625f,0f,0f,0f,1f],start_interpolation:0}
execute if entity @s[tag=aj.spawner.bone.t41] run data modify entity @s {} merge value {transformation:[-0.9988250086459504f,-0.048405435351589546f,-0.0023486021034169677f,0.14147360375382134f,-0.04846237822700295f,0.9976513978965829f,0.04840543535158954f,0.7197767724209795f,-1.2210394454016194e-16f,0.048462378227002945f,-0.9988250086459504f,-0.21364147194689914f,0f,0f,0f,1f],start_interpolation:0}
execute if entity @s[tag=aj.spawner.bone.t42] run data modify entity @s {} merge value {transformation:[-0.9988250086459504f,-0.048405435351589546f,-0.0023486021034169677f,0.1319177525325087f,-0.04846237822700295f,0.9976513978965829f,0.04840543535158954f,0.7877598821915025f,-1.2210394454016194e-16f,0.048462378227002945f,-0.9988250086459504f,-0.20406702713975555f,0f,0f,0f,1f],start_interpolation:0}
execute if entity @s[tag=aj.spawner.bone.t43] run data modify entity @s {} merge value {transformation:[-0.9988250086459504f,-0.048405435351589546f,-0.0023486021034169677f,0.11955044651169813f,-0.04846237822700295f,0.9976513978965829f,0.04840543535158954f,0.8492049588077395f,-1.2210394454016194e-16f,0.048462378227002945f,-0.9988250086459504f,-0.19167414404451208f,0f,0f,0f,1f],start_interpolation:0}
execute if entity @s[tag=aj.spawner.bone.t44] run data modify entity @s {} merge value {transformation:[-0.9988250086459504f,-0.048405435351589546f,-0.0023486021034169677f,0.3421184186967833f,-0.04846237822700295f,0.9976513978965829f,0.04840543535158954f,0.16963387996265544f,-1.2210394454016194e-16f,0.048462378227002945f,-0.9988250086459504f,0.2854699255369309f,0f,0f,0f,1f],start_interpolation:0}
execute if entity @s[tag=aj.spawner.bone.t45] run data modify entity @s {} merge value {transformation:[-0.9988250086459504f,-0.048405435351589546f,-0.0023486021034169677f,0.09768990719407757f,-0.04846237822700295f,0.9976513978965829f,0.04840543535158954f,0.9128595602901037f,-1.2210394454016194e-16f,0.048462378227002945f,-0.9988250086459504f,-0.16976583156125366f,0f,0f,0f,1f],start_interpolation:0}
execute if entity @s[tag=aj.spawner.bone.v31] run data modify entity @s {} merge value {transformation:[-1f,0f,1.3995963418826896e-16f,-0.14883150298131478f,0f,1f,0f,0.5591048674991094f,-1.2246467991473532e-16f,0f,-1.142857142857143f,-0.03125f,0f,0f,0f,1f],start_interpolation:0}
execute if entity @s[tag=aj.spawner.bone.v32] run data modify entity @s {} merge value {transformation:[-1f,0f,1.3995963418826896e-16f,0.08725808048805375f,0f,1f,0f,0.5591048674991094f,-1.2246467991473532e-16f,0f,-1.142857142857143f,-0.03125f,0f,0f,0f,1f],start_interpolation:0}
execute if entity @s[tag=aj.spawner.bone.v41] run data modify entity @s {} merge value {transformation:[-1f,0f,1.2946266162414877e-16f,-0.17228970872519958f,0f,1f,0f,0.4987821885213817f,-1.2246467991473532e-16f,0f,-1.0571428571428572f,-0.03125f,0f,0f,0f,1f],start_interpolation:0}
execute if entity @s[tag=aj.spawner.bone.v42] run data modify entity @s {} merge value {transformation:[-1f,0f,1.2946266162414877e-16f,0.11071628623193838f,0f,1f,0f,0.4987821885213818f,-1.2246467991473532e-16f,0f,-1.0571428571428572f,-0.03125f,0f,0f,0f,1f],start_interpolation:0}
execute if entity @s[tag=aj.spawner.bone.heart] run data modify entity @s {} merge value {transformation:[-1.1111111111111112f,0f,1.2246467991473532e-16f,-0.03125f,0f,1f,0f,0.37499999999999994f,-1.3607186657192814e-16f,0f,-1f,-0.017116477272727693f,0f,0f,0f,1f],start_interpolation:0}