execute if entity @s[tag=aj.spawner.bone.bones_right] run data modify entity @s {} merge value {transformation:[-1f,1.476148596545295e-17f,1.2157177451493547e-16f,-0.03125f,0f,0.992708874098054f,-0.12053668025532317f,0.7122947295473684f,-1.2246467991473532e-16f,-0.12053668025532317f,-0.992708874098054f,-0.125035669396742f,0f,0f,0f,1f],start_interpolation:0}
execute if entity @s[tag=aj.spawner.bone.bones_left] run data modify entity @s {} merge value {transformation:[-1f,-1.476148596545295e-17f,1.2157177451493547e-16f,-0.031250000000000056f,0f,0.992708874098054f,0.12053668025532317f,0.7122947295473684f,-1.2246467991473532e-16f,0.12053668025532317f,-0.992708874098054f,0.06253566939674199f,0f,0f,0f,1f],start_interpolation:0}
execute if entity @s[tag=aj.spawner.bone.t11] run data modify entity @s {} merge value {transformation:[-0.9968546254560406f,0.07936431902272983f,0.0008557811425943633f,-0.1972497144714131f,0.07857124147728635f,0.991110469626077f,-0.12009546966048538f,0.7163972340762494f,-0.010364155518649427f,-0.11982727122197111f,-0.9927619784246692f,0.14625087582509044f,0f,0f,0f,1f],start_interpolation:0}
execute if entity @s[tag=aj.spawner.bone.t12] run data modify entity @s {} merge value {transformation:[-0.9868891873561471f,0.1613141723371908f,-0.005241152801712517f,-0.17963951549413312f,0.1590448840750077f,0.9664536929461128f,-0.20167296358309394f,0.7789606309963351f,-0.027467375722685296f,-0.19986244568199318f,-0.979438893487961f,0.1261760912382813f,0f,0f,0f,1f],start_interpolation:0}
execute if entity @s[tag=aj.spawner.bone.t13] run data modify entity @s {} merge value {transformation:[-0.9791216862193349f,0.20214025994468057f,-0.021448517070025663f,-0.15795674609080693f,0.2012809847710944f,0.9493620860110683f,-0.2412417766770325f,0.8331878375597763f,-0.028402266539568365f,-0.2405222338042987f,-0.9702279970714128f,0.10816677454403054f,0f,0f,0f,1f],start_interpolation:0}
execute if entity @s[tag=aj.spawner.bone.t14] run data modify entity @s {} merge value {transformation:[-0.9641906777874396f,0.2630571259601628f,-0.03372366156538616f,-0.15641520964231928f,0.2607232603427189f,0.9168935434314923f,-0.3022078945525823f,0.8720851966874792f,-0.04857693263330289f,-0.30017857767539136f,-0.9526453186368569f,0.09926203757314789f,0f,0f,0f,1f],start_interpolation:0}
execute if entity @s[tag=aj.spawner.bone.t15] run data modify entity @s {} merge value {transformation:[-0.945259071059352f,0.32397546778573444f,-0.039053615108275444f,-0.1402912828528451f,0.31771037658119206f,0.8863913595697563f,-0.336705322637935f,0.8866880556040118f,-0.07446747741563339f,-0.33068149926038104f,-0.9407998410152176f,0.0826483010986529f,0f,0f,0f,1f],start_interpolation:0}
execute if entity @s[tag=aj.spawner.bone.t21] run data modify entity @s {} merge value {transformation:[-0.9937895171394426f,-0.11074022309114015f,0.012382395623753557f,0.13541560773936057f,-0.11127621319829963f,0.9890026778457987f,-0.11058513418344386f,0.7159729227271016f,-1.2083675338111281e-16f,-0.11143227130217531f,-0.9937895171394426f,0.14570794358861344f,0f,0f,0f,1f],start_interpolation:0}
execute if entity @s[tag=aj.spawner.bone.t22] run data modify entity @s {} merge value {transformation:[-0.9827827342374458f,-0.18192140645154614f,0.032290852566343765f,0.1219734669777178f,-0.18475618614909212f,0.9659064985786013f,-0.18135541812493078f,0.7798559249655529f,0.0018024883944206772f,-0.18419890846125497f,-0.9828873349256618f,0.1321427408499839f,0f,0f,0f,1f],start_interpolation:0}
execute if entity @s[tag=aj.spawner.bone.t23] run data modify entity @s {} merge value {transformation:[-0.9747182891277945f,-0.21974057137819575f,0.04047638978675465f,0.10685400112387912f,-0.22322422637931832f,0.9497664028809474f,-0.21935068888868509f,0.8349560737290223f,0.009757130579227447f,-0.2228404389893583f,-0.9748061023372238f,0.1154218852489634f,0f,0f,0f,1f],start_interpolation:0}
execute if entity @s[tag=aj.spawner.bone.t24] run data modify entity @s {} merge value {transformation:[-0.957899691989613f,-0.2762058013464785f,0.07834880591785807f,0.09290757473098732f,-0.28707644020460366f,0.9177385010380709f,-0.27448708747743933f,0.8709389941120884f,0.003911210254789275f,-0.2854231928469452f,-0.9583936056857841f,0.10084293823888603f,0f,0f,0f,1f],start_interpolation:0}
execute if entity @s[tag=aj.spawner.bone.t25] run data modify entity @s {} merge value {transformation:[-0.936837633166386f,-0.32914567913606163f,0.1183147116349646f,0.08477492826255163f,-0.349674474514817f,0.8890603425876848f,-0.29546483565841625f,0.8874037780427522f,-0.007937944065730503f,-0.31817421194045425f,-0.9479990294826678f,0.0843962575006571f,0f,0f,0f,1f],start_interpolation:0}
execute if entity @s[tag=aj.spawner.bone.t31] run data modify entity @s {} merge value {transformation:[-0.9937895171394426f,0.11074022309114015f,0.012382395623753557f,-0.19541130820974326f,0.11127621319829963f,0.9890026778457987f,0.11058513418344386f,0.7158327202046781f,-1.2083675338111281e-16f,0.11143227130217531f,-0.9937895171394426f,-0.20945234089703135f,0f,0f,0f,1f],start_interpolation:0}
execute if entity @s[tag=aj.spawner.bone.t32] run data modify entity @s {} merge value {transformation:[-0.9827828178778957f,0.1819209456896021f,0.03229090279604674f,-0.18196916744810054f,0.1847557417283798f,0.9659064993597014f,0.1813558667181281f,0.7797157224431294f,0.0018024378988254009f,0.18419935942909263f,-0.9828872505041119f,-0.1958871381584018f,0f,0f,0f,1f],start_interpolation:0}
execute if entity @s[tag=aj.spawner.bone.t33] run data modify entity @s {} merge value {transformation:[-0.9747905959580921f,0.2203876686137304f,0.03482196942552393f,-0.1658703224515822f,0.22257851473879203f,0.9496184726458594f,0.2206435160760873f,0.8349215385673379f,0.015559524682358186f,0.22283184676511075f,-0.9747327168300596f,-0.18107741624418813f,0f,0f,0f,1f],start_interpolation:0}
execute if entity @s[tag=aj.spawner.bone.t34] run data modify entity @s {} merge value {transformation:[-0.9582959443154202f,0.28168653566045776f,0.04818276389152662f,-0.15837890927579729f,0.2835378924464112f,0.9161063908297331f,0.2834701822555027f,0.8720341791280982f,0.03570919567372348f,0.2853099653158477f,-0.9577698455452676f,-0.16146922342574238f,0f,0f,0f,1f],start_interpolation:0}
execute if entity @s[tag=aj.spawner.bone.t35] run data modify entity @s {} merge value {transformation:[-0.937703348908504f,0.34317318945823005f,0.05426409017796352f,-0.13461216230599832f,0.3419429601176182f,0.8838848180985988f,0.3190966003592139f,0.8872565982802751f,0.0615421926143144f,0.31777317440569564f,-0.9461674102167914f,-0.1581741066648099f,0f,0f,0f,1f],start_interpolation:0}
execute if entity @s[tag=aj.spawner.bone.t41] run data modify entity @s {} merge value {transformation:[-0.9937895171394426f,-0.11058513418344387f,-0.012382395623753314f,0.1451909482337063f,-0.11127621319829963f,0.9876176043762466f,0.11058513418344386f,0.7177627229725858f,-1.2257147685708962e-16f,0.11127621319829961f,-0.9937895171394426f,-0.2143784527276793f,0f,0f,0f,1f],start_interpolation:0}
execute if entity @s[tag=aj.spawner.bone.t42] run data modify entity @s {} merge value {transformation:[-0.9937895171394426f,-0.11058513418344387f,-0.012382395623753314f,0.1314544257491215f,-0.11127621319829963f,0.9876176043762466f,0.11058513418344386f,0.7842747998523161f,-1.2257147685708962e-16f,0.11127621319829961f,-0.9937895171394426f,-0.2005170285881748f,0f,0f,0f,1f],start_interpolation:0}
execute if entity @s[tag=aj.spawner.bone.t43] run data modify entity @s {} merge value {transformation:[-0.9937895171394426f,-0.11058513418344387f,-0.012382395623753314f,0.11534216309844669f,-0.11127621319829963f,0.9876176043762466f,0.11058513418344386f,0.8439209499941275f,-1.2257147685708962e-16f,0.11127621319829961f,-0.9937895171394426f,-0.18424548854009878f,0f,0f,0f,1f],start_interpolation:0}
execute if entity @s[tag=aj.spawner.bone.t44] run data modify entity @s {} merge value {transformation:[-0.9937895171394426f,-0.11058513418344387f,-0.012382395623753314f,0.38346215766282943f,-0.11127621319829963f,0.9876176043762466f,0.11058513418344386f,0.15121213441601655f,-1.2257147685708962e-16f,0.11127621319829961f,-0.9937895171394426f,0.2485200159968956f,0f,0f,0f,1f],start_interpolation:0}
execute if entity @s[tag=aj.spawner.bone.t45] run data modify entity @s {} merge value {transformation:[-0.9937895171394426f,-0.11058513418344387f,-0.012382395623753314f,0.08968363013923905f,-0.11127621319829963f,0.9876176043762466f,0.11058513418344386f,0.9045734550179105f,-1.2257147685708962e-16f,0.11127621319829961f,-0.9937895171394426f,-0.15830943360259606f,0f,0f,0f,1f],start_interpolation:0}
execute if entity @s[tag=aj.spawner.bone.v21] run data modify entity @s {} merge value {transformation:[-1f,0f,1.3942132790292943e-16f,-0.08549492101734665f,0f,1f,0f,0.6282246178250585f,-1.2246467991473532e-16f,0f,-1.1384615384615384f,-0.03125f,0f,0f,0f,1f],start_interpolation:0}
execute if entity @s[tag=aj.spawner.bone.v22] run data modify entity @s {} merge value {transformation:[-1f,0f,1.3942132790292943e-16f,0.02392149852408563f,0f,1f,0f,0.6282246178250586f,-1.2246467991473532e-16f,0f,-1.1384615384615384f,-0.03125f,0f,0f,0f,1f],start_interpolation:0}
execute if entity @s[tag=aj.spawner.bone.v31] run data modify entity @s {} merge value {transformation:[-1f,0f,1.300009679094883e-16f,-0.14883150298131478f,0f,1f,0f,0.5591048674991094f,-1.2246467991473532e-16f,0f,-1.0615384615384618f,-0.03125f,0f,0f,0f,1f],start_interpolation:0}
execute if entity @s[tag=aj.spawner.bone.v32] run data modify entity @s {} merge value {transformation:[-1f,0f,1.300009679094883e-16f,0.08725808048805375f,0f,1f,0f,0.5591048674991094f,-1.2246467991473532e-16f,0f,-1.0615384615384618f,-0.03125f,0f,0f,0f,1f],start_interpolation:0}
execute if entity @s[tag=aj.spawner.bone.heart] run data modify entity @s {} merge value {transformation:[-1.2555555555555558f,0f,1.2246467991473532e-16f,-0.03125f,0f,1f,0f,0.37499999999999994f,-1.5376120922627883e-16f,0f,-1f,-0.017116477272727693f,0f,0f,0f,1f],start_interpolation:0}