execute if entity @s[tag=aj.spawner.bone.bones_right] run data modify entity @s {} merge value {transformation:[-1f,3.390257229567623e-17f,1.176784322565313e-16f,-0.03125f,0f,0.9609173219450996f,-0.27683551142484936f,0.720553658118797f,-1.2246467991473532e-16f,-0.27683551142484936f,-0.9609173219450996f,-0.1256709715945442f,0f,0f,0f,1f],start_interpolation:0}
execute if entity @s[tag=aj.spawner.bone.bones_left] run data modify entity @s {} merge value {transformation:[-1f,-3.390257229567623e-17f,1.176784322565313e-16f,-0.031250000000000056f,0f,0.9609173219450996f,0.27683551142484936f,0.720553658118797f,-1.2246467991473532e-16f,0.27683551142484936f,-0.9609173219450996f,0.06317097159454418f,0f,0f,0f,1f],start_interpolation:0}
execute if entity @s[tag=aj.spawner.bone.t11] run data modify entity @s {} merge value {transformation:[-0.9976835031498172f,0.0681677419777366f,0.00017860087417869482f,-0.19885459215364587f,0.06777208621755343f,0.9962384495456246f,-0.08382366324667004f,0.7198351769062711f,-0.005879785066565192f,-0.08379107683966705f,-0.996480587659206f,0.14849538515676974f,0f,0f,0f,1f],start_interpolation:0}
execute if entity @s[tag=aj.spawner.bone.t12] run data modify entity @s {} merge value {transformation:[-0.9980930743753519f,0.06169990046010064f,0.001826791496563509f,-0.18438717597345816f,0.06137270323323606f,0.995096621524677f,-0.07756355541115313f,0.7877279337131156f,-0.006603497694660005f,-0.07730353234741319f,-0.9969857359585487f,0.13302524772472282f,0f,0f,0f,1f],start_interpolation:0}
execute if entity @s[tag=aj.spawner.bone.t13] run data modify entity @s {} merge value {transformation:[-0.9996736273105886f,0.025392248997128976f,0.0028058065788639543f,-0.1732219525365657f,0.025254530391621732f,0.9988242388439897f,-0.04138053397943748f,0.8499236735136777f,-0.0038532524429172803f,-0.041296169175754405f,-0.9991395192149185f,0.1271598334942332f,0f,0f,0f,1f],start_interpolation:0}
execute if entity @s[tag=aj.spawner.bone.t14] run data modify entity @s {} merge value {transformation:[-0.9996736273105886f,0.025392248997128976f,0.0028058065788639543f,-0.1750465473137212f,0.025254530391621732f,0.9988242388439897f,-0.04138053397943748f,0.8904316503224404f,-0.0038532524429172803f,-0.041296169175754405f,-0.9991395192149185f,0.12209065764801628f,0f,0f,0f,1f],start_interpolation:0}
execute if entity @s[tag=aj.spawner.bone.t15] run data modify entity @s {} merge value {transformation:[-0.9996740612026227f,0.02539014908143782f,0.002666774883103063f,-0.1650783555987148f,0.025258130850156765f,0.9988236664143864f,-0.0413921518706031f,0.9148923242549709f,-0.003714590773038925f,-0.041311302813456206f,-0.9991394187375673f,0.1117904347003813f,0f,0f,0f,1f],start_interpolation:0}
execute if entity @s[tag=aj.spawner.bone.t21] run data modify entity @s {} merge value {transformation:[-0.9969676371983641f,-0.07781951962058571f,0.004606851925538208f,0.13722939958679642f,-0.07780366097747073f,0.9957117669084601f,-0.07769214672645883f,0.7194938504678374f,0.0014562683866199751f,-0.07795394122809164f,-0.9969667533335155f,0.14779546933767482f,0f,0f,0f,1f],start_interpolation:0}
execute if entity @s[tag=aj.spawner.bone.t22] run data modify entity @s {} merge value {transformation:[-0.9969660753473704f,-0.07760894438474486f,0.005957882001781576f,0.1277905039065796f,-0.07783723489281613f,0.9939447991207608f,-0.07755708326794555f,0.7875098615082468f,0.00009731753253902804f,-0.07778552598186923f,-0.996970111125214f,0.1383394135801803f,0f,0f,0f,1f],start_interpolation:0}
execute if entity @s[tag=aj.spawner.bone.t23] run data modify entity @s {} merge value {transformation:[-0.9989074228728941f,-0.046681804226475325f,0.0021839605294332147f,0.1092717875366904f,-0.04673286348420233f,0.997816039470567f,-0.04668180422647533f,0.8489972823450085f,-1.2233087780658214e-16f,-0.04673286348420234f,-0.9989074228728941f,0.13229702391593984f,0f,0f,0f,1f],start_interpolation:0}
execute if entity @s[tag=aj.spawner.bone.t24] run data modify entity @s {} merge value {transformation:[-0.9989074228728941f,-0.046681804226475325f,0.0021839605294332147f,0.09803105678051992f,-0.04673286348420233f,0.997816039470567f,-0.04668180422647533f,0.8886577964387122f,-1.2233087780658214e-16f,-0.04673286348420234f,-0.9989074228728941f,0.1210337442474608f,0f,0f,0f,1f],start_interpolation:0}
execute if entity @s[tag=aj.spawner.bone.t25] run data modify entity @s {} merge value {transformation:[-0.9989074228728941f,-0.046681804226475325f,0.0021839605294332147f,0.08751972921538807f,-0.04673286348420233f,0.997816039470567f,-0.04668180422647533f,0.9127274349156889f,-1.2233087780658214e-16f,-0.04673286348420234f,-0.9989074228728941f,0.11050066557092234f,0f,0f,0f,1f],start_interpolation:0}
execute if entity @s[tag=aj.spawner.bone.t31] run data modify entity @s {} merge value {transformation:[-0.9969676371983641f,0.07781951962058571f,0.004606851925538208f,-0.19722505325546036f,0.07780366097747073f,0.9957117669084601f,0.07769214672645883f,0.7194352688602301f,0.0014562683866199751f,0.07795394122809164f,-0.9969667533335155f,-0.21154627515414157f,0f,0f,0f,1f],start_interpolation:0}
execute if entity @s[tag=aj.spawner.bone.t32] run data modify entity @s {} merge value {transformation:[-0.9969719885221673f,0.07769359523193789f,0.003249517208977453f,-0.1877861575752436f,0.07771065105112997f,0.993938218399584f,0.07776807004079939f,0.7874512799006393f,0.002812261610369026f,0.07778510953001844f,-0.9969661819339901f,-0.202090219396647f,0f,0f,0f,1f],start_interpolation:0}
execute if entity @s[tag=aj.spawner.bone.t33] run data modify entity @s {} merge value {transformation:[-0.9989074228728941f,0.046681804226475325f,0.0021839605294332147f,-0.1817810834978836f,0.04673286348420233f,0.997816039470567f,0.04668180422647533f,0.8489393389781228f,-1.2233087780658214e-16f,0.04673286348420234f,-0.9989074228728941f,-0.1835614869464956f,0f,0f,0f,1f],start_interpolation:0}
execute if entity @s[tag=aj.spawner.bone.t34] run data modify entity @s {} merge value {transformation:[-0.9989074228728941f,0.046681804226475325f,0.0021839605294332147f,-0.17804934705364553f,0.04673286348420233f,0.997816039470567f,0.04668180422647533f,0.8886294629959913f,-1.2233087780658214e-16f,0.04673286348420234f,-0.9989074228728941f,-0.1654296329768276f,0f,0f,0f,1f],start_interpolation:0}
execute if entity @s[tag=aj.spawner.bone.t35] run data modify entity @s {} merge value {transformation:[-0.9989074228728941f,0.046681804226475325f,0.0021839605294332147f,-0.16002902517658127f,0.04673286348420233f,0.997816039470567f,0.04668180422647533f,0.9126694915488034f,-1.2233087780658214e-16f,0.04673286348420234f,-0.9989074228728941f,-0.16176512860147807f,0f,0f,0f,1f],start_interpolation:0}
execute if entity @s[tag=aj.spawner.bone.t41] run data modify entity @s {} merge value {transformation:[-0.9989074228728941f,-0.04668180422647534f,-0.00218396052943297f,0.14202385451631833f,-0.04673286348420233f,0.997816039470567f,0.04668180422647533f,0.7198891973091377f,-1.2233087780658214e-16f,0.046732863484202324f,-0.9989074228728941f,-0.2139474949206628f,0f,0f,0f,1f],start_interpolation:0}
execute if entity @s[tag=aj.spawner.bone.t42] run data modify entity @s {} merge value {transformation:[-0.9989074228728941f,-0.04668180422647534f,-0.00218396052943297f,0.1325849588361015f,-0.04673286348420233f,0.997816039470567f,0.04668180422647533f,0.7879052083495467f,-1.2233087780658214e-16f,0.046732863484202324f,-0.9989074228728941f,-0.20449143916316836f,0f,0f,0f,1f],start_interpolation:0}
execute if entity @s[tag=aj.spawner.bone.t43] run data modify entity @s {} merge value {transformation:[-0.9989074228728941f,-0.04668180422647534f,-0.00218396052943297f,0.12032306361247685f,-0.04673286348420233f,0.997816039470567f,0.04668180422647533f,0.8493929483066694f,-1.2233087780658214e-16f,0.046732863484202324f,-0.9989074228728941f,-0.19220587810597234f,0f,0f,0f,1f],start_interpolation:0}
execute if entity @s[tag=aj.spawner.bone.t44] run data modify entity @s {} merge value {transformation:[-0.9989074228728941f,-0.04668180422647534f,-0.00218396052943297f,0.34167538346328385f,-0.04673286348420233f,0.997816039470567f,0.04668180422647533f,0.17026381056661932f,-1.2233087780658214e-16f,0.046732863484202324f,-0.9989074228728941f,0.28613143107146927f,0f,0f,0f,1f],start_interpolation:0}
execute if entity @s[tag=aj.spawner.bone.t45] run data modify entity @s {} merge value {transformation:[-0.9989074228728941f,-0.04668180422647534f,-0.00218396052943297f,0.09857100529117452f,-0.04673286348420233f,0.997816039470567f,0.04668180422647533f,0.9131231008773497f,-1.2233087780658214e-16f,0.046732863484202324f,-0.9989074228728941f,-0.17040951976095497f,0f,0f,0f,1f],start_interpolation:0}
execute if entity @s[tag=aj.spawner.bone.v11] run data modify entity @s {} merge value {transformation:[-1f,0f,1.3995963418826896e-16f,-0.030800627695997784f,0f,1f,0f,0.6526466891732801f,-1.2246467991473532e-16f,0f,-1.142857142857143f,-0.031250000000000056f,0f,0f,0f,1f],start_interpolation:0}
execute if entity @s[tag=aj.spawner.bone.heart] run data modify entity @s {} merge value {transformation:[-1.1071428571428572f,0f,1.2246467991473532e-16f,-0.03125f,0f,1f,0f,0.37499999999999994f,-1.3558589561988554e-16f,0f,-1f,-0.017116477272727693f,0f,0f,0f,1f],start_interpolation:0}