execute if entity @s[tag=aj.spawner.bone.bones_right] run data modify entity @s {} merge value {transformation:[-1f,3.718967538739762e-17f,1.1668130043498216e-16f,-0.03125f,0f,0.9527751227228963f,-0.3036767451096146f,0.7220045509759399f,-1.2246467991473532e-16f,-0.3036767451096146f,-0.9527751227228963f,-0.12578257873740134f,0f,0f,0f,1f],start_interpolation:0}
execute if entity @s[tag=aj.spawner.bone.bones_left] run data modify entity @s {} merge value {transformation:[-1f,-3.718967538739762e-17f,1.1668130043498216e-16f,-0.031250000000000056f,0f,0.9527751227228963f,0.3036767451096146f,0.7220045509759399f,-1.2246467991473532e-16f,0.3036767451096146f,-0.9527751227228963f,0.06328257873740134f,0f,0f,0f,1f],start_interpolation:0}
execute if entity @s[tag=aj.spawner.bone.t11] run data modify entity @s {} merge value {transformation:[-0.9949256662615859f,0.10084802559663335f,-0.0015763035921518755f,-0.19787567630027925f,0.0999394639384236f,0.9887655661570444f,-0.1309604649837613f,0.7178369007078881f,-0.01161990368463091f,-0.1307746136828022f,-0.9913863383556496f,0.14715068862121491f,0f,0f,0f,1f],start_interpolation:0}
execute if entity @s[tag=aj.spawner.bone.t12] run data modify entity @s {} merge value {transformation:[-0.9931793929989577f,0.11659220922793363f,-0.0009747151232645242f,-0.181430590183551f,0.11546851036360255f,0.982378625160027f,-0.14696686682074156f,0.7837182986753519f,-0.01617765238322246f,-0.14607701248329497f,-0.9891409353511373f,0.12879142993182674f,0f,0f,0f,1f],start_interpolation:0}
execute if entity @s[tag=aj.spawner.bone.t13] run data modify entity @s {} merge value {transformation:[-0.997229578894104f,0.0743748989099567f,0.0012415276161751323f,-0.16698940379249785f,0.07383415577531832f,0.9917313605382171f,-0.10496392697476005f,0.8443816988053692f,-0.009037943329874988f,-0.1045814655526994f,-0.9944752549174943f,0.1188367050202548f,0f,0f,0f,1f],start_interpolation:0}
execute if entity @s[tag=aj.spawner.bone.t14] run data modify entity @s {} merge value {transformation:[-0.997507080756639f,0.07056193848520373f,0.000797920784596885f,-0.16768580854136964f,0.07012004729262286f,0.9924033462206203f,-0.10108796851156862f,0.8847269667757229f,-0.007924822272360448f,-0.10078001412644215f,-0.9948771712852926f,0.11202009109035835f,0f,0f,0f,1f],start_interpolation:0}
execute if entity @s[tag=aj.spawner.bone.t15] run data modify entity @s {} merge value {transformation:[-0.9977664763851976f,0.06679800051705495f,0.00029279479281689533f,-0.15638137872332392f,0.06644152716577227f,0.9928753776868234f,-0.09891414383761024f,0.9077842736610292f,-0.006897975771711547f,-0.09867376302833003f,-0.9950959282501772f,0.10009013582338916f,0f,0f,0f,1f],start_interpolation:0}
execute if entity @s[tag=aj.spawner.bone.t21] run data modify entity @s {} merge value {transformation:[-0.9935451153702708f,-0.11324160727945809f,0.010181498974807954f,0.13626819568202336f,-0.11340501971639463f,0.9893844209998427f,-0.1130412822243707f,0.7177449044983026f,0.0027212546737225064f,-0.11372915647762831f,-0.99353812488082f,0.14672572908682752f,0f,0f,0f,1f],start_interpolation:0}
execute if entity @s[tag=aj.spawner.bone.t22] run data modify entity @s {} merge value {transformation:[-0.9912426617124478f,-0.13103722658594863f,0.01634719700390842f,0.12468939799331288f,-0.13204852111020143f,0.9825694222968591f,-0.13084539900136172f,0.7844053304537332f,0.001083362280367056f,-0.13185816476760026f,-0.9912680014558575f,0.13509047729653964f,0f,0f,0f,1f],start_interpolation:0}
execute if entity @s[tag=aj.spawner.bone.t23] run data modify entity @s {} merge value {transformation:[-0.9951894125176498f,-0.09763163737304706f,0.00812998134270073f,0.10558362378999711f,-0.09795830438643714f,0.9903854926271932f,-0.09767674541735136f,0.844358507556138f,0.0014845250112257339f,-0.09800326207555429f,-0.9951849862251948f,0.12573149810943435f,0f,0f,0f,1f],start_interpolation:0}
execute if entity @s[tag=aj.spawner.bone.t24] run data modify entity @s {} merge value {transformation:[-0.9951894125176498f,-0.09763163737304706f,0.00812998134270073f,0.09308221972301305f,-0.09795830438643714f,0.9903854926271932f,-0.09767674541735136f,0.8832412146126758f,0.0014845250112257339f,-0.09800326207555429f,-0.9951849862251948f,0.11316082337378788f,0f,0f,0f,1f],start_interpolation:0}
execute if entity @s[tag=aj.spawner.bone.t25] run data modify entity @s {} merge value {transformation:[-0.9951858824480194f,-0.0976333614281358f,0.008531477738345075f,0.08254213305668423f,-0.09799946699451498f,0.9903897049774526f,-0.09759270845439968f,0.9059321510864871f,0.0010788164569778059f,-0.09795896595471743f,-0.9951898698962599f,0.10121627035498618f,0f,0f,0f,1f],start_interpolation:0}
execute if entity @s[tag=aj.spawner.bone.t31] run data modify entity @s {} merge value {transformation:[-0.9935451153702708f,0.11324160727945809f,0.010181498974807954f,-0.1962638603316539f,0.11340501971639463f,0.9893844209998427f,0.1130412822243707f,0.7176451791490337f,0.0027212546737225064f,0.11372915647762831f,-0.99353812488082f,-0.21047395056162121f,0f,0f,0f,1f],start_interpolation:0}
execute if entity @s[tag=aj.spawner.bone.t32] run data modify entity @s {} merge value {transformation:[-0.9912663023537656f,0.13119407479330414f,0.013387776403189588f,-0.1846850626429435f,0.13181276334941333f,0.9825485744551876f,0.13123907289473785f,0.7843056051044641f,0.004063648125077406f,0.1318575503155116f,-0.9912603458167324f,-0.19883869877133334f,0f,0f,0f,1f],start_interpolation:0}
execute if entity @s[tag=aj.spawner.bone.t33] run data modify entity @s {} merge value {transformation:[-0.9951894125176498f,0.09763163737304706f,0.00812998134270073f,-0.17543162011499347f,0.09795830438643714f,0.9903854926271932f,0.09767674541735136f,0.8442612434093479f,0.0014845250112257339f,0.09800326207555429f,-0.9951849862251948f,-0.17968929197005248f,0f,0f,0f,1f],start_interpolation:0}
execute if entity @s[tag=aj.spawner.bone.t34] run data modify entity @s {} merge value {transformation:[-0.9951894125176498f,0.09763163737304706f,0.00812998134270073f,-0.17045204933479027f,0.09795830438643714f,0.9903854926271932f,0.09767674541735136f,0.88319537936028f,0.0014845250112257339f,0.09800326207555429f,-0.9951849862251948f,-0.1602642343788973f,0f,0f,0f,1f],start_interpolation:0}
execute if entity @s[tag=aj.spawner.bone.t35] run data modify entity @s {} merge value {transformation:[-0.9951910303032204f,0.09764841075653337f,0.007720173620959769f,-0.15104662960776707f,0.09793485101528858f,0.9903882234253907f,0.09767257474292221f,0.9058345513211775f,0.0018916026611471674f,0.09795894434415794f,-0.9951886590302115f,-0.1565091225266282f,0f,0f,0f,1f],start_interpolation:0}
execute if entity @s[tag=aj.spawner.bone.t41] run data modify entity @s {} merge value {transformation:[-0.9968435388978982f,-0.07914058166259748f,-0.006302958957514247f,0.1443818249207252f,-0.0793911768240928f,0.9936970410424857f,0.07914058166259746f,0.7188162834961536f,-1.2251180578519732e-16f,0.07939117682409279f,-0.9968435388978982f,-0.21454759002346344f,0f,0f,0f,1f],start_interpolation:0}
execute if entity @s[tag=aj.spawner.bone.t42] run data modify entity @s {} merge value {transformation:[-0.9968435388978982f,-0.07914058166259748f,-0.006302958957514247f,0.13275003130679422f,-0.0793911768240928f,0.9936970410424857f,0.07914058166259746f,0.7861421315772819f,-1.2251180578519732e-16f,0.07939117682409279f,-0.9968435388978982f,-0.20285917449869528f,0f,0f,0f,1f],start_interpolation:0}
execute if entity @s[tag=aj.spawner.bone.t43] run data modify entity @s {} merge value {transformation:[-0.9968435388978982f,-0.07914058166259748f,-0.006302958957514247f,0.1185174270159408f,-0.0793911768240928f,0.9936970410424857f,0.07914058166259746f,0.8467619614066244f,-1.2251180578519732e-16f,0.07939117682409279f,-0.9968435388978982f,-0.18855181777002167f,0f,0f,0f,1f],start_interpolation:0}
execute if entity @s[tag=aj.spawner.bone.t44] run data modify entity @s {} merge value {transformation:[-0.9968435388978982f,-0.07914058166259748f,-0.006302958957514247f,0.3631849707320997f,-0.0793911768240928f,0.9936970410424857f,0.07914058166259746f,0.16000511731397216f,-1.2251180578519732e-16f,0.07939117682409279f,-0.9968435388978982f,0.2669947185199553f,0f,0f,0f,1f],start_interpolation:0}
execute if entity @s[tag=aj.spawner.bone.t45] run data modify entity @s {} merge value {transformation:[-0.9968435388978982f,-0.07914058166259748f,-0.006302958957514247f,0.09475119047045066f,-0.0793911768240928f,0.9936970410424857f,0.07914058166259746f,0.9090008592534116f,-1.2251180578519732e-16f,0.07939117682409279f,-0.9968435388978982f,-0.1646509554366052f,0f,0f,0f,1f],start_interpolation:0}
execute if entity @s[tag=aj.spawner.bone.v11] run data modify entity @s {} merge value {transformation:[-1f,0f,1.4170912961562232e-16f,-0.030800627695997784f,0f,1f,0f,0.6526466891732801f,-1.2246467991473532e-16f,0f,-1.1571428571428573f,-0.031250000000000056f,0f,0f,0f,1f],start_interpolation:0}
execute if entity @s[tag=aj.spawner.bone.v21] run data modify entity @s {} merge value {transformation:[-1f,0f,1.277131661967954e-16f,-0.08549492101734665f,0f,1f,0f,0.6282246178250585f,-1.2246467991473532e-16f,0f,-1.042857142857143f,-0.03125f,0f,0f,0f,1f],start_interpolation:0}
execute if entity @s[tag=aj.spawner.bone.v22] run data modify entity @s {} merge value {transformation:[-1f,0f,1.277131661967954e-16f,0.02392149852408563f,0f,1f,0f,0.6282246178250586f,-1.2246467991473532e-16f,0f,-1.042857142857143f,-0.03125f,0f,0f,0f,1f],start_interpolation:0}
execute if entity @s[tag=aj.spawner.bone.heart] run data modify entity @s {} merge value {transformation:[-1.1821428571428574f,0f,1.2246467991473532e-16f,-0.03125f,0f,1f,0f,0.37499999999999994f,-1.447707466134907e-16f,0f,-1f,-0.017116477272727693f,0f,0f,0f,1f],start_interpolation:0}