execute if entity @s[tag=aj.spawner.bone.bones_right] run data modify entity @s {} merge value {transformation:[-1f,7.394233360552899e-18f,1.222412497466721e-16f,-0.03125f,0f,0.9981755542233175f,-0.06037849742228577f,0.7091697295473683f,-1.2246467991473532e-16f,-0.06037849742228577f,-0.9981755542233175f,-0.12479528478135737f,0f,0f,0f,1f],start_interpolation:0}
execute if entity @s[tag=aj.spawner.bone.bones_left] run data modify entity @s {} merge value {transformation:[-1f,-7.394233360552899e-18f,1.222412497466721e-16f,-0.031250000000000056f,0f,0.9981755542233175f,0.06037849742228577f,0.7091697295473685f,-1.2246467991473532e-16f,0.06037849742228577f,-0.9981755542233175f,0.062295284781357374f,0f,0f,0f,1f],start_interpolation:0}
execute if entity @s[tag=aj.spawner.bone.t11] run data modify entity @s {} merge value {transformation:[-0.9999918929570455f,0.0039939699357292024f,0.000514329776337803f,-0.19984627189806373f,0.003990484153777302f,1.0000460345802233f,-0.006072756479096304f,0.7216169308228261f,-0.0005385688472428078f,-0.006071094568323419f,-0.9999814283743607f,0.14980147586059084f,0f,0f,0f,1f],start_interpolation:0}
execute if entity @s[tag=aj.spawner.bone.t12] run data modify entity @s {} merge value {transformation:[-0.9999666980178147f,0.008118067266885845f,0.0008365639241585258f,-0.18730849995658905f,0.008109118472232927f,0.999915134679368f,-0.010196354090792174f,0.7900909229696728f,-0.0009192676172789106f,-0.01018923073601929f,-0.9999476658925985f,0.13713425968172105f,0f,0f,0f,1f],start_interpolation:0}
execute if entity @s[tag=aj.spawner.bone.t13] run data modify entity @s {} merge value {transformation:[-0.9997125605885473f,0.023946491882441148f,0.0011669310238241627f,-0.17656295879463196f,0.023908083904596464f,0.999376044063561f,-0.025998578343406756f,0.8516158125293132f,-0.0017887776555398323f,-0.02596320624252066f,-0.9996612987387814f,0.1323330950555085f,0f,0f,0f,1f],start_interpolation:0}
execute if entity @s[tag=aj.spawner.bone.t14] run data modify entity @s {} merge value {transformation:[-0.9987765247045912f,0.049249713233003714f,0.004463120599544548f,-0.17896404820678613f,0.04895455630208307f,0.9974671142356722f,-0.051602397576338194f,0.8918573728756266f,-0.006993219307683585f,-0.05132077322904629f,-0.9986577357227486f,0.12858670671965558f,0f,0f,0f,1f],start_interpolation:0}
execute if entity @s[tag=aj.spawner.bone.t15] run data modify entity @s {} merge value {transformation:[-0.9971821152325906f,0.07446888366228836f,0.009067217122630708f,-0.16840619792534495f,0.07371230601887652f,0.9950910741605173f,-0.06603218963087018f,0.9149242492635192f,-0.013940050273792661f,-0.0651777530462677f,-0.9977762953218541f,0.11799185015406762f,0f,0f,0f,1f],start_interpolation:0}
execute if entity @s[tag=aj.spawner.bone.t21] run data modify entity @s {} merge value {transformation:[-0.9999529915072262f,-0.009696848284190918f,0.00009401477574942231f,0.13842241097854485f,-0.009696121685978363f,1.0000279249785462f,-0.009695665885912152f,0.7213930444534732f,-1.2246569929829253e-16f,-0.009697304139842508f,-0.9999529915072262f,0.14904181350424636f,0f,0f,0f,1f],start_interpolation:0}
execute if entity @s[tag=aj.spawner.bone.t22] run data modify entity @s {} merge value {transformation:[-0.9998696089813389f,-0.01613030243667924f,0.0007605121997223403f,0.13150895971141988f,-0.016140471518834756f,0.9997397023940254f,-0.016124907325473604f,0.7897839225465139f,-0.0005002146082941243f,-0.016135079807880964f,-0.9998696960029038f,0.14212774341402762f,0f,0f,0f,1f],start_interpolation:0}
execute if entity @s[tag=aj.spawner.bone.t23] run data modify entity @s {} merge value {transformation:[-0.999333103409287f,-0.03642738514092137f,0.002528644332077145f,0.11649275083837526f,-0.036495325158872875f,0.9986712180716368f,-0.0363852914906748f,0.8508832032494426f,-0.001199863288589923f,-0.036453309960937874f,-0.9993346369064672f,0.13696638313687767f,0f,0f,0f,1f],start_interpolation:0}
execute if entity @s[tag=aj.spawner.bone.t24] run data modify entity @s {} merge value {transformation:[-0.9975884187115119f,-0.06833178767037844f,0.012170195004007294f,0.10649418114470732f,-0.0690088672218908f,0.9952542608521734f,-0.06860563023794208f,0.8903541456516633f,-0.007424493074728541f,-0.06928003355487139f,-0.9975696235617939f,0.12672649546140113f,0f,0f,0f,1f],start_interpolation:0}
execute if entity @s[tag=aj.spawner.bone.t25] run data modify entity @s {} merge value {transformation:[-0.9947436943311977f,-0.09939318572396377f,0.024616604557945253f,0.09737763933078752f,-0.10114848856112711f,0.9912199711844283f,-0.08515839352019626f,0.9132377786118269f,-0.015936306037477706f,-0.08720070731813308f,-0.996063286540116f,0.11568593962013209f,0f,0f,0f,1f],start_interpolation:0}
execute if entity @s[tag=aj.spawner.bone.t31] run data modify entity @s {} merge value {transformation:[-0.9999529915072262f,0.009696848284190918f,0.00009401477574942231f,-0.19841806315522484f,0.009696121685978363f,1.0000279249785462f,0.009695665885912152f,0.7213809026520994f,-1.2246569929829253e-16f,0.009697304139842508f,-0.9999529915072262f,-0.2127939285544813f,0f,0f,0f,1f],start_interpolation:0}
execute if entity @s[tag=aj.spawner.bone.t32] run data modify entity @s {} merge value {transformation:[-0.9999059694148075f,0.013703586994915633f,0.000513840546261534f,-0.19150380373122117f,0.013709341745814963f,0.9998121617955813f,0.01370018520103147f,0.7898551252940912f,-0.0003260023476271763f,0.013705941380251326f,-0.9999060160301819f,-0.2058790502693918f,0f,0f,0f,1f],start_interpolation:0}
execute if entity @s[tag=aj.spawner.bone.t33] run data modify entity @s {} merge value {transformation:[-0.9995640128666349f,0.029522588289039756f,-0.0004482885964435046f,-0.18691761088663955f,0.029496506961935565f,0.9991290997835275f,0.029512675968173745f,0.8512663182484429f,0.0013191887637240512f,0.029486585873474504f,-0.9995643055824532f,-0.19070863284699419f,0f,0f,0f,1f],start_interpolation:0}
execute if entity @s[tag=aj.spawner.bone.t34] run data modify entity @s {} merge value {transformation:[-0.9984908442342387f,0.05480019234524302f,-0.0036017911268664163f,-0.1840992376763254f,0.05451892911733254f,0.9969895996138091f,0.055130977043727464f,0.8913387646752756f,0.006612136439644561f,0.05485141001670882f,-0.9984726348132342f,-0.17443923194932803f,0f,0f,0f,1f],start_interpolation:0}
execute if entity @s[tag=aj.spawner.bone.t35] run data modify entity @s {} merge value {transformation:[-0.996761925630618f,0.07999773127372029f,-0.008125675614977552f,-0.1659160411117878f,0.0792428348192289f,0.9944238334751847f,0.0695831340651625f,0.9143093840347988f,0.01364685835474993f,0.06871391713165255f,-0.9975430621529427f,-0.17131320946538825f,0f,0f,0f,1f],start_interpolation:0}
execute if entity @s[tag=aj.spawner.bone.t41] run data modify entity @s {} merge value {transformation:[-0.9999529915072262f,-0.009695665885912154f,-0.00009401477574917739f,0.13928428117303956f,-0.009696121685978363f,0.9999059852242507f,0.009695665885912152f,0.721417723005287f,-1.2245214677113646e-16f,0.009696121685978361f,-0.9999529915072262f,-0.21322494277495843f,0f,0f,0f,1f],start_interpolation:0}
execute if entity @s[tag=aj.spawner.bone.t42] run data modify entity @s {} merge value {transformation:[-0.9999529915072262f,-0.009695665885912154f,-0.00009401477574917739f,0.1323685855388113f,-0.009696121685978363f,0.9999059852242507f,0.009695665885912152f,0.7900400608171291f,-1.2245214677113646e-16f,0.009696121685978361f,-0.9999529915072262f,-0.2063086282121273f,0f,0f,0f,1f],start_interpolation:0}
execute if entity @s[tag=aj.spawner.bone.t43] run data modify entity @s {} merge value {transformation:[-0.9999529915072262f,-0.009695665885912154f,-0.00009401477574917739f,0.12238892851408423f,-0.009696121685978363f,0.9999059852242507f,0.009695665885912152f,0.8523523868851581f,-1.2245214677113646e-16f,0.009696121685978361f,-0.9999529915072262f,-0.1963280613113734f,0f,0f,0f,1f],start_interpolation:0}
execute if entity @s[tag=aj.spawner.bone.t44] run data modify entity @s {} merge value {transformation:[-0.9999529915072262f,-0.009695665885912154f,-0.00009401477574917739f,0.3182544777130463f,-0.009696121685978363f,0.9999059852242507f,0.009695665885912152f,0.18368134729544128f,-1.2245214677113646e-16f,0.009696121685978361f,-0.9999529915072262f,0.307195070265508f,0f,0f,0f,1f],start_interpolation:0}
execute if entity @s[tag=aj.spawner.bone.t45] run data modify entity @s {} merge value {transformation:[-0.9999529915072262f,-0.009695665885912154f,-0.00009401477574917739f,0.10300529462660604f,-0.009696121685978363f,0.9999059852242507f,0.009695665885912152f,0.9176076211485261f,-1.2245214677113646e-16f,0.009696121685978361f,-0.9999529915072262f,-0.17694263473497074f,0f,0f,0f,1f],start_interpolation:0}
execute if entity @s[tag=aj.spawner.bone.heart] run data modify entity @s {} merge value {transformation:[-1.0222222222222221f,0f,1.2246467991473532e-16f,-0.03125f,0f,1f,0f,0.37499999999999994f,-1.2518611724617387e-16f,0f,-1f,-0.017116477272727693f,0f,0f,0f,1f],start_interpolation:0}