execute if entity @s[tag=aj.spawner.bone.bones_right] run data modify entity @s {} merge value {transformation:[-1f,1.1082915861119988e-17f,1.219621531567638e-16f,-0.03125f,0f,0.995896557617091f,-0.09049887582963795f,0.7107322295473684f,-1.2246467991473532e-16f,-0.09049887582963795f,-0.995896557617091f,-0.12491547708904971f,0f,0f,0f,1f],start_interpolation:0}
execute if entity @s[tag=aj.spawner.bone.bones_left] run data modify entity @s {} merge value {transformation:[-1f,-1.1082915861119988e-17f,1.219621531567638e-16f,-0.031250000000000056f,0f,0.995896557617091f,0.09049887582963795f,0.7107322295473684f,-1.2246467991473532e-16f,0.09049887582963795f,-0.995896557617091f,0.06241547708904971f,0f,0f,0f,1f],start_interpolation:0}
execute if entity @s[tag=aj.spawner.bone.t11] run data modify entity @s {} merge value {transformation:[-0.9999783134779433f,0.006535045257133471f,0.0008220272480277381f,-0.19974721803083575f,0.006525770802285305f,1.0000458331882394f,-0.009962659733883219f,0.7214482437699281f,-0.0008870677787100213f,-0.009958241946645867f,-0.9999500335927942f,0.14967305046486223f,0f,0f,0f,1f],start_interpolation:0}
execute if entity @s[tag=aj.spawner.bone.t12] run data modify entity @s {} merge value {transformation:[-0.9999101416919409f,0.013340746027193573f,0.0013164486470831314f,-0.187023402900503f,0.013316811364133095f,0.9997707401508981f,-0.01676692199593427f,0.7897409207541832f,-0.0015398300862704754f,-0.016747884450388585f,-0.999858558642042f,0.13673608649983424f,0f,0f,0f,1f],start_interpolation:0}
execute if entity @s[tag=aj.spawner.bone.t13] run data modify entity @s {} merge value {transformation:[-0.9991793789559086f,0.04048008740011639f,0.0013896738335441852f,-0.17551995240605936f,0.04038029483900782f,0.9982216195715581f,-0.043852366055327656f,0.8505736915260895f,-0.0031623500754182528f,-0.04376026444178088f,-0.9990370557681961f,0.13097018815785724f,0f,0f,0f,1f],start_interpolation:0}
execute if entity @s[tag=aj.spawner.bone.t14] run data modify entity @s {} merge value {transformation:[-0.9964592218149616f,0.08393387433027767f,0.004911618860416228f,-0.1774172186803929f,0.08318087394894275f,0.9926581340179637f,-0.08781099690280723f,0.8905362061446546f,-0.012245875591844833f,-0.08709152489125378f,-0.9961250447725452f,0.12679990305340927f,0f,0f,0f,1f],start_interpolation:0}
execute if entity @s[tag=aj.spawner.bone.t15] run data modify entity @s {} merge value {transformation:[-0.9918134035894133f,0.12729735427212222f,0.010077502453539756f,-0.1660416064537396f,0.12536180912456749f,0.985668893189432f,-0.11287714477136612f,0.912229177626395f,-0.024302042576680533f,-0.11068973120411058f,-0.9935578463947445f,0.11536890180385967f,0f,0f,0f,1f],start_interpolation:0}
execute if entity @s[tag=aj.spawner.bone.t21] run data modify entity @s {} merge value {transformation:[-0.9998942319271075f,-0.014545019559245661f,0.00021152495889983518f,0.13826021262843716f,-0.014543897651582696f,0.9999713631767786f,-0.014542359371555744f,0.721149679111673f,-1.2245172706154333e-16f,-0.014546558120665305f,-0.9998942319271075f,0.14887667698353838f,0f,0f,0f,1f],start_interpolation:0}
execute if entity @s[tag=aj.spawner.bone.t22] run data modify entity @s {} merge value {transformation:[-0.9997065769591142f,-0.024188808154148766f,0.0012890092211491435f,0.13101745793342873f,-0.024212912840055407f,0.9994144368600427f,-0.02417681218696259f,0.7893561988882978f,-0.0007034461530928495f,-0.024200928821133484f,-0.9997068671404153f,0.14163249503490993f,0f,0f,0f,1f],start_interpolation:0}
execute if entity @s[tag=aj.spawner.bone.t23] run data modify entity @s {} merge value {transformation:[-0.9984995723796665f,-0.0545666403424373f,0.0045919189193780645f,0.11631543807304967f,-0.054735985712436784f,0.9970130159627288f,-0.05448869487325818f,0.8497491893023764f,-0.0016049379149875526f,-0.05465828173883817f,-0.9985038289419059f,0.1354620144423361f,0f,0f,0f,1f],start_interpolation:0}
execute if entity @s[tag=aj.spawner.bone.t24] run data modify entity @s {} merge value {transformation:[-0.9945760399311571f,-0.10180155368486356f,0.021329427141981716f,0.10601321765902624f,-0.10345957201140706f,0.9893764880479625f,-0.10212875137343223f,0.8886351783608386f,-0.01070596815209821f,-0.1037815425074599f,-0.9945424946580707f,0.12479705938028172f,0f,0f,0f,1f],start_interpolation:0}
execute if entity @s[tag=aj.spawner.bone.t25] run data modify entity @s {} merge value {transformation:[-0.9881859573495251f,-0.14723276528960016f,0.04255615727929606f,0.09704111760769647f,-0.15148717409143758f,0.9804549482781791f,-0.12553776516500323f,0.9104522279133602f,-0.023241122670670418f,-0.13050136865952988f,-0.9911756872497409f,0.11293817435228969f,0f,0f,0f,1f],start_interpolation:0}
execute if entity @s[tag=aj.spawner.bone.t31] run data modify entity @s {} merge value {transformation:[-0.9998942319271075f,0.014545019559245661f,0.00021152495889983518f,-0.198255864816358f,0.014543897651582696f,0.9999713631767786f,0.014542359371555744f,0.7211314656962455f,-1.2245172706154333e-16f,0.014546558120665305f,-0.9998942319271075f,-0.21262871845655995f,0f,0f,0f,1f],start_interpolation:0}
execute if entity @s[tag=aj.spawner.bone.t32] run data modify entity @s {} merge value {transformation:[-0.9997770460734074f,0.021093785377124558f,0.0009541295484953367f,-0.19101161399384226f,0.021109219109966833f,0.9995548039081599f,0.021085418010734443f,0.7894408443694794f,-0.0005089334916438485f,0.021100857863693583f,-0.9997772225771685f,-0.20538304022216486f,0f,0f,0f,1f],start_interpolation:0}
execute if entity @s[tag=aj.spawner.bone.t33] run data modify entity @s {} merge value {transformation:[-0.9988375891066619f,0.04820229496105762f,-0.00009668546087792857f,-0.18554194390375792f,0.04814163519844818f,0.9976772747301981f,0.04819168442111624f,0.850124822014813f,0.002419410674251576f,0.04813101128599023f,-0.9988381010977591f,-0.1906522521038544f,0f,0f,0f,1f],start_interpolation:0}
execute if entity @s[tag=aj.spawner.bone.t34] run data modify entity @s {} merge value {transformation:[-0.9957932242716234f,0.09157019161398974f,-0.0032794058152861823f,-0.1821374673327178f,0.09087997071796611f,0.991587973823176f,0.09216355620064778f,0.8898373612124734f,0.011691253868843596f,0.0914778124849165f,-0.9957384819348646f,-0.17445702825710183f,0f,0f,0f,1f],start_interpolation:0}
execute if entity @s[tag=aj.spawner.bone.t35] run data modify entity @s {} merge value {transformation:[-0.9908309064046995f,0.1348555050882737f,-0.008252736553890971f,-0.1631012683171923f,0.1329708127691318f,0.9841592200381677f,0.11725780385706444f,0.9113989012184219f,0.02393486713474397f,0.11508528299157925f,-0.9930672181549395f,-0.1709403430324734f,0f,0f,0f,1f],start_interpolation:0}
execute if entity @s[tag=aj.spawner.bone.t41] run data modify entity @s {} merge value {transformation:[-0.9998942319271075f,-0.014542359371555746f,-0.00021152495889959025f,0.13955277767979096f,-0.014543897651582696f,0.9997884750411002f,0.014542359371555744f,0.7211960978264418f,-1.2245172706154333e-16f,0.014543897651582694f,-0.9998942319271075f,-0.21327520179616788f,0f,0f,0f,1f],start_interpolation:0}
execute if entity @s[tag=aj.spawner.bone.t42] run data modify entity @s {} merge value {transformation:[-0.9998942319271075f,-0.014542359371555746f,-0.00021152495889959025f,0.13230497355444515f,-0.014543897651582696f,0.9997884750411002f,0.014542359371555744f,0.7897497663791221f,-1.2245172706154333e-16f,0.014543897651582694f,-0.9998942319271075f,-0.20602596988307717f,0f,0f,0f,1f],start_interpolation:0}
execute if entity @s[tag=aj.spawner.bone.t43] run data modify entity @s {} merge value {transformation:[-0.9998942319271075f,-0.014542359371555746f,-0.00021152495889959025f,0.12202405071589598f,-0.014543897651582696f,0.9997884750411002f,0.014542359371555744f,0.8519638624095988f,-1.2245172706154333e-16f,0.014543897651582694f,-0.9998942319271075f,-0.1957429678555366f,0f,0f,0f,1f],start_interpolation:0}
execute if entity @s[tag=aj.spawner.bone.t44] run data modify entity @s {} merge value {transformation:[-0.9998942319271075f,-0.014542359371555746f,-0.00021152495889959025f,0.321164483119628f,-0.014543897651582696f,0.9997884750411002f,0.014542359371555744f,0.181817258624561f,-1.2245172706154333e-16f,0.014543897651582694f,-0.9998942319271075f,0.30452339539450973f,0f,0f,0f,1f],start_interpolation:0}
execute if entity @s[tag=aj.spawner.bone.t45] run data modify entity @s {} merge value {transformation:[-0.9998942319271075f,-0.014542359371555746f,-0.00021152495889959025f,0.10232565762648371f,-0.014543897651582696f,0.9997884750411002f,0.014542359371555744f,0.9170296137649867f,-1.2245172706154333e-16f,0.014543897651582694f,-0.9998942319271075f,-0.17604050772351842f,0f,0f,0f,1f],start_interpolation:0}
execute if entity @s[tag=aj.spawner.bone.heart] run data modify entity @s {} merge value {transformation:[-1.0333333333333334f,0f,1.2246467991473532e-16f,-0.03125f,0f,1f,0f,0.37499999999999994f,-1.265468359118932e-16f,0f,-1f,-0.017116477272727693f,0f,0f,0f,1f],start_interpolation:0}