execute if entity @s[tag=aj.spawner.bone.bones_right] run data modify entity @s {} merge value {transformation:[-1f,2.7250954951287996e-17f,1.1939423470528823e-16f,-0.03125f,0f,0.9749279121818236f,-0.22252093395631437f,0.7176518724045112f,-1.2246467991473532e-16f,-0.22252093395631437f,-0.9749279121818236f,-0.1254477573088299f,0f,0f,0f,1f],start_interpolation:0}
execute if entity @s[tag=aj.spawner.bone.bones_left] run data modify entity @s {} merge value {transformation:[-1f,-2.7250954951287996e-17f,1.1939423470528823e-16f,-0.031250000000000056f,0f,0.9749279121818236f,0.22252093395631437f,0.7176518724045112f,-1.2246467991473532e-16f,0.22252093395631437f,-0.9749279121818236f,0.0629477573088299f,0f,0f,0f,1f],start_interpolation:0}
execute if entity @s[tag=aj.spawner.bone.t11] run data modify entity @s {} merge value {transformation:[-0.9948780858494299f,0.10131177462556057f,-0.0013012393662027522f,-0.1975358210439189f,0.1002991159682095f,0.9878114734665782f,-0.1369247222528504f,0.7170734173584042f,-0.01255713472771799f,-0.13667503923056243f,-0.990580601067925f,0.14666676006853419f,0f,0f,0f,1f],start_interpolation:0}
execute if entity @s[tag=aj.spawner.bone.t12] run data modify entity @s {} merge value {transformation:[-0.989983249732009f,0.1411436622276472f,-0.00341055171763459f,-0.18042376661541382f,0.13951742330439604f,0.9743040917145943f,-0.17682314741769925f,0.7815928236204582f,-0.021634552099657593f,-0.17552778549610676f,-0.9842367310125547f,0.1273270286804691f,0f,0f,0f,1f],start_interpolation:0}
execute if entity @s[tag=aj.spawner.bone.t13] run data modify entity @s {} merge value {transformation:[-0.9946163874106403f,0.10360347006026695f,-0.002136091214922197f,-0.16387653616142078f,0.10288830067365096f,0.9848764600059211f,-0.1393999860498334f,0.8411153101515252f,-0.012338536327113223f,-0.13886928932516618f,-0.9902338516752635f,0.11504018339316183f,0f,0f,0f,1f],start_interpolation:0}
execute if entity @s[tag=aj.spawner.bone.t14] run data modify entity @s {} merge value {transformation:[-0.9957039804484822f,0.092545899095693f,-0.0029731935050589984f,-0.1642796030225686f,0.09216249211202106f,0.9874614033527535f,-0.12816416010848167f,0.8814780888275534f,-0.008925153598138934f,-0.12788758129380925f,-0.9917485105529874f,0.10765392469577593f,0f,0f,0f,1f],start_interpolation:0}
execute if entity @s[tag=aj.spawner.bone.t15] run data modify entity @s {} merge value {transformation:[-0.9966542436795038f,0.08161643392598888f,-0.00436763881759621f,-0.15219334162551695f,0.08153934206948593f,0.989191034763292f,-0.12187055607817263f,0.9037786483300456f,-0.005626211026227381f,-0.12181894129047563f,-0.9925363929309373f,0.09484550653408527f,0f,0f,0f,1f],start_interpolation:0}
execute if entity @s[tag=aj.spawner.bone.t21] run data modify entity @s {} merge value {transformation:[-0.99300516608608f,-0.11774554541606069f,0.011649610790357572f,0.13588392333103977f,-0.11804796616018348f,0.9881270835577487f,-0.11757457751915877f,0.7169760850166139f,0.0023276193418945265f,-0.11837947684402877f,-0.9929957226945262f,0.1462764717277819f,0f,0f,0f,1f],start_interpolation:0}
execute if entity @s[tag=aj.spawner.bone.t22] run data modify entity @s {} merge value {transformation:[-0.987886402535516f,-0.1535258877803783f,0.022588879270186556f,0.12344948549237506f,-0.15517176014632142f,0.9759344065683042f,-0.1532114843256347f,0.7826346997311813f,0.0014766646636499917f,-0.1548606982336655f,-0.9879352122503037f,0.13376006370029464f,0f,0f,0f,1f],start_interpolation:0}
execute if entity @s[tag=aj.spawner.bone.t23] run data modify entity @s {} merge value {transformation:[-0.9914601096849872f,-0.12970175096678793f,0.013575960355804485f,0.10492495091381751f,-0.1303635838118195f,0.9829330580169521f,-0.12979961276206423f,0.8415140896083174f,0.003490976822002955f,-0.13046094915181494f,-0.9914473025971858f,0.12227165683230848f,0f,0f,0f,1f],start_interpolation:0}
execute if entity @s[tag=aj.spawner.bone.t24] run data modify entity @s {} merge value {transformation:[-0.9914601096849872f,-0.12970175096678793f,0.013575960355804485f,0.09189629030996672f,-0.1303635838118195f,0.9829330580169521f,-0.12979961276206423f,0.8800382266080455f,0.003490976822002955f,-0.13046094915181494f,-0.9914473025971858f,0.10914470949883433f,0f,0f,0f,1f],start_interpolation:0}
execute if entity @s[tag=aj.spawner.bone.t25] run data modify entity @s {} merge value {transformation:[-0.9914503362439604f,-0.12969058824345367f,0.01437296360549779f,0.08178966857355728f,-0.13045705841856048f,0.9829462361674658f,-0.1296057587956222f,0.9017464977252662f,0.002680796619347387f,-0.1303727276898035f,-0.9914614290047828f,0.09626817327446216f,0f,0f,0f,1f],start_interpolation:0}
execute if entity @s[tag=aj.spawner.bone.t31] run data modify entity @s {} merge value {transformation:[-0.99300516608608f,0.11774554541606069f,0.011649610790357572f,-0.19587959939484617f,0.11804796616018348f,0.9881270835577487f,0.11757457751915877f,0.7168586668990599f,0.0023276193418945265f,0.11837947684402877f,-0.9929957226945262f,-0.21002317624402106f,0f,0f,0f,1f],start_interpolation:0}
execute if entity @s[tag=aj.spawner.bone.t32] run data modify entity @s {} merge value {transformation:[-0.987912347773952f,0.15365934523123012f,0.02044501745824266f,-0.18344516155618154f,0.15497074712541933f,0.9759134586220366f,0.1535480016664625f,0.782517281613627f,0.0036415176983709534f,0.1548603464528098f,-0.9879296596647801f,-0.19750676821653376f,0f,0f,0f,1f],start_interpolation:0}
execute if entity @s[tag=aj.spawner.bone.t33] run data modify entity @s {} merge value {transformation:[-0.9914601096849872f,0.12970175096678793f,0.013575960355804485f,-0.1720945472799419f,0.1303635838118195f,0.9829330580169521f,0.12979961276206423f,0.8413995843827026f,0.003490976822002955f,0.13046094915181494f,-0.9914473025971858f,-0.17890670364182545f,0f,0f,0f,1f],start_interpolation:0}
execute if entity @s[tag=aj.spawner.bone.t34] run data modify entity @s {} merge value {transformation:[-0.9914601096849872f,0.12970175096678793f,0.013575960355804485f,-0.16659522890871575f,0.1303635838118195f,0.9829330580169521f,0.12979961276206423f,0.879984979221655f,0.003490976822002955f,0.13046094915181494f,-0.9914473025971858f,-0.15893370355684963f,0f,0f,0f,1f],start_interpolation:0}
execute if entity @s[tag=aj.spawner.bone.t35] run data modify entity @s {} merge value {transformation:[-0.9914645739651082f,0.12975072409739818f,0.012757279035406362f,-0.14626904482631248f,0.13030529840112284f,0.9829383278039909f,0.1298182303934563f,0.9016309001651743f,0.0043043908722025835f,0.13037251754144746f,-0.991455737231433f,-0.155570091724f,0f,0f,0f,1f],start_interpolation:0}
execute if entity @s[tag=aj.spawner.bone.t41] run data modify entity @s {} merge value {transformation:[-0.9956320789411338f,-0.09295580358145732f,-0.008716763383355763f,0.14540448628549285f,-0.09336360845295069f,0.9912832366166441f,0.0929558035814573f,0.7184371117551142f,-1.2106240212238003e-16f,0.09336360845295068f,-0.9956320789411338f,-0.2148098689312379f,0f,0f,0f,1f],start_interpolation:0}
execute if entity @s[tag=aj.spawner.bone.t42] run data modify entity @s {} merge value {transformation:[-0.9956320789411338f,-0.09295580358145732f,-0.008716763383355763f,0.13284555406703158f,-0.09336360845295069f,0.9912832366166441f,0.0929558035814573f,0.7854233379472926f,-1.2106240212238003e-16f,0.09336360845295068f,-0.9956320789411338f,-0.20216842035671556f,0f,0f,0f,1f],start_interpolation:0}
execute if entity @s[tag=aj.spawner.bone.t43] run data modify entity @s {} merge value {transformation:[-0.9956320789411338f,-0.09295580358145732f,-0.008716763383355763f,0.11778348525983634f,-0.09336360845295069f,0.9912832366166441f,0.0929558035814573f,0.8456317957480102f,-1.2106240212238003e-16f,0.09336360845295068f,-0.9956320789411338f,-0.186999144088333f,0f,0f,0f,1f],start_interpolation:0}
execute if entity @s[tag=aj.spawner.bone.t44] run data modify entity @s {} merge value {transformation:[-0.9956320789411338f,-0.09295580358145732f,-0.008716763383355763f,0.37264841135091226f,-0.09336360845295069f,0.9912832366166441f,0.0929558035814573f,0.15608186089600828f,-1.2106240212238003e-16f,0.09336360845295068f,-0.9956320789411338f,0.2586291465039313f,0f,0f,0f,1f],start_interpolation:0}
execute if entity @s[tag=aj.spawner.bone.t45] run data modify entity @s {} merge value {transformation:[-0.9956320789411338f,-0.09295580358145732f,-0.008716763383355763f,0.09317859848309487f,-0.09336360845295069f,0.9912832366166441f,0.0929558035814573f,0.9071912691753318f,-1.2106240212238003e-16f,0.09336360845295068f,-0.9956320789411338f,-0.1622040558034621f,0f,0f,0f,1f],start_interpolation:0}
execute if entity @s[tag=aj.spawner.bone.v11] run data modify entity @s {} merge value {transformation:[-1f,0f,1.364606433335622e-16f,-0.030800627695997784f,0f,1f,0f,0.6526466891732801f,-1.2246467991473532e-16f,0f,-1.1142857142857143f,-0.031250000000000056f,0f,0f,0f,1f],start_interpolation:0}
execute if entity @s[tag=aj.spawner.bone.v21] run data modify entity @s {} merge value {transformation:[-1f,0f,1.3296165247885551e-16f,-0.08549492101734665f,0f,1f,0f,0.6282246178250585f,-1.2246467991473532e-16f,0f,-1.0857142857142859f,-0.03125f,0f,0f,0f,1f],start_interpolation:0}
execute if entity @s[tag=aj.spawner.bone.v22] run data modify entity @s {} merge value {transformation:[-1f,0f,1.3296165247885551e-16f,0.02392149852408563f,0f,1f,0f,0.6282246178250586f,-1.2246467991473532e-16f,0f,-1.0857142857142859f,-0.03125f,0f,0f,0f,1f],start_interpolation:0}
execute if entity @s[tag=aj.spawner.bone.heart] run data modify entity @s {} merge value {transformation:[-1.2142857142857144f,0f,1.2246467991473532e-16f,-0.03125f,0f,1f,0f,0.37499999999999994f,-1.4870711132503577e-16f,0f,-1f,-0.017116477272727693f,0f,0f,0f,1f],start_interpolation:0}