execute if entity @s[tag=aj.spawner.bone.bones_right] run data modify entity @s {} merge value {transformation:[-1f,1.0293220632125783e-17f,1.2203133792447315e-16f,-0.03125f,0f,0.9964614941176192f,-0.08405052492924756f,0.710397408118797f,-1.2246467991473532e-16f,-0.08405052492924756f,-0.9964614941176192f,-0.1248897215945442f,0f,0f,0f,1f],start_interpolation:0}
execute if entity @s[tag=aj.spawner.bone.bones_left] run data modify entity @s {} merge value {transformation:[-1f,-1.0293220632125783e-17f,1.2203133792447315e-16f,-0.031250000000000056f,0f,0.9964614941176192f,0.08405052492924756f,0.710397408118797f,-1.2246467991473532e-16f,0.08405052492924756f,-0.9964614941176192f,0.0623897215945442f,0f,0f,0f,1f],start_interpolation:0}
execute if entity @s[tag=aj.spawner.bone.t11] run data modify entity @s {} merge value {transformation:[-0.9998944490396711f,0.014520190178445264f,0.0006700177976927082f,-0.1997584583875594f,0.014499302232962065f,1.0001971944302865f,-0.017781175417705047f,0.721467482287848f,-0.000927908621545799f,-0.017777767594016676f,-0.999841677905515f,0.14968764434012136f,0f,0f,0f,1f],start_interpolation:0}
execute if entity @s[tag=aj.spawner.bone.t12] run data modify entity @s {} merge value {transformation:[-0.9999158794725147f,0.012938081750774395f,0.0009165256776291517f,-0.18705390488730245f,0.01292153322225405f,0.9997851352710179f,-0.01620855546613874f,0.790070619404391f,-0.001126036364270687f,-0.016195349076910625f,-0.9998682126712417f,0.13677850560273352f,0f,0f,0f,1f],start_interpolation:0}
execute if entity @s[tag=aj.spawner.bone.t13] run data modify entity @s {} merge value {transformation:[-0.9999877061115441f,0.004894549446313685f,0.0007943623163683422f,-0.1771345469870203f,0.004887897323495773f,0.9999546743767479f,-0.008170535591202137f,0.8525294579154759f,-0.0008343174018552695f,-0.008166552382108894f,-0.9999663051006585f,0.13291522841816417f,0f,0f,0f,1f],start_interpolation:0}
execute if entity @s[tag=aj.spawner.bone.t14] run data modify entity @s {} merge value {transformation:[-0.9999877061115441f,0.004894549446313685f,0.0007943623163683422f,-0.17999417860858366f,0.004887897323495773f,0.9999546743767479f,-0.008170535591202137f,0.8931414224616928f,-0.0008343174018552695f,-0.008166552382108894f,-0.9999663051006585f,0.12939205971858087f,0f,0f,0f,1f],start_interpolation:0}
execute if entity @s[tag=aj.spawner.bone.t15] run data modify entity @s {} merge value {transformation:[-0.9999877361852577f,0.004893858118206858f,0.000760020922316024f,-0.17050630427300506f,0.004887483609013353f,0.9999546471503249f,-0.008174114413251363f,0.9180450582774196f,-0.0007999894093818264f,-0.008170299577626192f,-0.999966302543119f,0.11983776173604094f,0f,0f,0f,1f],start_interpolation:0}
execute if entity @s[tag=aj.spawner.bone.t21] run data modify entity @s {} merge value {transformation:[-0.9997268313002339f,-0.023381095847572125f,0.00041519745721609145f,0.13827750475346876f,-0.023371897315420807f,0.9999890972274844f,-0.023368883466039367f,0.7211758294266435f,0.00013112692718940643f,-0.023384724594312317f,-0.9997268241357847f,0.14889434088135456f,0f,0f,0f,1f],start_interpolation:0}
execute if entity @s[tag=aj.spawner.bone.t22] run data modify entity @s {} merge value {transformation:[-0.9997268777585792f,-0.023355800148211474f,0.0008224880059291907f,0.13106525866304136f,-0.02336864011414499f,0.9994541819975524f,-0.023350476372417422f,0.7897370094863012f,-0.0002766700176490421f,-0.0233633192641811f,-0.9997270021194092f,0.14168077067248724f,0f,0f,0f,1f],start_interpolation:0}
execute if entity @s[tag=aj.spawner.bone.t23] run data modify entity @s {} merge value {transformation:[-0.999901651759575f,-0.014023128137934477f,0.00019668680847367972f,0.11456596449195355f,-0.014024507423562413f,0.9998033131915265f,-0.014023128137934479f,0.8519617613568471f,-1.2246618825610757e-16f,-0.014024507423562415f,-0.999901651759575f,0.13767954629676588f,0f,0f,0f,1f],start_interpolation:0}
execute if entity @s[tag=aj.spawner.bone.t24] run data modify entity @s {} merge value {transformation:[-0.999901651759575f,-0.014023128137934477f,0.00019668680847367972f,0.10462404086493343f,-0.014024507423562413f,0.9998033131915265f,-0.014023128137934479f,0.8923158243718634f,-1.2246618825610757e-16f,-0.014024507423562415f,-0.999901651759575f,0.12773572269743771f,0f,0f,0f,1f],start_interpolation:0}
execute if entity @s[tag=aj.spawner.bone.t25] run data modify entity @s {} merge value {transformation:[-0.999901651759575f,-0.014023128137934477f,0.00019668680847367972f,0.09490122861506846f,-0.014024507423562413f,0.9998033131915265f,-0.014023128137934479f,0.9170479606182625f,-1.2246618825610757e-16f,-0.014024507423562415f,-0.999901651759575f,0.11801103202660262f,0f,0f,0f,1f],start_interpolation:0}
execute if entity @s[tag=aj.spawner.bone.t31] run data modify entity @s {} merge value {transformation:[-0.9997268313002339f,0.023381095847572125f,0.00041519745721609145f,-0.19827315693949318f,0.023371897315420807f,0.9999890972274844f,0.023368883466039367f,0.721158266577199f,0.00013112692718940643f,0.023384724594312317f,-0.9997268241357847f,-0.21264639164529678f,0f,0f,0f,1f],start_interpolation:0}
execute if entity @s[tag=aj.spawner.bone.t32] run data modify entity @s {} merge value {transformation:[-0.9997270360930622f,0.023363502524120033f,0.000007374707236207655f,-0.19106091084906582f,0.023357294187583214f,0.9994540040579986f,0.023369436892427008f,0.7897194466368566f,0.000538621217147499f,0.02336323013283638f,-0.9997268973899545f,-0.20543282143642944f,0f,0f,0f,1f],start_interpolation:0}
execute if entity @s[tag=aj.spawner.bone.t33] run data modify entity @s {} merge value {transformation:[-0.999901651759575f,0.014023128137934477f,0.00019668680847367972f,-0.18706284591007874f,0.014024507423562413f,0.9998033131915265f,0.014023128137934479f,0.8519442157484729f,-1.2246618825610757e-16f,0.014024507423562415f,-0.999901651759575f,-0.18893282641371362f,0f,0f,0f,1f],start_interpolation:0}
execute if entity @s[tag=aj.spawner.bone.t34] run data modify entity @s {} merge value {transformation:[-0.999901651759575f,0.014023128137934477f,0.00019668680847367972f,-0.18462371080609655f,0.014024507423562413f,0.9998033131915265f,0.014023128137934479f,0.892307068808747f,-1.2246618825610757e-16f,0.014024507423562415f,-0.999901651759575f,-0.17211359210891702f,0f,0f,0f,1f],start_interpolation:0}
execute if entity @s[tag=aj.spawner.bone.t35] run data modify entity @s {} merge value {transformation:[-0.999901651759575f,0.014023128137934477f,0.00019668680847367972f,-0.16739811003319366f,0.014024507423562413f,0.9998033131915265f,0.014023128137934479f,0.9170304150098886f,-1.2246618825610757e-16f,0.014024507423562415f,-0.999901651759575f,-0.1692643121435503f,0f,0f,0f,1f],start_interpolation:0}
execute if entity @s[tag=aj.spawner.bone.t41] run data modify entity @s {} merge value {transformation:[-0.999901651759575f,-0.01402312813793448f,-0.0001966868084734348f,0.1397192824698138f,-0.014024507423562413f,0.9998033131915265f,0.014023128137934479f,0.7212237293096071f,-1.2243908320179543e-16f,0.014024507423562411f,-0.999901651759575f,-0.21336747456723867f,0f,0f,0f,1f],start_interpolation:0}
execute if entity @s[tag=aj.spawner.bone.t42] run data modify entity @s {} merge value {transformation:[-0.999901651759575f,-0.01402312813793448f,-0.0001966868084734348f,0.13250703637938638f,-0.014024507423562413f,0.9998033131915265f,0.014023128137934479f,0.7897849093692644f,-1.2243908320179543e-16f,0.014024507423562411f,-0.999901651759575f,-0.20615390435837144f,0f,0f,0f,1f],start_interpolation:0}
execute if entity @s[tag=aj.spawner.bone.t43] run data modify entity @s {} merge value {transformation:[-0.999901651759575f,-0.01402312813793448f,-0.0001966868084734348f,0.12225835682434891f,-0.014024507423562413f,0.9998033131915265f,0.014023128137934479f,0.8520096698603457f,-1.2243908320179543e-16f,0.014024507423562411f,-0.999901651759575f,-0.19590329465915274f,0f,0f,0f,1f],start_interpolation:0}
execute if entity @s[tag=aj.spawner.bone.t44] run data modify entity @s {} merge value {transformation:[-0.999901651759575f,-0.01402312813793448f,-0.0001966868084734348f,0.3210470135799995f,-0.014024507423562413f,0.9998033131915265f,0.014023128137934479f,0.18201963952963673f,-1.2243908320179543e-16f,0.014024507423562411f,-0.999901651759575f,0.30471257183404316f,0f,0f,0f,1f],start_interpolation:0}
execute if entity @s[tag=aj.spawner.bone.t45] run data modify entity @s {} merge value {transformation:[-0.999901651759575f,-0.01402312813793448f,-0.0001966868084734348f,0.10259362094746378f,-0.014024507423562413f,0.9998033131915265f,0.014023128137934479f,0.917095869121761f,-1.2243908320179543e-16f,0.014024507423562411f,-0.999901651759575f,-0.17623478038898963f,0f,0f,0f,1f],start_interpolation:0}
execute if entity @s[tag=aj.spawner.bone.v11] run data modify entity @s {} merge value {transformation:[-1f,0f,1.277131661967954e-16f,-0.030800627695997784f,0f,1f,0f,0.6526466891732801f,-1.2246467991473532e-16f,0f,-1.042857142857143f,-0.031250000000000056f,0f,0f,0f,1f],start_interpolation:0}
execute if entity @s[tag=aj.spawner.bone.heart] run data modify entity @s {} merge value {transformation:[-1.0321428571428573f,0f,1.2246467991473532e-16f,-0.03125f,0f,1f,0f,0.37499999999999994f,-1.264010446262804e-16f,0f,-1f,-0.017116477272727693f,0f,0f,0f,1f],start_interpolation:0}