execute if entity @s[tag=aj.spawner.bone.bones_right] run data modify entity @s {} merge value {transformation:[-1f,3.058879644897931e-17f,1.185829808970136e-16f,-0.03125f,0f,0.9683035221222615f,-0.24977647816722687f,0.7191027652616542f,-1.2246467991473532e-16f,-0.24977647816722687f,-0.9683035221222615f,-0.12555936445168703f,0f,0f,0f,1f],start_interpolation:0}
execute if entity @s[tag=aj.spawner.bone.bones_left] run data modify entity @s {} merge value {transformation:[-1f,-3.058879644897931e-17f,1.185829808970136e-16f,-0.031250000000000056f,0f,0.9683035221222615f,0.24977647816722687f,0.7191027652616542f,-1.2246467991473532e-16f,0.24977647816722687f,-0.9683035221222615f,0.06305936445168706f,0f,0f,0f,1f],start_interpolation:0}
execute if entity @s[tag=aj.spawner.bone.t11] run data modify entity @s {} merge value {transformation:[-0.9985482558285526f,0.053958802218571016f,0.0003385642846451557f,-0.1992262316575792f,0.05372975127447044f,0.9982403590732056f,-0.06441865034850919f,0.720528131223395f,-0.003807178711235053f,-0.06442083637596005f,-0.9979229042674096f,0.1489904625507977f,0f,0f,0f,1f],start_interpolation:0}
execute if entity @s[tag=aj.spawner.bone.t12] run data modify entity @s {} merge value {transformation:[-0.999035720660149f,0.04387345745252526f,0.0016578830531838232f,-0.18549183842972508f,0.04371814428737128f,0.9975576073314716f,-0.05447516787654815f,0.7889388547936589f,-0.004043847811820355f,-0.05435015902709921f,-0.9985137492837061f,0.13458623029635752f,0f,0f,0f,1f],start_interpolation:0}
execute if entity @s[tag=aj.spawner.bone.t13] run data modify entity @s {} merge value {transformation:[-0.9999698989151666f,0.007544146530857977f,0.0018130407365224597f,-0.17531307790707862f,0.007509849707226088f,0.999805571965175f,-0.0182324004114724f,0.8516130854261915f,-0.0019502361308884227f,-0.018218235932996533f,-0.9998321321394524f,0.13008260301107044f,0f,0f,0f,1f],start_interpolation:0}
execute if entity @s[tag=aj.spawner.bone.t14] run data modify entity @s {} merge value {transformation:[-0.9999994022736309f,-0.0010918942805736697f,-0.00005673853012677773f,-0.17776141213489804f,-0.001091307770992889f,0.9999545297666685f,-0.009473512889606274f,0.8923111165492335f,0.00006708002475367585f,-0.00947344530783897f,-0.9999551236601918f,0.12578403082535608f,0f,0f,0f,1f],start_interpolation:0}
execute if entity @s[tag=aj.spawner.bone.t15] run data modify entity @s {} merge value {transformation:[-0.9999500302183078f,-0.009600960891541615f,-0.002785429296298157f,-0.16843787899721374f,-0.009587706043586091f,0.9999428328686355f,-0.004733591392342015f,0.917700326357427f,0.0028307170871300818f,-0.004706648978515419f,-0.9999849171343363f,0.1162312461485968f,0f,0f,0f,1f],start_interpolation:0}
execute if entity @s[tag=aj.spawner.bone.t21] run data modify entity @s {} merge value {transformation:[-0.997543305145567f,-0.07006542118463154f,0.0037326409370881672f,0.13737391180144268f,-0.07004257760947837f,0.996686911726748f,-0.06996126701424371f,0.7197383462375035f,0.001179695332864397f,-0.0701634190249236f,-0.997542725154866f,0.14795069455108523f,0f,0f,0f,1f],start_interpolation:0}
execute if entity @s[tag=aj.spawner.bone.t22] run data modify entity @s {} merge value {transformation:[-0.9975422803283858f,-0.06989205742486221f,0.00494967333912109f,0.12825126420100166f,-0.07006708974974359f,0.9950938141942928f,-0.06984915093439359f,0.7878411616540908f,-0.00004348845385730238f,-0.07002429050818068f,-0.9975452856124278f,0.1388144298278864f,0f,0f,0f,1f],start_interpolation:0}
execute if entity @s[tag=aj.spawner.bone.t23] run data modify entity @s {} merge value {transformation:[-0.9991149819008869f,-0.04202526246462378f,0.0017692529411905496f,0.11001904262020254f,-0.04206248852826503f,0.9982307470588095f,-0.042025262464623785f,0.84944202801681f,-1.2235629645650868e-16f,-0.04206248852826504f,-0.9991149819008869f,0.13306328997642955f,0f,0f,0f,1f],start_interpolation:0}
execute if entity @s[tag=aj.spawner.bone.t24] run data modify entity @s {} merge value {transformation:[-0.9991149819008869f,-0.04202526246462378f,0.0017692529411905496f,0.09896165012358009f,-0.04206248852826503f,0.9982307470588095f,-0.042025262464623785f,0.8892068294505153f,-1.2235629645650868e-16f,-0.04206248852826504f,-0.9991149819008869f,0.12198779842464805f,0f,0f,0f,1f],start_interpolation:0}
execute if entity @s[tag=aj.spawner.bone.t25] run data modify entity @s {} merge value {transformation:[-0.9991149819008869f,-0.04202526246462378f,0.0017692529411905496f,0.08856090235296732f,-0.04206248852826503f,0.9982307470588095f,-0.042025262464623785f,0.9133742754614274f,-1.2235629645650868e-16f,-0.04206248852826504f,-0.9991149819008869f,0.11156953325612058f,0f,0f,0f,1f],start_interpolation:0}
execute if entity @s[tag=aj.spawner.bone.t31] run data modify entity @s {} merge value {transformation:[-0.997543305145567f,0.07006542118463154f,0.0037326409370881672f,-0.19736956495612965f,0.07004257760947837f,0.996686911726748f,0.06996126701424371f,0.719685630073145f,0.001179695332864397f,0.0701634190249236f,-0.997542725154866f,-0.21170176026755222f,0f,0f,0f,1f],start_interpolation:0}
execute if entity @s[tag=aj.spawner.bone.t32] run data modify entity @s {} merge value {transformation:[-0.9979057570169727f,0.06467773281532685f,0.000943922799574385f,-0.188231841328816f,0.06460291959315531f,0.9958060112584937f,0.06478310521647657f,0.7881465480377045f,0.0032500603721583596f,0.0647084138216813f,-0.9978989218794955f,-0.2025504061631052f,0f,0f,0f,1f],start_interpolation:0}
execute if entity @s[tag=aj.spawner.bone.t33] run data modify entity @s {} merge value {transformation:[-0.9995927913910041f,0.02848003825769155f,0.0017716715216952266f,-0.1832725514724172f,0.028518942801217244f,0.9991881722273347f,0.02845463727582661f,0.8502312129871297f,-0.0009598440713255967f,0.028493576501351814f,-0.9995935147836447f,-0.18344500402432695f,0f,0f,0f,1f],start_interpolation:0}
execute if entity @s[tag=aj.spawner.bone.t34] run data modify entity @s {} merge value {transformation:[-0.9997964530720833f,0.01987707519328831f,0.0034574999988559287f,-0.17990971183191695f,0.019941313685172133f,0.9996078366922813f,0.01966003132975823f,0.890153198234831f,-0.003065360173175932f,0.01972497668282198f,-0.999800744579574f,-0.16536611485700586f,0f,0f,0f,1f],start_interpolation:0}
execute if entity @s[tag=aj.spawner.bone.t35] run data modify entity @s {} merge value {transformation:[-0.9999166674409411f,0.011384946585828197f,0.0060861453351178955f,-0.1625792661720758f,0.011474361787533341f,0.9998236799715183f,0.014864319351379093f,0.9151852911916317f,-0.005915842743948921f,0.014932915303075514f,-0.9998709971017161f,-0.16167879989886297f,0f,0f,0f,1f],start_interpolation:0}
execute if entity @s[tag=aj.spawner.bone.t41] run data modify entity @s {} merge value {transformation:[-0.9991149819008869f,-0.04202526246462379f,-0.001769252941190305f,0.14169096235006068f,-0.04206248852826503f,0.9982307470588095f,0.042025262464623785f,0.7200638903661226f,-1.2235629645650868e-16f,0.042062488528265024f,-0.9991149819008869f,-0.21386330710339535f,0f,0f,0f,1f],start_interpolation:0}
execute if entity @s[tag=aj.spawner.bone.t42] run data modify entity @s {} merge value {transformation:[-0.9991149819008869f,-0.04202526246462379f,-0.001769252941190305f,0.13256831474961964f,-0.04206248852826503f,0.9982307470588095f,0.042025262464623785f,0.7881667057827094f,-1.2235629645650868e-16f,0.042062488528265024f,-0.9991149819008869f,-0.20472704238019665f,0f,0f,0f,1f],start_interpolation:0}
execute if entity @s[tag=aj.spawner.bone.t43] run data modify entity @s {} merge value {transformation:[-0.9991149819008869f,-0.04202526246462379f,-0.001769252941190305f,0.1205916196365835f,-0.04206248852826503f,0.9982307470588095f,0.042025262464623785f,0.8497678048083266f,-1.2235629645650868e-16f,0.042062488528265024f,-0.9991149819008869f,-0.19273143389185926f,0f,0f,0f,1f],start_interpolation:0}
execute if entity @s[tag=aj.spawner.bone.t44] run data modify entity @s {} merge value {transformation:[-0.9991149819008869f,-0.04202526246462379f,-0.001769252941190305f,0.3386722335960961f,-0.04206248852826503f,0.9982307470588095f,0.042025262464623785f,0.17185302658556367f,-1.2235629645650868e-16f,0.042062488528265024f,-0.9991149819008869f,0.288820448945512f,0f,0f,0f,1f],start_interpolation:0}
execute if entity @s[tag=aj.spawner.bone.t45] run data modify entity @s {} merge value {transformation:[-0.9991149819008869f,-0.04202526246462379f,-0.001769252941190305f,0.09913347936934827f,-0.04206248852826503f,0.9982307470588095f,0.042025262464623785f,0.9137000522529438f,-1.2235629645650868e-16f,0.042062488528265024f,-0.9991149819008869f,-0.17123767717155042f,0f,0f,0f,1f],start_interpolation:0}
execute if entity @s[tag=aj.spawner.bone.v41] run data modify entity @s {} merge value {transformation:[-1f,0f,1.3121215705150213e-16f,-0.17228970872519958f,0f,1f,0f,0.4987821885213817f,-1.2246467991473532e-16f,0f,-1.0714285714285714f,-0.03125f,0f,0f,0f,1f],start_interpolation:0}
execute if entity @s[tag=aj.spawner.bone.v42] run data modify entity @s {} merge value {transformation:[-1f,0f,1.3121215705150213e-16f,0.11071628623193838f,0f,1f,0f,0.4987821885213818f,-1.2246467991473532e-16f,0f,-1.0714285714285714f,-0.03125f,0f,0f,0f,1f],start_interpolation:0}
execute if entity @s[tag=aj.spawner.bone.v51] run data modify entity @s {} merge value {transformation:[-1f,0f,1.382101387609156e-16f,-0.17228970872519955f,0f,1f,0f,0.40503218852138173f,-1.2246467991473532e-16f,0f,-1.1285714285714288f,-0.031250000000000056f,0f,0f,0f,1f],start_interpolation:0}
execute if entity @s[tag=aj.spawner.bone.v52] run data modify entity @s {} merge value {transformation:[-1f,0f,1.382101387609156e-16f,0.11071628623193841f,0f,1f,0f,0.4050321885213818f,-1.2246467991473532e-16f,0f,-1.1285714285714288f,-0.03125f,0f,0f,0f,1f],start_interpolation:0}
execute if entity @s[tag=aj.spawner.bone.heart] run data modify entity @s {} merge value {transformation:[-1.0964285714285715f,0f,1.2246467991473532e-16f,-0.03125f,0f,1f,0f,0.37499999999999994f,-1.3427377404937052e-16f,0f,-1f,-0.017116477272727693f,0f,0f,0f,1f],start_interpolation:0}