execute if entity @s[tag=aj.spawner.bone.bones_right] run data modify entity @s {} merge value {transformation:[-1f,2.389167384016779e-17f,1.2011155542966555e-16f,-0.03125f,0f,0.9807852804032304f,-0.19509032201612828f,0.7162009795473684f,-1.2246467991473532e-16f,-0.19509032201612828f,-0.9807852804032304f,-0.12533615016597277f,0f,0f,0f,1f],start_interpolation:0}
execute if entity @s[tag=aj.spawner.bone.bones_left] run data modify entity @s {} merge value {transformation:[-1f,-2.389167384016779e-17f,1.2011155542966555e-16f,-0.031250000000000056f,0f,0.9807852804032304f,0.19509032201612828f,0.7162009795473684f,-1.2246467991473532e-16f,0.19509032201612828f,-0.9807852804032304f,0.06283615016597277f,0f,0f,0f,1f],start_interpolation:0}
execute if entity @s[tag=aj.spawner.bone.t11] run data modify entity @s {} merge value {transformation:[-0.999020714379955f,0.04429772913122678f,0.0009114555005866058f,-0.19927883395738386f,0.04412155211169827f,0.9989639740389087f,-0.0540835773103693f,0.7206236546299822f,-0.0033016479247739068f,-0.05406632320835035f,-0.9985359963036805f,0.1490599586283704f,0f,0f,0f,1f],start_interpolation:0}
execute if entity @s[tag=aj.spawner.bone.t12] run data modify entity @s {} merge value {transformation:[-0.9992456642380744f,0.03879011876492862f,0.0018518065806608073f,-0.18565066008469905f,0.03865416834202842f,0.9980668399431184f,-0.0486666032895651f,0.7889229852371501f,-0.003736010063633899f,-0.04855831228698661f,-0.998813362213704f,0.13481020665750415f,0f,0f,0f,1f],start_interpolation:0}
execute if entity @s[tag=aj.spawner.bone.t13] run data modify entity @s {} merge value {transformation:[-0.9998969542259273f,0.014204868452407567f,0.0020742810715082835f,-0.1751789564403461f,0.01415070513915171f,0.9996085704492697f,-0.024134279115649467f,0.8513094964917025f,-0.0024162933966318627f,-0.024102439640357673f,-0.9997065739153687f,0.129998863651195f,0f,0f,0f,1f],start_interpolation:0}
execute if entity @s[tag=aj.spawner.bone.t14] run data modify entity @s {} merge value {transformation:[-0.9998969542259273f,0.014204868452407567f,0.0020742810715082835f,-0.1774980394391109f,0.01415070513915171f,0.9996085704492697f,-0.024134279115649467f,0.8918777030715757f,-0.0024162933966318627f,-0.024102439640357673f,-0.9997065739153687f,0.1256670806536846f,0f,0f,0f,1f],start_interpolation:0}
execute if entity @s[tag=aj.spawner.bone.t15] run data modify entity @s {} merge value {transformation:[-0.9998972214511556f,0.014202950343739409f,0.001955181779838914f,-0.16780624160898386f,0.014151632330426078f,0.9996082845983296f,-0.024145572363670622f,0.9166056163701772f,-0.0022973542703250663f,-0.024115421703094636f,-0.9997065412406976f,0.11577079569998806f,0f,0f,0f,1f],start_interpolation:0}
execute if entity @s[tag=aj.spawner.bone.t21] run data modify entity @s {} merge value {transformation:[-0.9985133610974285f,-0.0545287409525866f,0.002259129140781249f,0.13766820622253056f,-0.054502827928955444f,0.9982733917062219f,-0.05446455743831238f,0.720223180016147f,0.0007137630301932078f,-0.05457485063178659f,-0.9985131487960357f,0.14826291509936806f,0f,0f,0f,1f],start_interpolation:0}
execute if entity @s[tag=aj.spawner.bone.t22] run data modify entity @s {} merge value {transformation:[-0.9985130319913824f,-0.05441910156902023f,0.003207230549440509f,0.12918001084839648f,-0.054513011507045024f,0.9970305080375543f,-0.054392073124758966f,0.7884907014559934f,-0.00023773895217640102f,-0.05448602964794745f,-0.9985145046785218f,0.13976682448364364f,0f,0f,0f,1f],start_interpolation:0}
execute if entity @s[tag=aj.spawner.bone.t23] run data modify entity @s {} merge value {transformation:[-0.9994645874763657f,-0.032701564615071524f,0.0010705383806983687f,0.11152287431307595f,-0.03271908282177614f,0.9989294616193017f,-0.03270156461507153f,0.850310364748687f,-1.223991107914061e-16f,-0.032719082821776144f,-0.9994645874763657f,0.13459855497141895f,0f,0f,0f,1f],start_interpolation:0}
execute if entity @s[tag=aj.spawner.bone.t24] run data modify entity @s {} merge value {transformation:[-0.9994645874763657f,-0.032701564615071524f,0.0010705383806983687f,0.10083442904031684f,-0.03271908282177614f,0.9989294616193017f,-0.03270156461507153f,0.8902785555572503f,-1.223991107914061e-16f,-0.032719082821776144f,-0.9994645874763657f,0.12389936172419344f,0f,0f,0f,1f],start_interpolation:0}
execute if entity @s[tag=aj.spawner.bone.t25] run data modify entity @s {} merge value {transformation:[-0.9994645874763657f,-0.032701564615071524f,0.0010705383806983687f,0.09065694571466813f,-0.03271908282177614f,0.9989294616193017f,-0.03270156461507153f,0.9146384735280124f,-1.223991107914061e-16f,-0.032719082821776144f,-0.9994645874763657f,0.11371140414605808f,0f,0f,0f,1f],start_interpolation:0}
execute if entity @s[tag=aj.spawner.bone.t31] run data modify entity @s {} merge value {transformation:[-0.9985133610974285f,0.0545287409525866f,0.002259129140781249f,-0.1976638587553999f,0.054502827928955444f,0.9982733917062219f,0.05446455743831238f,0.7201821880983375f,0.0007137630301932078f,0.05457485063178659f,-0.9985131487960357f,-0.21201441858281653f,0f,0f,0f,1f],start_interpolation:0}
execute if entity @s[tag=aj.spawner.bone.t32] run data modify entity @s {} merge value {transformation:[-0.9985150576341307f,0.05446070959541818f,0.0013079710518342626f,-0.18917566338126585f,0.05445100105787085f,0.997028248998338f,0.05449549690666022f,0.7884497095381837f,0.001663779343740803f,0.0544857945676815f,-0.9985131596672244f,-0.20351832796709207f,0f,0f,0f,1f],start_interpolation:0}
execute if entity @s[tag=aj.spawner.bone.t33] run data modify entity @s {} merge value {transformation:[-0.9994645874763657f,0.032701564615071524f,0.0010705383806983687f,-0.18402521591915874f,0.03271908282177614f,0.9989294616193017f,0.03270156461507153f,0.8502695918084613f,-1.223991107914061e-16f,0.032719082821776144f,-0.9994645874763657f,-0.18585675111141306f,0f,0f,0f,1f],start_interpolation:0}
execute if entity @s[tag=aj.spawner.bone.t34] run data modify entity @s {} merge value {transformation:[-0.9994645874763657f,0.032701564615071524f,0.0010705383806983687f,-0.18084228891657145f,0.03271908282177614f,0.9989294616193017f,0.03270156461507153f,0.8902583880647216f,-1.223991107914061e-16f,0.032719082821776144f,-0.9994645874763657f,-0.16828515245073605f,0f,0f,0f,1f],start_interpolation:0}
execute if entity @s[tag=aj.spawner.bone.t35] run data modify entity @s {} merge value {transformation:[-0.9994645874763657f,0.032701564615071524f,0.0010705383806983687f,-0.16315928732075094f,0.03271908282177614f,0.9989294616193017f,0.03270156461507153f,0.9145977005877869f,-1.223991107914061e-16f,0.032719082821776144f,-0.9994645874763657f,-0.16496960028605212f,0f,0f,0f,1f],start_interpolation:0}
execute if entity @s[tag=aj.spawner.bone.t41] run data modify entity @s {} merge value {transformation:[-0.9994645874763657f,-0.03270156461507154f,-0.001070538380698124f,0.14102864708191382f,-0.03271908282177614f,0.9989294616193017f,0.03270156461507153f,0.7204292670314593f,-1.223991107914061e-16f,0.03271908282177613f,-0.9994645874763657f,-0.21369620995597377f,0f,0f,0f,1f],start_interpolation:0}
execute if entity @s[tag=aj.spawner.bone.t42] run data modify entity @s {} merge value {transformation:[-0.9994645874763657f,-0.03270156461507154f,-0.001070538380698124f,0.1325404517077797f,-0.03271908282177614f,0.9989294616193017f,0.03270156461507153f,0.7886967884713052f,-1.223991107914061e-16f,0.03271908282177613f,-0.9994645874763657f,-0.20520011934024943f,0f,0f,0f,1f],start_interpolation:0}
execute if entity @s[tag=aj.spawner.bone.t43] run data modify entity @s {} merge value {transformation:[-0.9994645874763657f,-0.03270156461507154f,-0.001070538380698124f,0.12113665970906586f,-0.03271908282177614f,0.9989294616193017f,0.03270156461507153f,0.850516561252791f,-1.223991107914061e-16f,0.03271908282177613f,-0.9994645874763657f,-0.19378519615629747f,0f,0f,0f,1f],start_interpolation:0}
execute if entity @s[tag=aj.spawner.bone.t44] run data modify entity @s {} merge value {transformation:[-0.9994645874763657f,-0.03270156461507154f,-0.001070538380698124f,0.33272104789799095f,-0.03271908282177614f,0.9989294616193017f,0.03270156461507153f,0.17512241004451146f,-1.223991107914061e-16f,0.03271908282177613f,-0.9994645874763657f,0.29416419032795577f,0f,0f,0f,1f],start_interpolation:0}
execute if entity @s[tag=aj.spawner.bone.t45] run data modify entity @s {} merge value {transformation:[-0.9994645874763657f,-0.03270156461507154f,-0.001070538380698124f,0.10027073111065801f,-0.03271908282177614f,0.9989294616193017f,0.03270156461507153f,0.9148446700321162f,-1.223991107914061e-16f,0.03271908282177613f,-0.9994645874763657f,-0.17289804533093675f,0f,0f,0f,1f],start_interpolation:0}
execute if entity @s[tag=aj.spawner.bone.v11] run data modify entity @s {} merge value {transformation:[-1f,0f,1.3471114790620887e-16f,-0.030800627695997784f,0f,1f,0f,0.6526466891732801f,-1.2246467991473532e-16f,0f,-1.1f,-0.031250000000000056f,0f,0f,0f,1f],start_interpolation:0}
execute if entity @s[tag=aj.spawner.bone.heart] run data modify entity @s {} merge value {transformation:[-1.0750000000000002f,0f,1.2246467991473532e-16f,-0.03125f,0f,1f,0f,0.37499999999999994f,-1.3164953090834049e-16f,0f,-1f,-0.017116477272727693f,0f,0f,0f,1f],start_interpolation:0}