execute if entity @s[tag=aj.spawner.bone.bones_right] run data modify entity @s {} merge value {transformation:[-1f,2.0513596020740704e-17f,1.2073437872004985e-16f,-0.03125f,0f,0.9858710185182359f,-0.16750622330473625f,0.7147500866902256f,-1.2246467991473532e-16f,-0.16750622330473625f,-0.9858710185182359f,-0.12522454302311564f,0f,0f,0f,1f],start_interpolation:0}
execute if entity @s[tag=aj.spawner.bone.bones_left] run data modify entity @s {} merge value {transformation:[-1f,-2.0513596020740704e-17f,1.2073437872004985e-16f,-0.031250000000000056f,0f,0.9858710185182359f,0.16750622330473625f,0.7147500866902256f,-1.2246467991473532e-16f,0.16750622330473625f,-0.9858710185182359f,0.06272454302311561f,0f,0f,0f,1f],start_interpolation:0}
execute if entity @s[tag=aj.spawner.bone.t11] run data modify entity @s {} merge value {transformation:[-0.999973502318933f,0.007166874056819816f,0.0012827561436444025f,-0.1995940180394584f,0.007148971246521146f,1.000038714610308f,-0.012701104017367987f,0.7211835257177471f,-0.0013736339116603017f,-0.012693436709552832f,-0.9999185149267995f,0.14947360580022065f,0f,0f,0f,1f],start_interpolation:0}
execute if entity @s[tag=aj.spawner.bone.t12] run data modify entity @s {} merge value {transformation:[-0.9997089984737771f,0.024018108023083882f,0.0022469662990479596f,-0.18658378156111177f,0.023941321944706124f,0.9992767522661483f,-0.029542943048364072f,0.7889802609575377f,-0.0029549067832195554f,-0.029480550663283464f,-0.9995609864628032f,0.13612141557079666f,0f,0f,0f,1f],start_interpolation:0}
execute if entity @s[tag=aj.spawner.bone.t13] run data modify entity @s {} merge value {transformation:[-0.9961935766313047f,0.08716293443532529f,-0.0009903227515017249f,-0.17301025205452997f,0.08688046126372945f,0.9919140800091267f,-0.09251077413063599f,0.8477924597715166f,-0.007081195459141872f,-0.09224467865557948f,-0.9957111910240832f,0.12777574637420994f,0f,0f,0f,1f],start_interpolation:0}
execute if entity @s[tag=aj.spawner.bone.t14] run data modify entity @s {} merge value {transformation:[-0.9826153275806933f,0.1855016945157176f,-0.007499288985234616f,-0.1735278903463988f,0.18347416567544658f,0.9641188363459859f,-0.19186479596987233f,0.8868962561017423f,-0.028361039000457073f,-0.18990521513286396f,-0.9813927148354809f,0.12255667567049931f,0f,0f,0f,1f],start_interpolation:0}
execute if entity @s[tag=aj.spawner.bone.t15] run data modify entity @s {} merge value {transformation:[-0.9592073487709719f,0.282317350878988f,-0.014770763569746345f,-0.15975876052903298f,0.27703155786448214f,0.9282652191476999f,-0.24814753447868676f,0.9044423464649044f,-0.05634516847912573f,-0.24211690629392923f,-0.9686096353411502f,0.10872621916472135f,0f,0f,0f,1f],start_interpolation:0}
execute if entity @s[tag=aj.spawner.bone.t21] run data modify entity @s {} merge value {transformation:[-0.9995769500822006f,-0.02908305070442883f,0.0008459208643660176f,0.1377845338236473f,-0.02908471874311139f,0.9995196233109276f,-0.029072414455237897f,0.720410210406922f,-1.2230445102471552e-16f,-0.029095359493871067f,-0.9995769500822006f,0.1483849669506644f,0f,0f,0f,1f],start_interpolation:0}
execute if entity @s[tag=aj.spawner.bone.t22] run data modify entity @s {} merge value {transformation:[-0.9988259451075804f,-0.0483189181748455f,0.0034660534273765167f,0.12956392557394325f,-0.04842999791257138f,0.9976594152334571f,-0.04827241964336118f,0.788044714265607f,-0.0011254697406750018f,-0.04838360613316266f,-0.9988281934223793f,0.14015823432041105f,0f,0f,0f,1f],start_interpolation:0}
execute if entity @s[tag=aj.spawner.bone.t23] run data modify entity @s {} merge value {transformation:[-0.994614113308344f,-0.1028798255372519f,0.012589960495626617f,0.1155779695726548f,-0.10362997612437473f,0.9893057050464427f,-0.10264039171312005f,0.8466065158944924f,-0.0018956941521117653f,-0.10339227949893459f,-0.9946388504797588f,0.1312972645648372f,0f,0f,0f,1f],start_interpolation:0}
execute if entity @s[tag=aj.spawner.bone.t24] run data modify entity @s {} merge value {transformation:[-0.980928987784855f,-0.1866189728047951f,0.054329365104544364f,0.10444344524015486f,-0.19357776699465265f,0.9631626046278668f,-0.18666934716719677f,0.8839172090230113f,-0.01749197097938733f,-0.1936263309463529f,-0.980919402864226f,0.1194838503259367f,0f,0f,0f,1f],start_interpolation:0}
execute if entity @s[tag=aj.spawner.bone.t25] run data modify entity @s {} merge value {transformation:[-0.9588723368362677f,-0.26374905079202793f,0.10488221897185178f,0.09585139447605703f,-0.28107511377136996f,0.933765140050874f,-0.2215388084381229f,0.9029203706796787f,-0.039504709447945756f,-0.24190721657709216f,-0.9694948563552863f,0.1055253520548818f,0f,0f,0f,1f],start_interpolation:0}
execute if entity @s[tag=aj.spawner.bone.t31] run data modify entity @s {} merge value {transformation:[-0.9995769500822006f,0.02908305070442883f,0.0008459208643660176f,-0.19778018622166335f,0.02908471874311139f,0.9995196233109276f,0.029072414455237897f,0.7203737758737353f,-1.2230445102471552e-16f,0.029095359493871067f,-0.9995769500822006f,-0.21213661113163668f,0f,0f,0f,1f],start_interpolation:0}
execute if entity @s[tag=aj.spawner.bone.t32] run data modify entity @s {} merge value {transformation:[-0.9988259508502284f,0.04831879921754625f,0.0034660568823562266f,-0.18955957797195935f,0.048429879395163265f,0.9976594152413947f,0.04827253838331226f,0.7880082797324203f,-0.0011254731925803645f,0.048383724767455304f,-0.9988281876717937f,-0.2039098785013833f,0f,0f,0f,1f],start_interpolation:0}
execute if entity @s[tag=aj.spawner.bone.t33] run data modify entity @s {} merge value {transformation:[-0.9946209998297081f,0.10348237918141924f,0.004523703870169312f,-0.18137851463125684f,0.10339348634767989f,0.9892430242223278f,0.10347959223119879f,0.8466090890394791f,0.006233271903595021f,0.10339069700130674f,-0.9946212897856953f,-0.19058651164722842f,0f,0f,0f,1f],start_interpolation:0}
execute if entity @s[tag=aj.spawner.bone.t34] run data modify entity @s {} merge value {transformation:[-0.9809667396534881f,0.19385227645894593f,0.011204936648198898f,-0.17636888578477256f,0.19228188581643726f,0.9617399531714952f,0.1951510667676836f,0.8853151489113502f,0.027054243298978833f,0.1935912120561641f,-0.9807091875444754f,-0.17453840489066014f,0f,0f,0f,1f],start_interpolation:0}
execute if entity @s[tag=aj.spawner.bone.t35] run data modify entity @s {} merge value {transformation:[-0.958951485089283f,0.2830581503143296f,0.017033284641816478f,-0.15495381216787096f,0.27835145104171566f,0.9281326690266333f,0.24716435501194225f,0.902883925160521f,0.054152737216415184f,0.24175986479589298f,-0.9688238481921476f,-0.1701694756555705f,0f,0f,0f,1f],start_interpolation:0}
execute if entity @s[tag=aj.spawner.bone.t41] run data modify entity @s {} merge value {transformation:[-0.9995769500822006f,-0.0290724144552379f,-0.0008459208643657728f,0.14036749352235858f,-0.02908471874311139f,0.9991540791356341f,0.029072414455237897f,0.7205594268654718f,-1.2252129145921262e-16f,0.029084718743111387f,-0.9995769500822006f,-0.21342916753260494f,0f,0f,0f,1f],start_interpolation:0}
execute if entity @s[tag=aj.spawner.bone.t42] run data modify entity @s {} merge value {transformation:[-0.9995769500822006f,-0.0290724144552379f,-0.0008459208643657728f,0.13212669609594946f,-0.02908471874311139f,0.9991540791356341f,0.029072414455237897f,0.7888877877235562f,-1.2252129145921262e-16f,0.029084718743111387f,-0.9995769500822006f,-0.2051822371810023f,0f,0f,0f,1f],start_interpolation:0}
execute if entity @s[tag=aj.spawner.bone.t43] run data modify entity @s {} merge value {transformation:[-0.9995769500822006f,-0.0290724144552379f,-0.0008459208643657728f,0.1209465667935799f,-0.02908471874311139f,0.9991540791356341f,0.029072414455237897f,0.8507896945457987f,-1.2252129145921262e-16f,0.029084718743111387f,-0.9995769500822006f,-0.1939934083525372f,0f,0f,0f,1f],start_interpolation:0}
execute if entity @s[tag=aj.spawner.bone.t44] run data modify entity @s {} merge value {transformation:[-0.9995769500822006f,-0.0290724144552379f,-0.0008459208643657728f,0.3300220251541003f,-0.02908471874311139f,0.9991540791356341f,0.029072414455237897f,0.17640865303284825f,-1.2252129145921262e-16f,0.029084718743111387f,-0.9995769500822006f,0.2964324067726864f,0f,0f,0f,1f],start_interpolation:0}
execute if entity @s[tag=aj.spawner.bone.t45] run data modify entity @s {} merge value {transformation:[-0.9995769500822006f,-0.0290724144552379f,-0.0008459208643657728f,0.10031248279712052f,-0.02908471874311139f,0.9991540791356341f,0.029072414455237897f,0.9152687347416051f,-1.2252129145921262e-16f,0.029084718743111387f,-0.9995769500822006f,-0.17334265587097944f,0f,0f,0f,1f],start_interpolation:0}
execute if entity @s[tag=aj.spawner.bone.v31] run data modify entity @s {} merge value {transformation:[-1f,0f,1.329616524788555e-16f,-0.14883150298131478f,0f,1f,0f,0.5591048674991094f,-1.2246467991473532e-16f,0f,-1.0857142857142856f,-0.03125f,0f,0f,0f,1f],start_interpolation:0}
execute if entity @s[tag=aj.spawner.bone.v32] run data modify entity @s {} merge value {transformation:[-1f,0f,1.329616524788555e-16f,0.08725808048805375f,0f,1f,0f,0.5591048674991094f,-1.2246467991473532e-16f,0f,-1.0857142857142856f,-0.03125f,0f,0f,0f,1f],start_interpolation:0}
execute if entity @s[tag=aj.spawner.bone.v41] run data modify entity @s {} merge value {transformation:[-1f,0f,1.3646064333356224e-16f,-0.17228970872519958f,0f,1f,0f,0.4987821885213817f,-1.2246467991473532e-16f,0f,-1.1142857142857145f,-0.03125f,0f,0f,0f,1f],start_interpolation:0}
execute if entity @s[tag=aj.spawner.bone.v42] run data modify entity @s {} merge value {transformation:[-1f,0f,1.3646064333356224e-16f,0.11071628623193838f,0f,1f,0f,0.4987821885213818f,-1.2246467991473532e-16f,0f,-1.1142857142857145f,-0.03125f,0f,0f,0f,1f],start_interpolation:0}
execute if entity @s[tag=aj.spawner.bone.heart] run data modify entity @s {} merge value {transformation:[-1.0666666666666667f,0f,1.2246467991473532e-16f,-0.03125f,0f,1f,0f,0.37499999999999994f,-1.30628991909051e-16f,0f,-1f,-0.017116477272727693f,0f,0f,0f,1f],start_interpolation:0}