execute if entity @s[tag=aj.spawner.bone.bones_right] run data modify entity @s {} merge value {transformation:[-1f,4.6865204053262974e-17f,1.1314261122877003e-16f,-0.03125f,0f,0.9238795325112867f,-0.3826834323650897f,0.7263572295473684f,-1.2246467991473532e-16f,-0.3826834323650897f,-0.9238795325112867f,-0.12611740016597278f,0f,0f,0f,1f],start_interpolation:0}
execute if entity @s[tag=aj.spawner.bone.bones_left] run data modify entity @s {} merge value {transformation:[-1f,-4.6865204053262974e-17f,1.1314261122877003e-16f,-0.031250000000000056f,0f,0.9238795325112867f,0.3826834323650897f,0.7263572295473684f,-1.2246467991473532e-16f,0.3826834323650897f,-0.9238795325112867f,0.06361740016597275f,0f,0f,0f,1f],start_interpolation:0}
execute if entity @s[tag=aj.spawner.bone.t11] run data modify entity @s {} merge value {transformation:[-0.9957079661559336f,0.09277397298891005f,-0.001228932305454485f,-0.19827593237770816f,0.09205260494708452f,0.9913574236093101f,-0.11675769016626816f,0.7186871462659296f,-0.009589789156715491f,-0.11666061285011156f,-0.9931596707037728f,0.14770848588834407f,0f,0f,0f,1f],start_interpolation:0}
execute if entity @s[tag=aj.spawner.bone.t12] run data modify entity @s {} merge value {transformation:[-0.9957046556016476f,0.09258396581617911f,0.0006693929736094647f,-0.1826383598684212f,0.09187138290711845f,0.9888862427810852f,-0.11689160723098221f,0.7856730288271018f,-0.011484242070688211f,-0.11632801946245439f,-0.9931444527721054f,0.13053160131873873f,0f,0f,0f,1f],start_interpolation:0}
execute if entity @s[tag=aj.spawner.bone.t13] run data modify entity @s {} merge value {transformation:[-0.998795421268357f,0.04898792292573645f,0.0028088896004290955f,-0.16995372875345344f,0.04864932962350411f,0.9961070370305615f,-0.07351199565635043f,0.8472133658585455f,-0.006399154674559751f,-0.07328679407381485f,-0.9972903772892995f,0.12264691352951652f,0f,0f,0f,1f],start_interpolation:0}
execute if entity @s[tag=aj.spawner.bone.t14] run data modify entity @s {} merge value {transformation:[-0.998795421268357f,0.04898792292573645f,0.0028088896004290955f,-0.17107605229605752f,0.04864932962350411f,0.9961070370305615f,-0.07351199565635043f,0.8876025184065588f,-0.006399154674559751f,-0.07328679407381485f,-0.9972903772892995f,0.11653310773288092f,0f,0f,0f,1f],start_interpolation:0}
execute if entity @s[tag=aj.spawner.bone.t15] run data modify entity @s {} merge value {transformation:[-0.998795421268357f,0.04898792292573645f,0.0028088896004290955f,-0.16046131380851936f,0.04864932962350411f,0.9961070370305615f,-0.07351199565635043f,0.9113599319078243f,-0.006399154674559751f,-0.07328679407381485f,-0.9972903772892995f,0.10541133266902229f,0f,0f,0f,1f],start_interpolation:0}
execute if entity @s[tag=aj.spawner.bone.t21] run data modify entity @s {} merge value {transformation:[-0.99406244638123f,-0.10870799833639025f,0.009016102055065457f,0.1366692182660098f,-0.10877368235574889f,0.9906013806637693f,-0.10846800478592492f,0.7185023386403948f,0.002852844428794618f,-0.10907669652464369f,-0.9940590534980773f,0.1471805478954603f,0f,0f,0f,1f],start_interpolation:0}
execute if entity @s[tag=aj.spawner.bone.t22] run data modify entity @s {} merge value {transformation:[-0.9940570618296984f,-0.10831325884044081f,0.010899347956229266f,0.12597249694641108f,-0.1088561088161816f,0.9881491226872561f,-0.10822041815575294f,0.7861415918417431f,0.0009515250427137207f,-0.10876373150903781f,-0.994067173438658f,0.13644746449064668f,0f,0f,0f,1f],start_interpolation:0}
execute if entity @s[tag=aj.spawner.bone.t23] run data modify entity @s {} merge value {transformation:[-0.9978589232386035f,-0.06526309611002579f,0.0042775693130949165f,0.10631537516803471f,-0.06540312923014306f,0.9957224306869052f,-0.0652630961100258f,0.8471483726901096f,-1.2220247363447802e-16f,-0.06540312923014308f,-0.9978589232386035f,0.1292414597786421f,0f,0f,0f,1f],start_interpolation:0}
execute if entity @s[tag=aj.spawner.bone.t24] run data modify entity @s {} merge value {transformation:[-0.9978589232386035f,-0.06526309611002579f,0.0042775693130949165f,0.09434923669551333f,-0.06540312923014306f,0.9957224306869052f,-0.0652630961100258f,0.8863746005742006f,-1.2220247363447802e-16f,-0.06540312923014308f,-0.9978589232386035f,0.11722953024830571f,0f,0f,0f,1f],start_interpolation:0}
execute if entity @s[tag=aj.spawner.bone.t25] run data modify entity @s {} merge value {transformation:[-0.9978589232386035f,-0.06526309611002579f,0.0042775693130949165f,0.083402834099711f,-0.06540312923014306f,0.9957224306869052f,-0.0652630961100258f,0.9100426654788091f,-1.2220247363447802e-16f,-0.06540312923014308f,-0.9978589232386035f,0.1062395246121902f,0f,0f,0f,1f],start_interpolation:0}
execute if entity @s[tag=aj.spawner.bone.t31] run data modify entity @s {} merge value {transformation:[-0.99406244638123f,0.10870799833639025f,0.009016102055065457f,-0.19666487618015052f,0.10877368235574889f,0.9906013806637693f,0.10846800478592492f,0.7184202672023214f,0.002852844428794618f,0.10907669652464369f,-0.9940590534980773f,-0.21093004080803718f,0f,0f,0f,1f],start_interpolation:0}
execute if entity @s[tag=aj.spawner.bone.t32] run data modify entity @s {} merge value {transformation:[-0.9940732939843142f,0.10847850315421968f,0.007120431208505369f,-0.18596815486055188f,0.10860818698309528f,0.9881310930550622f,0.10863334965862503f,0.7860595204036696f,0.004748463690512816f,0.10876284885579278f,-0.9940563841157863f,-0.20019695740322352f,0f,0f,0f,1f],start_interpolation:0}
execute if entity @s[tag=aj.spawner.bone.t33] run data modify entity @s {} merge value {transformation:[-0.9978589232386035f,0.06526309611002579f,0.0042775693130949165f,-0.17883773923907184f,0.06540312923014306f,0.9957224306869052f,0.0652630961100258f,0.8470680516660376f,-1.2220247363447802e-16f,0.06540312923014308f,-0.9978589232386035f,-0.18051771615073658f,0f,0f,0f,1f],start_interpolation:0}
execute if entity @s[tag=aj.spawner.bone.t34] run data modify entity @s {} merge value {transformation:[-0.9978589232386035f,0.06526309611002579f,0.0042775693130949165f,-0.174387124887928f,0.06540312923014306f,0.9957224306869052f,0.0652630961100258f,0.8863361904761664f,-1.2220247363447802e-16f,0.06540312923014308f,-0.9978589232386035f,-0.16164442189387052f,0f,0f,0f,1f],start_interpolation:0}
execute if entity @s[tag=aj.spawner.bone.t35] run data modify entity @s {} merge value {transformation:[-0.9978589232386035f,0.06526309611002579f,0.0042775693130949165f,-0.15592519817074812f,0.06540312923014306f,0.9957224306869052f,0.0652630961100258f,0.9099623444547374f,-1.2220247363447802e-16f,0.06540312923014308f,-0.9978589232386035f,-0.15751578098428465f,0f,0f,0f,1f],start_interpolation:0}
execute if entity @s[tag=aj.spawner.bone.t41] run data modify entity @s {} merge value {transformation:[-0.9978589232386035f,-0.06526309611002581f,-0.004277569313094672f,0.14336582447653015f,-0.06540312923014306f,0.9957224306869052f,0.0652630961100258f,0.7192439081762478f,-1.2220247363447802e-16f,0.06540312923014305f,-0.9978589232386035f,-0.2142882198766285f,0f,0f,0f,1f],start_interpolation:0}
execute if entity @s[tag=aj.spawner.bone.t42] run data modify entity @s {} merge value {transformation:[-0.9978589232386035f,-0.06526309611002581f,-0.004277569313094672f,0.13266910315693142f,-0.06540312923014306f,0.9957224306869052f,0.0652630961100258f,0.7868831613775957f,-1.2220247363447802e-16f,0.06540312923014305f,-0.9978589232386035f,-0.20355513647181495f,0f,0f,0f,1f],start_interpolation:0}
execute if entity @s[tag=aj.spawner.bone.t43] run data modify entity @s {} merge value {transformation:[-0.9978589232386035f,-0.06526309611002581f,-0.004277569313094672f,0.11927533445700318f,-0.06540312923014306f,0.9957224306869052f,0.0652630961100258f,0.8478908174329631f,-1.2220247363447802e-16f,0.06540312923014305f,-0.9978589232386035f,-0.1901125134895691f,0f,0f,0f,1f],start_interpolation:0}
execute if entity @s[tag=aj.spawner.bone.t44] run data modify entity @s {} merge value {transformation:[-0.9978589232386035f,-0.06526309611002581f,-0.004277569313094672f,0.35386501213423094f,-0.06540312923014306f,0.9957224306869052f,0.0652630961100258f,0.164214399969974f,-1.2220247363447802e-16f,0.06540312923014305f,-0.9978589232386035f,0.275262664097569f,0f,0f,0f,1f],start_interpolation:0}
execute if entity @s[tag=aj.spawner.bone.t45] run data modify entity @s {} merge value {transformation:[-0.9978589232386035f,-0.06526309611002581f,-0.004277569313094672f,0.09636279338867948f,-0.06540312923014306f,0.9957224306869052f,0.0652630961100258f,0.9107851102216626f,-1.2220247363447802e-16f,0.06540312923014305f,-0.9978589232386035f,-0.16711057832311738f,0f,0f,0f,1f],start_interpolation:0}
execute if entity @s[tag=aj.spawner.bone.v11] run data modify entity @s {} merge value {transformation:[-1f,0f,1.469576158976824e-16f,-0.030800627695997784f,0f,1f,0f,0.6526466891732801f,-1.2246467991473532e-16f,0f,-1.2000000000000002f,-0.031250000000000056f,0f,0f,0f,1f],start_interpolation:0}
execute if entity @s[tag=aj.spawner.bone.heart] run data modify entity @s {} merge value {transformation:[-1.1500000000000001f,0f,1.2246467991473532e-16f,-0.03125f,0f,1f,0f,0.37499999999999994f,-1.4083438190194563e-16f,0f,-1f,-0.017116477272727693f,0f,0f,0f,1f],start_interpolation:0}