execute if entity @s[tag=aj.spawner.bone.bones_right] run data modify entity @s {} merge value {transformation:[-1f,6.866649373578749e-18f,1.2227202031944557e-16f,-0.03125f,0f,0.9984268150178166f,-0.056070447237191796f,0.7089465152616541f,-1.2246467991473532e-16f,-0.056070447237191796f,-0.9984268150178166f,-0.12477811445168707f,0f,0f,0f,1f],start_interpolation:0}
execute if entity @s[tag=aj.spawner.bone.bones_left] run data modify entity @s {} merge value {transformation:[-1f,-6.866649373578749e-18f,1.2227202031944557e-16f,-0.031250000000000056f,0f,0.9984268150178166f,0.056070447237191796f,0.7089465152616541f,-1.2246467991473532e-16f,0.056070447237191796f,-0.9984268150178166f,0.06227811445168707f,0f,0f,0f,1f],start_interpolation:0}
execute if entity @s[tag=aj.spawner.bone.t11] run data modify entity @s {} merge value {transformation:[-0.9999625927924448f,0.008639948516251678f,0.00045227380008852906f,-0.19985282377945723f,0.008632327108042095f,1.0001759436964985f,-0.010625196995152408f,0.7216280214783525f,-0.000544007822177057f,-0.010623759596447714f,-0.9999434487195883f,0.14980995627026206f,0f,0f,0f,1f],start_interpolation:0}
execute if entity @s[tag=aj.spawner.bone.t12] run data modify entity @s {} merge value {transformation:[-0.9999688270174063f,0.007873002060231147f,0.0006006929265774449f,-0.18732667592594993f,0.007866697075369218f,0.9999204294402798f,-0.009861534621475841f,0.7902830245102774f,-0.0006782850114969772f,-0.009856501738740038f,-0.9999511934604194f,0.13715955606296465f,0f,0f,0f,1f],start_interpolation:0}
execute if entity @s[tag=aj.spawner.bone.t13] run data modify entity @s {} merge value {transformation:[-0.9999948684876773f,0.0031650650168235624f,0.000495340037044916f,-0.17750912781688982f,0.003162469630317741f,0.9999817096455611f,-0.005155498053327409f,0.8527515571955403f,-0.0005116484636329592f,-0.005153905100001783f,-0.9999865876490893f,0.13347425971272714f,0f,0f,0f,1f],start_interpolation:0}
execute if entity @s[tag=aj.spawner.bone.t14] run data modify entity @s {} merge value {transformation:[-0.9999948684876773f,0.0031650650168235624f,0.000495340037044916f,-0.18047295946346967f,0.003162469630317741f,0.9999817096455611f,-0.005155498053327409f,0.8933693043413033f,-0.0005116484636329592f,-0.005153905100001783f,-0.9999865876490893f,0.1301073332547335f,0f,0f,0f,1f],start_interpolation:0}
execute if entity @s[tag=aj.spawner.bone.t15] run data modify entity @s {} merge value {transformation:[-0.9999948777002986f,0.003164715818269736f,0.00047869296475597836f,-0.17102243250915108f,0.0031622053610821906f,0.9999817013855424f,-0.00515726199936066f,0.9183039827210018f,-0.0004950054739663108f,-0.0051557218568595966f,-0.9999865866608989f,0.12061657458750291f,0f,0f,0f,1f],start_interpolation:0}
execute if entity @s[tag=aj.spawner.bone.t21] run data modify entity @s {} merge value {transformation:[-0.9998785854335426f,-0.015586974675583929f,0.00018454639438428354f,0.13843406540183503f,-0.015582393745501757f,1.0001142295714744f,-0.015581500704804366f,0.7214103671451415f,0.000058280167508009055f,-0.015588049731289657f,-0.9998785840182869f,0.14905363236292818f,0f,0f,0f,1f],start_interpolation:0}
execute if entity @s[tag=aj.spawner.bone.t22] run data modify entity @s {} merge value {transformation:[-0.999878617963208f,-0.01557373540023754f,0.0004561860019877526f,0.13154211143246497f,-0.015578951417441046f,0.9997573853369401f,-0.015571343454502506f,0.7900374865820212f,-0.00021357134178794492f,-0.015576560272680697f,-0.9998786552163985f,0.1421611039240837f,0f,0f,0f,1f],start_interpolation:0}
execute if entity @s[tag=aj.spawner.bone.t23] run data modify entity @s {} merge value {transformation:[-0.9999562892728727f,-0.009349433215451133f,0.00008741954362691132f,0.11533372802268443f,-0.009349841903839277f,0.9999125804563732f,-0.009349433215451135f,0.8523567146019985f,-1.224525506309508e-16f,-0.009349841903839279f,-0.9999562892728727f,0.138451875401116f,0f,0f,0f,1f],start_interpolation:0}
execute if entity @s[tag=aj.spawner.bone.t24] run data modify entity @s {} merge value {transformation:[-0.9999562892728727f,-0.009349433215451133f,0.00008741954362691132f,0.1055801366445951f,-0.009349841903839277f,0.9999125804563732f,-0.009349433215451135f,0.8928028574787948f,-1.224525506309508e-16f,-0.009349841903839279f,-0.9999562892728727f,0.12869744786183943f,0f,0f,0f,1f],start_interpolation:0}
execute if entity @s[tag=aj.spawner.bone.t25] run data modify entity @s {} merge value {transformation:[-0.9999562892728727f,-0.009349433215451133f,0.00008741954362691132f,0.09597263016049712f,-0.009349841903839277f,0.9999125804563732f,-0.009349433215451135f,0.9176253662859608f,-1.224525506309508e-16f,-0.009349841903839279f,-0.9999562892728727f,0.11908911160231023f,0f,0f,0f,1f],start_interpolation:0}
execute if entity @s[tag=aj.spawner.bone.t31] run data modify entity @s {} merge value {transformation:[-0.9998785854335426f,0.015586974675583929f,0.00018454639438428354f,-0.1984297175781404f,0.015582393745501757f,1.0001142295714744f,0.015581500704804366f,0.7213986590052694f,0.000058280167508009055f,0.015588049731289657f,-0.9998785840182869f,-0.21280575154253922f,0f,0f,0f,1f],start_interpolation:0}
execute if entity @s[tag=aj.spawner.bone.t32] run data modify entity @s {} merge value {transformation:[-0.9998786645768484f,0.015577178805901582f,-0.00008731819482254919f,-0.1915377636087704f,0.01557392800593651f,0.999757332609883f,0.015579751578175823f,0.7900257784421492f,0.000329985581628874f,0.015576501315145713f,-0.9998786244921405f,-0.20591322310369473f,0f,0f,0f,1f],start_interpolation:0}
execute if entity @s[tag=aj.spawner.bone.t33] run data modify entity @s {} merge value {transformation:[-0.9999562892728727f,0.009349433215451133f,0.00008741954362691132f,-0.18782992655919623f,0.009349841903839277f,0.9999125804563732f,0.009349433215451135f,0.8523450115707313f,-1.224525506309508e-16f,0.009349841903839279f,-0.9999562892728727f,-0.18970454096481634f,0f,0f,0f,1f],start_interpolation:0}
execute if entity @s[tag=aj.spawner.bone.t34] run data modify entity @s {} merge value {transformation:[-0.9999562892728727f,0.009349433215451133f,0.00008741954362691132f,-0.18557878227305713f,0.009349841903839277f,0.9999125804563732f,0.009349433215451135f,0.8927970110717665f,-1.224525506309508e-16f,0.009349841903839279f,-0.9999562892728727f,-0.1730743270277788f,0f,0f,0f,1f],start_interpolation:0}
execute if entity @s[tag=aj.spawner.bone.t35] run data modify entity @s {} merge value {transformation:[-0.9999562892728727f,0.009349433215451133f,0.00008741954362691132f,-0.16846882869700888f,0.009349841903839277f,0.9999125804563732f,0.009349433215451135f,0.917613663254694f,-1.224525506309508e-16f,0.009349841903839279f,-0.9999562892728727f,-0.17034177716601054f,0f,0f,0f,1f],start_interpolation:0}
execute if entity @s[tag=aj.spawner.bone.t41] run data modify entity @s {} merge value {transformation:[-0.9999562892728727f,-0.009349433215451137f,-0.0000874195436266664f,0.1393954103407295f,-0.009349841903839277f,0.9999125804563732f,0.009349433215451135f,0.7214355594139309f,-1.2246610315810687e-16f,0.009349841903839275f,-0.9999562892728727f,-0.2132864997585357f,0f,0f,0f,1f],start_interpolation:0}
execute if entity @s[tag=aj.spawner.bone.t42] run data modify entity @s {} merge value {transformation:[-0.9999562892728727f,-0.009349433215451137f,-0.0000874195436266664f,0.1325034563713594f,-0.009349841903839277f,0.9999125804563732f,0.009349433215451135f,0.7900626788508103f,-1.2246610315810687e-16f,0.009349841903839275f,-0.9999562892728727f,-0.2063939713196913f,0f,0f,0f,1f],start_interpolation:0}
execute if entity @s[tag=aj.spawner.bone.t43] run data modify entity @s {} merge value {transformation:[-0.9999562892728727f,-0.009349433215451137f,-0.0000874195436266664f,0.12254534614168201f,-0.009349841903839277f,0.9999125804563732f,0.009349433215451135f,0.8523819094250901f,-1.2246610315810687e-16f,0.009349841903839275f,-0.9999562892728727f,-0.19643501598876817f,0f,0f,0f,1f],start_interpolation:0}
execute if entity @s[tag=aj.spawner.bone.t44] run data modify entity @s {} merge value {transformation:[-0.9999562892728727f,-0.009349433215451137f,-0.0000874195436266664f,0.31817769515101757f,-0.009349841903839277f,0.9999125804563732f,0.009349433215451135f,0.18381748294130618f,-1.2246610315810687e-16f,0.009349841903839275f,-0.9999562892728727f,0.3073202899321639f,0f,0f,0f,1f],start_interpolation:0}
execute if entity @s[tag=aj.spawner.bone.t45] run data modify entity @s {} merge value {transformation:[-0.9999562892728727f,-0.009349433215451137f,-0.0000874195436266664f,0.10318424827949466f,-0.009349841903839277f,0.9999125804563732f,0.009349433215451135f,0.9176505611090524f,-1.2246610315810687e-16f,0.009349841903839275f,-0.9999562892728727f,-0.17707225218996253f,0f,0f,0f,1f],start_interpolation:0}
execute if entity @s[tag=aj.spawner.bone.v11] run data modify entity @s {} merge value {transformation:[-1f,0f,1.2596367076944207e-16f,-0.030800627695997784f,0f,1f,0f,0.6526466891732801f,-1.2246467991473532e-16f,0f,-1.0285714285714287f,-0.031250000000000056f,0f,0f,0f,1f],start_interpolation:0}
execute if entity @s[tag=aj.spawner.bone.heart] run data modify entity @s {} merge value {transformation:[-1.0214285714285714f,0f,1.2246467991473532e-16f,-0.03125f,0f,1f,0f,0.37499999999999994f,-1.2508892305576535e-16f,0f,-1f,-0.017116477272727693f,0f,0f,0f,1f],start_interpolation:0}