execute if entity @s[tag=aj.spawner.bone.bones_right] run data modify entity @s {} merge value {transformation:[-1f,1.842658723207593e-17f,1.210704700147698e-16f,-0.03125f,0f,0.9886154122075342f,-0.1504645032747829f,0.7138572295473684f,-1.2246467991473532e-16f,-0.1504645032747829f,-0.9886154122075342f,-0.12515586170443432f,0f,0f,0f,1f],start_interpolation:0}
execute if entity @s[tag=aj.spawner.bone.bones_left] run data modify entity @s {} merge value {transformation:[-1f,-1.842658723207593e-17f,1.210704700147698e-16f,-0.031250000000000056f,0f,0.9886154122075342f,0.1504645032747829f,0.7138572295473684f,-1.2246467991473532e-16f,0.1504645032747829f,-0.9886154122075342f,0.0626558617044343f,0f,0f,0f,1f],start_interpolation:0}
execute if entity @s[tag=aj.spawner.bone.t11] run data modify entity @s {} merge value {transformation:[-0.999920256926081f,0.012545096232414886f,0.001472947032474458f,-0.19951342933607458f,0.012511782538577768f,0.999957564726181f,-0.01918692465166614f,0.7210423634705164f,-0.0017132094406290307f,-0.019171182133377703f,-0.9998148290305814f,0.14936827759192672f,0f,0f,0f,1f],start_interpolation:0}
execute if entity @s[tag=aj.spawner.bone.t12] run data modify entity @s {} merge value {transformation:[-0.9996656894330052f,0.025756003714336617f,0.0022666369584320844f,-0.18634853048289396f,0.025669157655151827f,0.9991455644504238f,-0.03239190306726518f,0.7888959461285048f,-0.00309898623895173f,-0.03232289145035174f,-0.999472674450172f,0.1357916376282693f,0f,0f,0f,1f],start_interpolation:0}
execute if entity @s[tag=aj.spawner.bone.t13] run data modify entity @s {} merge value {transformation:[-0.9968404620553777f,0.07942979576690248f,0.00002745267380802074f,-0.17306963950571616f,0.07913382859465609f,0.9931557771754611f,-0.08590366368763064f,0.8480613145313648f,-0.006850575243928528f,-0.08563007536744391f,-0.9963034476560809f,0.12777127701226704f,0f,0f,0f,1f],start_interpolation:0}
execute if entity @s[tag=aj.spawner.bone.t14] run data modify entity @s {} merge value {transformation:[-0.986262886780579f,0.16515688780619656f,-0.0029530610237952226f,-0.17378210377075676f,0.16318362582180337f,0.9713944564072869f,-0.1725222140039978f,0.8873458358334895f,-0.02562464483438779f,-0.17063414802249566f,-0.9850012005605621f,0.1226077054257652f,0f,0f,0f,1f],start_interpolation:0}
execute if entity @s[tag=aj.spawner.bone.t15] run data modify entity @s {} merge value {transformation:[-0.9682297704754713f,0.25000021020959823f,-0.005568344473272152f,-0.1605070576275208f,0.2449660173716683f,0.9437896474580284f,-0.2219296097507363f,0.9057604321342385f,-0.050227103222063786f,-0.2162429102796373f,-0.9750467895725378f,0.10925076602216667f,0f,0f,0f,1f],start_interpolation:0}
execute if entity @s[tag=aj.spawner.bone.t21] run data modify entity @s {} merge value {transformation:[-0.9997062090049132f,-0.024238576671158033f,0.0005874956770249181f,0.13794125890003017f,-0.024238310110748142f,0.99971720325722f,-0.024231189113501483f,0.7206582471036679f,-1.224287008945602e-16f,-0.024245699839440447f,-0.9997062090049132f,0.14854824984700854f,0f,0f,0f,1f],start_interpolation:0}
execute if entity @s[tag=aj.spawner.bone.t22] run data modify entity @s {} merge value {transformation:[-0.9991847499786193f,-0.04028468268953856f,0.002641921794312029f,0.13004489536906275f,-0.04035843135360775f,0.9983741627296523f,-0.04025205848825761f,0.788486558687941f,-0.001016085055593287f,-0.04032586681609178f,-0.9991860647730686f,0.14064772902044642f,0f,0f,0f,1f],start_interpolation:0}
execute if entity @s[tag=aj.spawner.bone.t23] run data modify entity @s {} merge value {transformation:[-0.9958334570069527f,-0.09060662739880182f,0.010303639017186565f,0.11599126513570426f,-0.09116809819842055f,0.9917221214231806f,-0.09041908952643503f,0.8474555663920511f,-0.0020257779900423115f,-0.09098171767625089f,-0.9958505024712364f,0.13247741380011602f,0f,0f,0f,1f],start_interpolation:0}
execute if entity @s[tag=aj.spawner.bone.t24] run data modify entity @s {} merge value {transformation:[-0.9849548869928266f,-0.16669673176856528f,0.04556391342528889f,0.10509830433451164f,-0.17203052543833486f,0.9708485263177477f,-0.1669090688490834f,0.8851561736028111f,-0.016412461922534507f,-0.17223628701390611f,-0.9849189268814489f,0.12097718194823504f,0f,0f,0f,1f],start_interpolation:0}
execute if entity @s[tag=aj.spawner.bone.t25] run data modify entity @s {} merge value {transformation:[-0.9673012640451726f,-0.23757560343230874f,0.08880370054443473f,0.09644597110731405f,-0.2509836924457396f,0.9470655196456306f,-0.20018513337571828f,0.9048239773545503f,-0.03654381894265656f,-0.2159276132228717f,-0.9757252764712823f,0.10751079893487728f,0f,0f,0f,1f],start_interpolation:0}
execute if entity @s[tag=aj.spawner.bone.t31] run data modify entity @s {} merge value {transformation:[-0.9997062090049132f,0.024238576671158033f,0.0005874956770249181f,-0.19793691118202217f,0.024238310110748142f,0.99971720325722f,0.024231189113501483f,0.720627887607324f,-1.224287008945602e-16f,0.024245699839440447f,-0.9997062090049132f,-0.21230005588263187f,0f,0f,0f,1f],start_interpolation:0}
execute if entity @s[tag=aj.spawner.bone.t32] run data modify entity @s {} merge value {transformation:[-0.9993210773208747f,0.03677527613599033f,0.0022278885448149856f,-0.19003800856516614f,0.036832343639430574f,0.99864554356506f,0.036748561600052757f,0.7885609234861743f,-0.0008734324663967414f,0.03680567052463022f,-0.999322060065202f,-0.2043969952240013f,0f,0f,0f,1f],start_interpolation:0}
execute if entity @s[tag=aj.spawner.bone.t33] run data modify entity @s {} merge value {transformation:[-0.9959098685261415f,0.0903102937846503f,0.0027540168433802157f,-0.1826180093414023f,0.09018934083671841f,0.9918222785133803f,0.09030199689909926f,0.8475687921599016f,0.005423704608632641f,0.09018103282318768f,-0.9959106208627667f,-0.19082579578218709f,0f,0f,0f,1f],start_interpolation:0}
execute if entity @s[tag=aj.spawner.bone.t34] run data modify entity @s {} merge value {transformation:[-0.984432860342481f,0.17563418370014566f,0.0066766004751466195f,-0.17791297846496418f,0.17403242129509292f,0.9687328329904458f,0.17683159962086137f,0.8864574037691495f,0.02458983155876683f,0.17524078236041066f,-0.9842184759399829f,-0.174883762556173f,0f,0f,0f,1f],start_interpolation:0}
execute if entity @s[tag=aj.spawner.bone.t35] run data modify entity @s {} merge value {transformation:[-0.9655366659459217f,0.2600816497993809f,0.00982253285390135f,-0.15695319174520528f,0.2554995304632417f,0.9399843366797982f,0.22616241228308176f,0.9047028133645783f,0.04958766628000169f,0.22087775405022528f,-0.9740400818850482f,-0.17052808983955817f,0f,0f,0f,1f],start_interpolation:0}
execute if entity @s[tag=aj.spawner.bone.t41] run data modify entity @s {} merge value {transformation:[-0.9997062090049132f,-0.024231189113501486f,-0.0005874956770246732f,0.14009442941957634f,-0.024238310110748142f,0.9994125043229752f,0.024231189113501483f,0.7207669376990312f,-1.224287008945602e-16f,0.02423831011074814f,-0.9997062090049132f,-0.2133773255044043f,0f,0f,0f,1f],start_interpolation:0}
execute if entity @s[tag=aj.spawner.bone.t42] run data modify entity @s {} merge value {transformation:[-0.9997062090049132f,-0.024231189113501486f,-0.0005874956770246732f,0.13218404320972377f,-0.024238310110748142f,0.9994125043229752f,0.024231189113501483f,0.7891736130010835f,-1.224287008945602e-16f,0.02423831011074814f,-0.9997062090049132f,-0.2054627778780097f,0f,0f,0f,1f],start_interpolation:0}
execute if entity @s[tag=aj.spawner.bone.t43] run data modify entity @s {} merge value {transformation:[-0.9997062090049132f,-0.024231189113501486f,-0.0005874956770246732f,0.121302855952681f,-0.024238310110748142f,0.9994125043229752f,0.024231189113501483f,0.851182492966042f,-1.224287008945602e-16f,0.02423831011074814f,-0.9997062090049132f,-0.19457563778666687f,0f,0f,0f,1f],start_interpolation:0}
execute if entity @s[tag=aj.spawner.bone.t44] run data modify entity @s {} merge value {transformation:[-0.9997062090049132f,-0.024231189113501486f,-0.0005874956770246732f,0.3270485546961582f,-0.024238310110748142f,0.9994125043229752f,0.024231189113501483f,0.17818068927517183f,-1.224287008945602e-16f,0.02423831011074814f,-0.9997062090049132f,0.2991419902755557f,0f,0f,0f,1f],start_interpolation:0}
execute if entity @s[tag=aj.spawner.bone.t45] run data modify entity @s {} merge value {transformation:[-0.9997062090049132f,-0.024231189113501486f,-0.0005874956770246732f,0.10097920829220955f,-0.024238310110748142f,0.9994125043229752f,0.024231189113501483f,0.915860135451782f,-1.224287008945602e-16f,0.02423831011074814f,-0.9997062090049132f,-0.17424050726680707f,0f,0f,0f,1f],start_interpolation:0}
execute if entity @s[tag=aj.spawner.bone.heart] run data modify entity @s {} merge value {transformation:[-1.0555555555555556f,0f,1.2246467991473532e-16f,-0.03125f,0f,1f,0f,0.37499999999999994f,-1.2926827324333174e-16f,0f,-1f,-0.017116477272727693f,0f,0f,0f,1f],start_interpolation:0}