execute if entity @s[tag=aj.spawner.bone.bones_right] run data modify entity @s {} merge value {transformation:[-1f,3.058879644897929e-17f,1.185829808970136e-16f,-0.03125f,0f,0.9683035221222615f,-0.24977647816722665f,0.7191027652616541f,-1.2246467991473532e-16f,-0.24977647816722665f,-0.9683035221222615f,-0.12555936445168703f,0f,0f,0f,1f],start_interpolation:0}
execute if entity @s[tag=aj.spawner.bone.bones_left] run data modify entity @s {} merge value {transformation:[-1f,-3.058879644897929e-17f,1.185829808970136e-16f,-0.031250000000000056f,0f,0.9683035221222615f,0.24977647816722665f,0.7191027652616542f,-1.2246467991473532e-16f,0.24977647816722665f,-0.9683035221222615f,0.06305936445168706f,0f,0f,0f,1f],start_interpolation:0}
execute if entity @s[tag=aj.spawner.bone.t11] run data modify entity @s {} merge value {transformation:[-0.9979113150840271f,0.06463909870710896f,0.0021825768808829147f,-0.1976778105812395f,0.0640343822358681f,0.9942707663692422f,-0.09840754878859027f,0.7173973657985091f,-0.008520863743669014f,-0.0981794477867761f,-0.9951438040301414f,0.14687019181232236f,0f,0f,0f,1f],start_interpolation:0}
execute if entity @s[tag=aj.spawner.bone.t12] run data modify entity @s {} merge value {transformation:[-0.9912400514343397f,0.13207008072823403f,-0.0008088318027106036f,-0.18093579982303049f,0.13037915423567367f,0.977534707196188f,-0.16561151037187444f,0.7811540994139301f,-0.02108166438490456f,-0.16426621686549187f,-0.9861907388651859f,0.1280771690143817f,0f,0f,0f,1f],start_interpolation:0}
execute if entity @s[tag=aj.spawner.bone.t13] run data modify entity @s {} merge value {transformation:[-0.9735677165096278f,0.22666402190504162f,-0.02809488466001745f,-0.15941741527114184f,0.22612066531625138f,0.9392087535031887f,-0.2583725257451388f,0.8338772508666809f,-0.03217679423380623f,-0.2578959839098264f,-0.9656367409103788f,0.10998387846002668f,0f,0f,0f,1f],start_interpolation:0}
execute if entity @s[tag=aj.spawner.bone.t14] run data modify entity @s {} merge value {transformation:[-0.9246671860134893f,0.3713923773898928f,-0.08401367225980973f,-0.15642411336037937f,0.37248166658965765f,0.8364318003478501f,-0.40204384266077886f,0.8712933046855618f,-0.0790443113986478f,-0.4030503013068437f,-0.9117578908087256f,0.1006724289370673f,0f,0f,0f,1f],start_interpolation:0}
execute if entity @s[tag=aj.spawner.bone.t15] run data modify entity @s {} merge value {transformation:[-0.8518447685740138f,0.5046493550642258f,-0.14031934537456242f,-0.13806349509491317f,0.5057402738236321f,0.7226938791991945f,-0.47110543660715465f,0.8803886065560611f,-0.13633512271561707f,-0.4722738457730654f,-0.8708445032913948f,0.08214567720694595f,0f,0f,0f,1f],start_interpolation:0}
execute if entity @s[tag=aj.spawner.bone.t21] run data modify entity @s {} merge value {transformation:[-0.9961946980917455f,-0.08691938356511172f,0.007596123493896106f,0.13605262242850583f,-0.08715574274765825f,0.9934931002730009f,-0.08682408883346526f,0.7173191621832792f,-1.2199866483456202e-16f,-0.08725140148969837f,-0.9961946980917455f,0.14647544938412435f,0f,0f,0f,1f],start_interpolation:0}
execute if entity @s[tag=aj.spawner.bone.t22] run data modify entity @s {} merge value {transformation:[-0.9894415424318858f,-0.14341048609102977f,0.020949142921503693f,0.12408560874837157f,-0.14493251566478169f,0.979047171579267f,-0.14304265701431668f,0.7823920466696371f,0.0000036178498675895274f,-0.14456855917443526f,-0.9894947860828469f,0.13443884967120703f,0f,0f,0f,1f],start_interpolation:0}
execute if entity @s[tag=aj.spawner.bone.t23] run data modify entity @s {} merge value {transformation:[-0.9735591479124515f,-0.22377639315822603f,0.04589892570721503f,0.11094308405434714f,-0.22834665212281108f,0.9477451197425415f,-0.222793614065798f,0.836570664814316f,0.006355468533891557f,-0.22738362709151005f,-0.9737845214165318f,0.1181892450530512f,0f,0f,0f,1f],start_interpolation:0}
execute if entity @s[tag=aj.spawner.bone.t24] run data modify entity @s {} merge value {transformation:[-0.9330104374845684f,-0.3330350564240969f,0.1363054464702458f,0.09751120866779237f,-0.3597288543457506f,0.8729977541673647f,-0.3293479506082146f,0.8710067061488531f,-0.009309935335337118f,-0.35631807758144385f,-0.9343183358431515f,0.1036581130411551f,0f,0f,0f,1f],start_interpolation:0}
execute if entity @s[tag=aj.spawner.bone.t25] run data modify entity @s {} merge value {transformation:[-0.8746299265525836f,-0.4254200811762979f,0.2324655804857447f,0.09003445672243596f,-0.48347338331816636f,0.800762198990365f,-0.35360060561458384f,0.8847556641536127f,-0.03572085107479219f,-0.4216605924200971f,-0.906049869266822f,0.08582184844430846f,0f,0f,0f,1f],start_interpolation:0}
execute if entity @s[tag=aj.spawner.bone.t31] run data modify entity @s {} merge value {transformation:[-0.9961946980917455f,0.08691938356511172f,0.007596123493896106f,-0.196048292734301f,0.08715574274765825f,0.9934931002730009f,0.08682408883346526f,0.7172096127474591f,-1.2199866483456202e-16f,0.08725140148969837f,-0.9961946980917455f,-0.21022285839738689f,0f,0f,0f,1f],start_interpolation:0}
execute if entity @s[tag=aj.spawner.bone.t32] run data modify entity @s {} merge value {transformation:[-0.9884798019909533f,0.14955687792005917f,0.023246963731429898f,-0.18411142630723398f,0.15135225848505904f,0.9771711485333866f,0.14909406535947112f,0.7819379125544745f,-0.0004182193177835929f,0.1508949526682284f,-0.9885497146587294f,-0.19821652109514581f,0f,0f,0f,1f],start_interpolation:0}
execute if entity @s[tag=aj.spawner.bone.t33] run data modify entity @s {} merge value {transformation:[-0.9690757978240094f,0.2434059999703406f,0.04056620823047223f,-0.16810951908831273f,0.24585297297002515f,0.9382580088090436f,0.24336849547032324f,0.8356064331807027f,0.021175782241975437f,0.24581584180871505f,-0.9690852171828406f,-0.18707737663890645f,0f,0f,0f,1f],start_interpolation:0}
execute if entity @s[tag=aj.spawner.bone.t34] run data modify entity @s {} merge value {transformation:[-0.917620009377768f,0.38494938135392465f,0.09893175518899772f,-0.1595258971980875f,0.3918956291499782f,0.8347994830670611f,0.3866880382480304f,0.8719215380678927f,0.06626714300984972f,0.39360360372613223f,-0.9168886894771437f,-0.16988467986331687f,0f,0f,0f,1f],start_interpolation:0}
execute if entity @s[tag=aj.spawner.bone.t35] run data modify entity @s {} merge value {transformation:[-0.8425883234260438f,0.5153809262115808f,0.15629273215150383f,-0.13354955902840698f,0.5245201653535811f,0.7194814835772498f,0.4552197171992131f,0.8814733555554958f,0.12216183267919861f,0.46554150801703253f,-0.8765543856200178f,-0.16514072109183933f,0f,0f,0f,1f],start_interpolation:0}
execute if entity @s[tag=aj.spawner.bone.t41] run data modify entity @s {} merge value {transformation:[-0.9961946980917455f,-0.08682408883346528f,-0.0075961234938958615f,0.1437427398359155f,-0.08715574274765825f,0.9924038765061041f,0.08682408883346526f,0.7184409069772367f,-1.2199866483456202e-16f,0.08715574274765824f,-0.9961946980917455f,-0.21408740679515642f,0f,0f,0f,1f],start_interpolation:0}
execute if entity @s[tag=aj.spawner.bone.t42] run data modify entity @s {} merge value {transformation:[-0.9961946980917455f,-0.08682408883346528f,-0.0075961234938958615f,0.13159484263737822f,-0.08715574274765825f,0.9924038765061041f,0.08682408883346526f,0.7855812995396485f,-1.2199866483456202e-16f,0.08715574274765824f,-0.9961946980917455f,-0.20186923261818163f,0f,0f,0f,1f],start_interpolation:0}
execute if entity @s[tag=aj.spawner.bone.t43] run data modify entity @s {} merge value {transformation:[-0.9961946980917455f,-0.08682408883346528f,-0.0075961234938958615f,0.11690022544843182f,-0.08715574274765825f,0.9924038765061041f,0.08682408883346526f,0.8459754809002069f,-1.2199866483456202e-16f,0.08715574274765824f,-0.9961946980917455f,-0.18708267340184284f,0f,0f,0f,1f],start_interpolation:0}
execute if entity @s[tag=aj.spawner.bone.t44] run data modify entity @s {} merge value {transformation:[-0.9961946980917455f,-0.08682408883346528f,-0.0075961234938958615f,0.36721874612722616f,-0.08715574274765825f,0.9924038765061041f,0.08682408883346526f,0.15763120023558697f,-1.2199866483456202e-16f,0.08715574274765824f,-0.9961946980917455f,0.2629646641788614f,0f,0f,0f,1f],start_interpolation:0}
execute if entity @s[tag=aj.spawner.bone.t45] run data modify entity @s {} merge value {transformation:[-0.9961946980917455f,-0.08682408883346528f,-0.0075961234938958615f,0.092666171345026f,-0.08715574274765825f,0.9924038765061041f,0.08682408883346526f,0.9078398634537734f,-1.2199866483456202e-16f,0.08715574274765824f,-0.9961946980917455f,-0.16268442719480777f,0f,0f,0f,1f],start_interpolation:0}
execute if entity @s[tag=aj.spawner.bone.v61] run data modify entity @s {} merge value {transformation:[-1f,0f,1.3121215705150215e-16f,-0.09963345872519982f,0f,1f,0f,0.38940718852138173f,-1.2246467991473532e-16f,0f,-1.0714285714285716f,-0.03125f,0f,0f,0f,1f],start_interpolation:0}
execute if entity @s[tag=aj.spawner.bone.v62] run data modify entity @s {} merge value {transformation:[-1f,0f,1.3121215705150215e-16f,0.03806003325170601f,0f,1f,0f,0.38940718852138173f,-1.2246467991473532e-16f,0f,-1.0714285714285716f,-0.03125f,0f,0f,0f,1f],start_interpolation:0}
execute if entity @s[tag=aj.spawner.bone.heart] run data modify entity @s {} merge value {transformation:[-1.2000000000000004f,0f,1.2246467991473532e-16f,-0.03125f,0f,1f,0f,0.37499999999999994f,-1.4695761589768243e-16f,0f,-1f,-0.017116477272727693f,0f,0f,0f,1f],start_interpolation:0}