execute if entity @s[tag=aj.spawner.bone.bones_right] run data modify entity @s {} merge value {transformation:[-1f,2.389167384016782e-17f,1.2011155542966555e-16f,-0.03125f,0f,0.9807852804032304f,-0.19509032201612853f,0.7162009795473684f,-1.2246467991473532e-16f,-0.19509032201612853f,-0.9807852804032304f,-0.12533615016597277f,0f,0f,0f,1f],start_interpolation:0}
execute if entity @s[tag=aj.spawner.bone.bones_left] run data modify entity @s {} merge value {transformation:[-1f,-2.389167384016782e-17f,1.2011155542966555e-16f,-0.031250000000000056f,0f,0.9807852804032304f,0.19509032201612853f,0.7162009795473684f,-1.2246467991473532e-16f,0.19509032201612853f,-0.9807852804032304f,0.06283615016597277f,0f,0f,0f,1f],start_interpolation:0}
execute if entity @s[tag=aj.spawner.bone.t11] run data modify entity @s {} merge value {transformation:[-0.9951850607757906f,0.09823861535988443f,-0.0008997818566635002f,-0.19750182775223957f,0.09724010858557663f,0.9884412262127202f,-0.1344541118530767f,0.7169947542786718f,-0.012290487823964616f,-0.1342070594508429f,-0.9909194125651243f,0.14661777637193843f,0f,0f,0f,1f],start_interpolation:0}
execute if entity @s[tag=aj.spawner.bone.t12] run data modify entity @s {} merge value {transformation:[-0.9891860804876764f,0.14661208063052056f,-0.003974416009636314f,-0.18033932580370654f,0.14486115207745162f,0.9724168608667455f,-0.18281327993572632f,0.7811557333926145f,-0.022937846198397553f,-0.18141209032270855f,-0.9831396181095156f,0.12720398045146292f,0f,0f,0f,1f],start_interpolation:0}
execute if entity @s[tag=aj.spawner.bone.t13] run data modify entity @s {} merge value {transformation:[-0.9937544288982164f,0.11153892468204658f,-0.003347136978460046f,-0.16320111206764687f,0.11080614047265867f,0.9827903939025429f,-0.1478006795872003f,0.840328236526824f,-0.013195994798925522f,-0.147248463264163f,-0.9890115043757627f,0.11432507111776749f,0f,0f,0f,1f],start_interpolation:0}
execute if entity @s[tag=aj.spawner.bone.t14] run data modify entity @s {} merge value {transformation:[-0.9951399812877978f,0.0983818764675886f,-0.004174209534459623f,-0.16360309046812951f,0.09804805118575576f,0.9860592742681538f,-0.134438414482013f,0.880716889620054f,-0.009110285461875414f,-0.1341943143820864f,-0.9909131590035148f,0.106898187080602f,0f,0f,0f,1f],start_interpolation:0}
execute if entity @s[tag=aj.spawner.bone.t15] run data modify entity @s {} merge value {transformation:[-0.996332718121606f,0.08537174820584453f,-0.005725330443769749f,-0.1512876325221692f,0.08540654746080854f,0.988224845037212f,-0.12695423309997675f,0.9027915529483664f,-0.005180391031296116f,-0.12697763684781843f,-0.9918920522361827f,0.09385749190677432f,0f,0f,0f,1f],start_interpolation:0}
execute if entity @s[tag=aj.spawner.bone.t21] run data modify entity @s {} merge value {transformation:[-0.9928199631836923f,-0.11924052544295374f,0.012206101261187405f,0.13575961031455716f,-0.11959911648953112f,0.9876990952236515f,-0.1190754627102375f,0.7167173522266627f,0.0021382326477056893f,-0.11992845319925467f,-0.9928101758505221f,0.1461279704576674f,0f,0f,0f,1f],start_interpolation:0}
execute if entity @s[tag=aj.spawner.bone.t22] run data modify entity @s {} merge value {transformation:[-0.9866476172390566f,-0.16096351243785026f,0.024844054825295295f,0.12304593626636653f,-0.16286099710637333f,0.9734900416755115f,-0.16060334485971567f,0.7820370933568482f,0.0016658385306217872f,-0.16250503506747394f,-0.9867063081584657f,0.13332253930007382f,0f,0f,0f,1f],start_interpolation:0}
execute if entity @s[tag=aj.spawner.bone.t23] run data modify entity @s {} merge value {transformation:[-0.9899826711636607f,-0.14030853147791789f,0.01574251536995802f,0.10472201493277508f,-0.14112416994751892f,0.979982030202438f,-0.1404250303077465f,0.8405542733587139f,0.004275447612477475f,-0.14123999601677226f,-0.9899661529935734f,0.12112971526953999f,0f,0f,0f,1f],start_interpolation:0}
execute if entity @s[tag=aj.spawner.bone.t24] run data modify entity @s {} merge value {transformation:[-0.9899826711636607f,-0.14030853147791789f,0.01574251536995802f,0.09151945495238058f,-0.14112416994751892f,0.979982030202438f,-0.1404250303077465f,0.8789555777918638f,0.004275447612477475f,-0.14123999601677226f,-0.9899661529935734f,0.10781791213109984f,0f,0f,0f,1f],start_interpolation:0}
execute if entity @s[tag=aj.spawner.bone.t25] run data modify entity @s {} merge value {transformation:[-0.9899701331217897f,-0.14028989782945275f,0.01666973586556858f,0.08156344006192233f,-0.1412375359789969f,0.9799994997372188f,-0.14018894016784086f,0.9003352461892389f,0.003330759283956875f,-0.14113725617923364f,-0.9899844347063188f,0.0946358024566486f,0f,0f,0f,1f],start_interpolation:0}
execute if entity @s[tag=aj.spawner.bone.t31] run data modify entity @s {} merge value {transformation:[-0.9928199631836923f,0.11924052544295374f,0.012206101261187405f,-0.19575529152244786f,0.11959911648953112f,0.9876990952236515f,0.1190754627102375f,0.716594026720317f,0.0021382326477056893f,0.11992845319925467f,-0.9928101758505221f,-0.20987411481106547f,0f,0f,0f,1f],start_interpolation:0}
execute if entity @s[tag=aj.spawner.bone.t32] run data modify entity @s {} merge value {transformation:[-0.9853121817197492f,0.16889004395966353f,0.025220182512640764f,-0.18306066926351666f,0.17071579406773654f,0.9707770168612022f,0.16866564911056203f,0.7817203317879631f,0.004002775348451549f,0.17049380219048427f,-0.9853506184116099f,-0.19708782762619245f,0f,0f,0f,1f],start_interpolation:0}
execute if entity @s[tag=aj.spawner.bone.t33] run data modify entity @s {} merge value {transformation:[-0.9907272185190565f,0.13499461976974758f,0.015363304290253649f,-0.1710776573377724f,0.13582943091225969f,0.9814832536633209f,0.13505920359795048f,0.8406178539827679f,0.0031534399542924377f,0.13589361799467348f,-0.9907184163044374f,-0.17844243909158822f,0f,0f,0f,1f],start_interpolation:0}
execute if entity @s[tag=aj.spawner.bone.t34] run data modify entity @s {} merge value {transformation:[-0.9923990402245938f,0.12203398673272135f,0.015869815481695457f,-0.16568158996746696f,0.12305905151622853f,0.9849142062093145f,0.12165720795334042f,0.8792868712722113f,-0.0007840926165245052f,0.12268542085021387f,-0.992445299605764f,-0.15807414324509902f,0f,0f,0f,1f],start_interpolation:0}
execute if entity @s[tag=aj.spawner.bone.t35] run data modify entity @s {} merge value {transformation:[-0.9938764854366224f,0.10914347714576869f,0.01724044931776738f,-0.14536227387219008f,0.1104023801094768f,0.9873129608076042f,0.11412463313187282f,0.9014505878843918f,-0.004565759773580555f,0.115329175917688f,-0.9933168351638045f,-0.15515713070287246f,0f,0f,0f,1f],start_interpolation:0}
execute if entity @s[tag=aj.spawner.bone.t41] run data modify entity @s {} merge value {transformation:[-0.9951847266721969f,-0.09754516100806411f,-0.009607359798384646f,0.1457466196437796f,-0.09801714032956058f,0.9903926402016152f,0.0975451610080641f,0.7183215073371909f,-1.2187497900794394e-16f,0.09801714032956056f,-0.9951847266721969f,-0.21489788386397785f,0f,0f,0f,1f],start_interpolation:0}
execute if entity @s[tag=aj.spawner.bone.t42] run data modify entity @s {} merge value {transformation:[-0.9951847266721969f,-0.09754516100806411f,-0.009607359798384646f,0.1328805312815139f,-0.09801714032956058f,0.9903926402016152f,0.0975451610080641f,0.785188736967691f,-1.2187497900794394e-16f,0.09801714032956056f,-0.9951847266721969f,-0.20193930092461942f,0f,0f,0f,1f],start_interpolation:0}
execute if entity @s[tag=aj.spawner.bone.t43] run data modify entity @s {} merge value {transformation:[-0.9951847266721969f,-0.09754516100806411f,-0.009607359798384646f,0.11754417090406791f,-0.09801714032956058f,0.9903926402016152f,0.0975451610080641f,0.8452548804052515f,-1.2187497900794394e-16f,0.09801714032956056f,-0.9951847266721969f,-0.18648337284147004f,0f,0f,0f,1f],start_interpolation:0}
execute if entity @s[tag=aj.spawner.bone.t44] run data modify entity @s {} merge value {transformation:[-0.9951847266721969f,-0.09754516100806411f,-0.009607359798384646f,0.37583337680850826f,-0.09801714032956058f,0.9903926402016152f,0.0975451610080641f,0.15483842399876113f,-1.2187497900794394e-16f,0.09801714032956056f,-0.9951847266721969f,0.25581926045201553f,0f,0f,0f,1f],start_interpolation:0}
execute if entity @s[tag=aj.spawner.bone.t45] run data modify entity @s {} merge value {transformation:[-0.9951847266721969f,-0.09754516100806411f,-0.009607359798384646f,0.09266319408402976f,-0.09801714032956058f,0.9903926402016152f,0.0975451610080641f,0.9065826042684015f,-1.2187497900794394e-16f,0.09801714032956056f,-0.9951847266721969f,-0.16139128438223915f,0f,0f,0f,1f],start_interpolation:0}
execute if entity @s[tag=aj.spawner.bone.v51] run data modify entity @s {} merge value {transformation:[-1f,0f,1.347111479062089e-16f,-0.17228970872519955f,0f,1f,0f,0.40503218852138173f,-1.2246467991473532e-16f,0f,-1.1000000000000003f,-0.031250000000000056f,0f,0f,0f,1f],start_interpolation:0}
execute if entity @s[tag=aj.spawner.bone.v52] run data modify entity @s {} merge value {transformation:[-1f,0f,1.347111479062089e-16f,0.11071628623193841f,0f,1f,0f,0.4050321885213818f,-1.2246467991473532e-16f,0f,-1.1000000000000003f,-0.03125f,0f,0f,0f,1f],start_interpolation:0}
execute if entity @s[tag=aj.spawner.bone.v61] run data modify entity @s {} merge value {transformation:[-1f,0f,1.3471114790620883e-16f,-0.09963345872519982f,0f,1f,0f,0.38940718852138173f,-1.2246467991473532e-16f,0f,-1.0999999999999999f,-0.03125f,0f,0f,0f,1f],start_interpolation:0}
execute if entity @s[tag=aj.spawner.bone.v62] run data modify entity @s {} merge value {transformation:[-1f,0f,1.3471114790620883e-16f,0.03806003325170601f,0f,1f,0f,0.38940718852138173f,-1.2246467991473532e-16f,0f,-1.0999999999999999f,-0.03125f,0f,0f,0f,1f],start_interpolation:0}
execute if entity @s[tag=aj.spawner.bone.heart] run data modify entity @s {} merge value {transformation:[-1.225f,0f,1.2246467991473532e-16f,-0.03125f,0f,1f,0f,0.37499999999999994f,-1.5001923289555077e-16f,0f,-1f,-0.017116477272727693f,0f,0f,0f,1f],start_interpolation:0}