execute if entity @s[tag=aj.spawner.bone.bones_right] run data modify entity @s {} merge value {transformation:[-1f,4.342657398786501e-17f,1.145064648755478e-16f,-0.03125f,0f,0.9350162426854148f,-0.35460488704253573f,0.7247947295473685f,-1.2246467991473532e-16f,-0.35460488704253573f,-0.9350162426854148f,-0.12599720785828045f,0f,0f,0f,1f],start_interpolation:0}
execute if entity @s[tag=aj.spawner.bone.bones_left] run data modify entity @s {} merge value {transformation:[-1f,-4.342657398786501e-17f,1.145064648755478e-16f,-0.031250000000000056f,0f,0.9350162426854148f,0.35460488704253573f,0.7247947295473685f,-1.2246467991473532e-16f,0.35460488704253573f,-0.9350162426854148f,0.06349720785828045f,0f,0f,0f,1f],start_interpolation:0}
execute if entity @s[tag=aj.spawner.bone.t11] run data modify entity @s {} merge value {transformation:[-0.9989651273084901f,0.04541678445713305f,0.003019568168759917f,-0.19821746031120982f,0.04505494836328583f,0.9972271910189157f,-0.07082301656094361f,0.7185659915545771f,-0.006223025752312078f,-0.07066727454517897f,-0.9974843269612222f,0.14762774467550493f,0f,0f,0f,1f],start_interpolation:0}
execute if entity @s[tag=aj.spawner.bone.t12] run data modify entity @s {} merge value {transformation:[-0.9948895441308065f,0.10094278902936883f,0.0023126439778898447f,-0.18255951153282668f,0.0998455221864578f,0.9869663724881913f,-0.12620717601156617f,0.7834925151973273f,-0.015022206179842545f,-0.12533129266257972f,-0.9920012098788071f,0.13042438862636047f,0f,0f,0f,1f],start_interpolation:0}
execute if entity @s[tag=aj.spawner.bone.t13] run data modify entity @s {} merge value {transformation:[-0.9743106330565506f,0.22350541125970821f,-0.027642746798610843f,-0.1621193138505712f,0.22331293955265685f,0.9429143763343166f,-0.24707045539768246f,0.8363290124597976f,-0.02915684038600283f,-0.24689635485299383f,-0.9686031533187417f,0.11347838971278573f,0f,0f,0f,1f],start_interpolation:0}
execute if entity @s[tag=aj.spawner.bone.t14] run data modify entity @s {} merge value {transformation:[-0.905487979303432f,0.4089578605090524f,-0.1133357298685901f,-0.1587012366123145f,0.4156346524148623f,0.8007190313441854f,-0.43138946273084366f,0.8731678142199829f,-0.08567003588749171f,-0.437724229591061f,-0.8950185158866536f,0.10444894900744295f,0f,0f,0f,1f],start_interpolation:0}
execute if entity @s[tag=aj.spawner.bone.t15] run data modify entity @s {} merge value {transformation:[-0.7963180929825606f,0.5673167229017279f,-0.20983143402422347f,-0.13942130223318974f,0.5847068529041292f,0.6331245276013927f,-0.507219113122191f,0.8801919483426662f,-0.15490445750709297f,-0.5265976343144331f,-0.835882492087779f,0.08513832239591008f,0f,0f,0f,1f],start_interpolation:0}
execute if entity @s[tag=aj.spawner.bone.t21] run data modify entity @s {} merge value {transformation:[-0.9973569167005722f,-0.07253220946733092f,0.0052791807095278614f,0.13645920980764994f,-0.07265797072261058f,0.9956306249178721f,-0.07246592965362335f,0.7181110410958692f,-1.2214099556448292e-16f,-0.07272442618363738f,-0.9973569167005722f,0.14694402718235308f,0f,0f,0f,1f],start_interpolation:0}
execute if entity @s[tag=aj.spawner.bone.t22] run data modify entity @s {} merge value {transformation:[-0.9926641469237375f,-0.11993547141637853f,0.015276586932283131f,0.12540250019966795f,-0.12090243950113237f,0.9854244736440337f,-0.11967124494235942f,0.7838641271779136f,-0.0007010954596756449f,-0.120640330899373f,-0.9926960355645862f,0.1358414532760773f,0f,0f,0f,1f],start_interpolation:0}
execute if entity @s[tag=aj.spawner.bone.t23] run data modify entity @s {} merge value {transformation:[-0.9712387902270688f,-0.2320923111514117f,0.05318243565930413f,0.11356251427045264f,-0.23808362410981368f,0.94344020314831f,-0.23073094940690664f,0.8372099543996179f,0.0033764313996726084f,-0.2367567151906611f,-0.9715631001242953f,0.11961067821287462f,0f,0f,0f,1f],start_interpolation:0}
execute if entity @s[tag=aj.spawner.bone.t24] run data modify entity @s {} merge value {transformation:[-0.9055547852672859f,-0.37630746233231344f,0.1958653227923061f,0.10031266262739616f,-0.42365239340850247f,0.8262397217626782f,-0.3712769474944272f,0.8702073456742007f,-0.0221174238727567f,-0.4191904292496987f,-0.9076288908946685f,0.10485091655265652f,0f,0f,0f,1f],start_interpolation:0}
execute if entity @s[tag=aj.spawner.bone.t25] run data modify entity @s {} merge value {transformation:[-0.8044544659940491f,-0.48362137252357423f,0.34491068435269345f,0.09321754526411728f,-0.590714950453935f,0.7124286052710412f,-0.37881569357903344f,0.8815806935512469f,-0.06252087213430779f,-0.5084838743067208f,-0.858798748320928f,0.0856693506730923f,0f,0f,0f,1f],start_interpolation:0}
execute if entity @s[tag=aj.spawner.bone.t31] run data modify entity @s {} merge value {transformation:[-0.9973569167005722f,0.07253220946733092f,0.0052791807095278614f,-0.19645487072911125f,0.07265797072261058f,0.9956306249178721f,0.07246592965362335f,0.7180198202115389f,-1.2214099556448292e-16f,0.07272442618363738f,-0.9973569167005722f,-0.21069289149543882f,0f,0f,0f,1f],start_interpolation:0}
execute if entity @s[tag=aj.spawner.bone.t32] run data modify entity @s {} merge value {transformation:[-0.9926641826936441f,0.11993517261977946f,0.015276608452901446f,-0.18539816112112933f,0.1209021456886366f,0.9854244738172903f,0.11967154035024538f,0.7837729062935832f,-0.0007011169968315924f,0.12064062653426672f,-0.9926959996214231f,-0.19959031758916304f,0f,0f,0f,1f],start_interpolation:0}
execute if entity @s[tag=aj.spawner.bone.t33] run data modify entity @s {} merge value {transformation:[-0.9713312942182133f,0.23492571028119572f,0.03640642142873359f,-0.17065072727426134f,0.23681419940312046f,0.9427476671719691f,0.23483158007999946f,0.8373272158862047f,0.020845906874731174f,0.236720820146192f,-0.9713540556748009f,-0.18911352473769463f,0f,0f,0f,1f],start_interpolation:0}
execute if entity @s[tag=aj.spawner.bone.t34] run data modify entity @s {} merge value {transformation:[-0.9060616120262346f,0.40734080176968457f,0.11456799913611053f,-0.16180303652609507f,0.41669822246357513f,0.8118442148559298f,0.4089884621852502f,0.873449287209274f,0.07358632079481957f,0.41830902693892413f,-0.9053190660608514f,-0.1730402421031278f,0f,0f,0f,1f],start_interpolation:0}
execute if entity @s[tag=aj.spawner.bone.t35] run data modify entity @s {} merge value {transformation:[-0.8055194940552697f,0.5579722260393067f,0.19951275564655796f,-0.135377852529726f,0.5760895972204391f,0.6585437570901338f,0.484190970560174f,0.8814860565517474f,0.13877723398070266f,0.5049624886725268f,-0.8519118289836769f,-0.1671596601390249f,0f,0f,0f,1f],start_interpolation:0}
execute if entity @s[tag=aj.spawner.bone.t41] run data modify entity @s {} merge value {transformation:[-0.9973569167005722f,-0.07246592965362336f,-0.005279180709527617f,0.14288396137907083f,-0.07265797072261058f,0.9947208192904723f,0.07246592965362335f,0.718905817263791f,-1.2214099556448292e-16f,0.07265797072261057f,-0.9973569167005722f,-0.21391710566580693f,0f,0f,0f,1f],start_interpolation:0}
execute if entity @s[tag=aj.spawner.bone.t42] run data modify entity @s {} merge value {transformation:[-0.9973569167005722f,-0.07246592965362336f,-0.005279180709527617f,0.1317014428654402f,-0.07265797072261058f,0.9947208192904723f,0.07246592965362335f,0.7863858492126587f,-1.2214099556448292e-16f,0.07265797072261057f,-0.9973569167005722f,-0.20268838944924894f,0f,0f,0f,1f],start_interpolation:0}
execute if entity @s[tag=aj.spawner.bone.t43] run data modify entity @s {} merge value {transformation:[-0.9973569167005722f,-0.07246592965362336f,-0.005279180709527617f,0.11787159348717272f,-0.07265797072261058f,0.9947208192904723f,0.07246592965362335f,0.8471953638522859f,-1.2214099556448292e-16f,0.07265797072261057f,-0.9973569167005722f,-0.18879704518501791f,0f,0f,0f,1f],start_interpolation:0}
execute if entity @s[tag=aj.spawner.bone.t44] run data modify entity @s {} merge value {transformation:[-0.9973569167005722f,-0.07246592965362336f,-0.005279180709527617f,0.35767141374592526f,-0.07265797072261058f,0.9947208192904723f,0.07246592965362335f,0.16188606087488733f,-1.2214099556448292e-16f,0.07265797072261057f,-0.9973569167005722f,0.27149310465364135f,0f,0f,0f,1f],start_interpolation:0}
execute if entity @s[tag=aj.spawner.bone.t45] run data modify entity @s {} merge value {transformation:[-0.9973569167005722f,-0.07246592965362336f,-0.005279180709527617f,0.09451455930382162f,-0.07265797072261058f,0.9947208192904723f,0.07246592965362335f,0.9097528444861682f,-1.2214099556448292e-16f,0.07265797072261057f,-0.9973569167005722f,-0.1653284236682111f,0f,0f,0f,1f],start_interpolation:0}
execute if entity @s[tag=aj.spawner.bone.v21] run data modify entity @s {} merge value {transformation:[-1f,0f,1.2434875191342356e-16f,-0.08549492101734665f,0f,1f,0f,0.6282246178250585f,-1.2246467991473532e-16f,0f,-1.0153846153846153f,-0.03125f,0f,0f,0f,1f],start_interpolation:0}
execute if entity @s[tag=aj.spawner.bone.v22] run data modify entity @s {} merge value {transformation:[-1f,0f,1.2434875191342356e-16f,0.02392149852408563f,0f,1f,0f,0.6282246178250586f,-1.2246467991473532e-16f,0f,-1.0153846153846153f,-0.03125f,0f,0f,0f,1f],start_interpolation:0}
execute if entity @s[tag=aj.spawner.bone.v31] run data modify entity @s {} merge value {transformation:[-1f,0f,1.4507354389899417e-16f,-0.14883150298131478f,0f,1f,0f,0.5591048674991094f,-1.2246467991473532e-16f,0f,-1.1846153846153848f,-0.03125f,0f,0f,0f,1f],start_interpolation:0}
execute if entity @s[tag=aj.spawner.bone.v32] run data modify entity @s {} merge value {transformation:[-1f,0f,1.4507354389899417e-16f,0.08725808048805375f,0f,1f,0f,0.5591048674991094f,-1.2246467991473532e-16f,0f,-1.1846153846153848f,-0.03125f,0f,0f,0f,1f],start_interpolation:0}
execute if entity @s[tag=aj.spawner.bone.heart] run data modify entity @s {} merge value {transformation:[-1.1666666666666667f,0f,1.2246467991473532e-16f,-0.03125f,0f,1f,0f,0.37499999999999994f,-1.4287545990052456e-16f,0f,-1f,-0.017116477272727693f,0f,0f,0f,1f],start_interpolation:0}