execute if entity @s[tag=aj.spawner.bone.bones_right] run data modify entity @s {} merge value {transformation:[-1f,4.6865204053262974e-17f,1.1314261122877003e-16f,-0.03125f,0f,0.9238795325112867f,-0.3826834323650897f,0.7263572295473684f,-1.2246467991473532e-16f,-0.3826834323650897f,-0.9238795325112867f,-0.12611740016597278f,0f,0f,0f,1f],start_interpolation:0}
execute if entity @s[tag=aj.spawner.bone.bones_left] run data modify entity @s {} merge value {transformation:[-1f,-4.6865204053262974e-17f,1.1314261122877003e-16f,-0.031250000000000056f,0f,0.9238795325112867f,0.3826834323650897f,0.7263572295473684f,-1.2246467991473532e-16f,0.3826834323650897f,-0.9238795325112867f,0.06361740016597275f,0f,0f,0f,1f],start_interpolation:0}
execute if entity @s[tag=aj.spawner.bone.t11] run data modify entity @s {} merge value {transformation:[-0.9961987111011315f,0.08732246965707881f,-0.0009475570179448231f,-0.1984562451720835f,0.0866917272492727f,0.9927694299185315f,-0.1086413398495514f,0.7190545687802077f,-0.008524812430919156f,-0.10858128435518832f,-0.9940805608256265f,0.1479559822931091f,0f,0f,0f,1f],start_interpolation:0}
execute if entity @s[tag=aj.spawner.bone.t12] run data modify entity @s {} merge value {transformation:[-0.9961950902745147f,0.08714606592681155f,0.0009514759226222742f,-0.1831904978938625f,0.08652601601527361f,0.9902946129467257f,-0.10876501331411433f,0.7862629618962461f,-0.010420684501323694f,-0.10826884483624394f,-0.9940670332388803f,0.13132239113553196f,0f,0f,0f,1f],start_interpolation:0}
execute if entity @s[tag=aj.spawner.bone.t13] run data modify entity @s {} merge value {transformation:[-0.9990481912943588f,0.043526693077268225f,0.002852798841058028f,-0.17084461253923658f,0.043247618092695124f,0.9969253108004831f,-0.06534193304967754f,0.8479340064730915f,-0.005688145636201756f,-0.06515636327418407f,-0.9978588544098328f,0.12393709319901067f,0f,0f,0f,1f],start_interpolation:0}
execute if entity @s[tag=aj.spawner.bone.t14] run data modify entity @s {} merge value {transformation:[-0.9990481912943588f,0.043526693077268225f,0.002852798841058028f,-0.17218945123438897f,0.043247618092695124f,0.9969253108004831f,-0.06534193304967754f,0.8883650524901199f,-0.005688145636201756f,-0.06515636327418407f,-0.9978588544098328f,0.11815403156585325f,0f,0f,0f,1f],start_interpolation:0}
execute if entity @s[tag=aj.spawner.bone.t15] run data modify entity @s {} merge value {transformation:[-0.9990481912943588f,0.043526693077268225f,0.002852798841058028f,-0.1617084621249379f,0.043247618092695124f,0.9969253108004831f,-0.06534193304967754f,0.9122701582181724f,-0.005688145636201756f,-0.06515636327418407f,-0.9978588544098328f,0.10722352208924579f,0f,0f,0f,1f],start_interpolation:0}
execute if entity @s[tag=aj.spawner.bone.t21] run data modify entity @s {} merge value {transformation:[-0.99406244638123f,-0.10870799833639025f,0.009016102055065457f,0.1366692182660098f,-0.10877368235574889f,0.9906013806637693f,-0.10846800478592492f,0.7185023386403948f,0.002852844428794618f,-0.10907669652464369f,-0.9940590534980773f,0.1471805478954603f,0f,0f,0f,1f],start_interpolation:0}
execute if entity @s[tag=aj.spawner.bone.t22] run data modify entity @s {} merge value {transformation:[-0.9940570618296984f,-0.10831325884044081f,0.010899347956229266f,0.12597249694641108f,-0.1088561088161816f,0.9881491226872561f,-0.10822041815575294f,0.7861415918417431f,0.0009515250427137207f,-0.10876373150903781f,-0.994067173438658f,0.13644746449064668f,0f,0f,0f,1f],start_interpolation:0}
execute if entity @s[tag=aj.spawner.bone.t23] run data modify entity @s {} merge value {transformation:[-0.9978589232386035f,-0.06526309611002579f,0.0042775693130949165f,0.10631537516803471f,-0.06540312923014306f,0.9957224306869052f,-0.0652630961100258f,0.8471483726901096f,-1.2220247363447802e-16f,-0.06540312923014308f,-0.9978589232386035f,0.1292414597786421f,0f,0f,0f,1f],start_interpolation:0}
execute if entity @s[tag=aj.spawner.bone.t24] run data modify entity @s {} merge value {transformation:[-0.9978589232386035f,-0.06526309611002579f,0.0042775693130949165f,0.09434923669551333f,-0.06540312923014306f,0.9957224306869052f,-0.0652630961100258f,0.8863746005742006f,-1.2220247363447802e-16f,-0.06540312923014308f,-0.9978589232386035f,0.11722953024830571f,0f,0f,0f,1f],start_interpolation:0}
execute if entity @s[tag=aj.spawner.bone.t25] run data modify entity @s {} merge value {transformation:[-0.9978589232386035f,-0.06526309611002579f,0.0042775693130949165f,0.083402834099711f,-0.06540312923014306f,0.9957224306869052f,-0.0652630961100258f,0.9100426654788091f,-1.2220247363447802e-16f,-0.06540312923014308f,-0.9978589232386035f,0.1062395246121902f,0f,0f,0f,1f],start_interpolation:0}
execute if entity @s[tag=aj.spawner.bone.t31] run data modify entity @s {} merge value {transformation:[-0.99406244638123f,0.10870799833639025f,0.009016102055065457f,-0.19666487618015052f,0.10877368235574889f,0.9906013806637693f,0.10846800478592492f,0.7184202672023214f,0.002852844428794618f,0.10907669652464369f,-0.9940590534980773f,-0.21093004080803718f,0f,0f,0f,1f],start_interpolation:0}
execute if entity @s[tag=aj.spawner.bone.t32] run data modify entity @s {} merge value {transformation:[-0.9940732939843142f,0.10847850315421968f,0.007120431208505369f,-0.18596815486055188f,0.10860818698309528f,0.9881310930550622f,0.10863334965862503f,0.7860595204036696f,0.004748463690512816f,0.10876284885579278f,-0.9940563841157863f,-0.20019695740322352f,0f,0f,0f,1f],start_interpolation:0}
execute if entity @s[tag=aj.spawner.bone.t33] run data modify entity @s {} merge value {transformation:[-0.9978589232386035f,0.06526309611002579f,0.0042775693130949165f,-0.17883773923907184f,0.06540312923014306f,0.9957224306869052f,0.0652630961100258f,0.8470680516660376f,-1.2220247363447802e-16f,0.06540312923014308f,-0.9978589232386035f,-0.18051771615073658f,0f,0f,0f,1f],start_interpolation:0}
execute if entity @s[tag=aj.spawner.bone.t34] run data modify entity @s {} merge value {transformation:[-0.9978589232386035f,0.06526309611002579f,0.0042775693130949165f,-0.174387124887928f,0.06540312923014306f,0.9957224306869052f,0.0652630961100258f,0.8863361904761664f,-1.2220247363447802e-16f,0.06540312923014308f,-0.9978589232386035f,-0.16164442189387052f,0f,0f,0f,1f],start_interpolation:0}
execute if entity @s[tag=aj.spawner.bone.t35] run data modify entity @s {} merge value {transformation:[-0.9978589232386035f,0.06526309611002579f,0.0042775693130949165f,-0.15592519817074812f,0.06540312923014306f,0.9957224306869052f,0.0652630961100258f,0.9099623444547374f,-1.2220247363447802e-16f,0.06540312923014308f,-0.9978589232386035f,-0.15751578098428465f,0f,0f,0f,1f],start_interpolation:0}
execute if entity @s[tag=aj.spawner.bone.t41] run data modify entity @s {} merge value {transformation:[-0.9978589232386035f,-0.06526309611002581f,-0.004277569313094672f,0.14336582447653015f,-0.06540312923014306f,0.9957224306869052f,0.0652630961100258f,0.7192439081762478f,-1.2220247363447802e-16f,0.06540312923014305f,-0.9978589232386035f,-0.2142882198766285f,0f,0f,0f,1f],start_interpolation:0}
execute if entity @s[tag=aj.spawner.bone.t42] run data modify entity @s {} merge value {transformation:[-0.9978589232386035f,-0.06526309611002581f,-0.004277569313094672f,0.13266910315693142f,-0.06540312923014306f,0.9957224306869052f,0.0652630961100258f,0.7868831613775957f,-1.2220247363447802e-16f,0.06540312923014305f,-0.9978589232386035f,-0.20355513647181495f,0f,0f,0f,1f],start_interpolation:0}
execute if entity @s[tag=aj.spawner.bone.t43] run data modify entity @s {} merge value {transformation:[-0.9978589232386035f,-0.06526309611002581f,-0.004277569313094672f,0.11927533445700318f,-0.06540312923014306f,0.9957224306869052f,0.0652630961100258f,0.8478908174329631f,-1.2220247363447802e-16f,0.06540312923014305f,-0.9978589232386035f,-0.1901125134895691f,0f,0f,0f,1f],start_interpolation:0}
execute if entity @s[tag=aj.spawner.bone.t44] run data modify entity @s {} merge value {transformation:[-0.9978589232386035f,-0.06526309611002581f,-0.004277569313094672f,0.35386501213423094f,-0.06540312923014306f,0.9957224306869052f,0.0652630961100258f,0.164214399969974f,-1.2220247363447802e-16f,0.06540312923014305f,-0.9978589232386035f,0.275262664097569f,0f,0f,0f,1f],start_interpolation:0}
execute if entity @s[tag=aj.spawner.bone.t45] run data modify entity @s {} merge value {transformation:[-0.9978589232386035f,-0.06526309611002581f,-0.004277569313094672f,0.09636279338867948f,-0.06540312923014306f,0.9957224306869052f,0.0652630961100258f,0.9107851102216626f,-1.2220247363447802e-16f,0.06540312923014305f,-0.9978589232386035f,-0.16711057832311738f,0f,0f,0f,1f],start_interpolation:0}
execute if entity @s[tag=aj.spawner.bone.v41] run data modify entity @s {} merge value {transformation:[-1f,0f,1.2246467991473532e-16f,-0.17228970872519958f,0f,1f,0f,0.4987821885213817f,-1.2246467991473532e-16f,0f,-1f,-0.03125f,0f,0f,0f,1f],start_interpolation:0}
execute if entity @s[tag=aj.spawner.bone.v42] run data modify entity @s {} merge value {transformation:[-1f,0f,1.2246467991473532e-16f,0.11071628623193838f,0f,1f,0f,0.4987821885213818f,-1.2246467991473532e-16f,0f,-1f,-0.03125f,0f,0f,0f,1f],start_interpolation:0}
execute if entity @s[tag=aj.spawner.bone.v51] run data modify entity @s {} merge value {transformation:[-1f,0f,1.469576158976824e-16f,-0.17228970872519955f,0f,1f,0f,0.40503218852138173f,-1.2246467991473532e-16f,0f,-1.2000000000000002f,-0.031250000000000056f,0f,0f,0f,1f],start_interpolation:0}
execute if entity @s[tag=aj.spawner.bone.v52] run data modify entity @s {} merge value {transformation:[-1f,0f,1.469576158976824e-16f,0.11071628623193841f,0f,1f,0f,0.4050321885213818f,-1.2246467991473532e-16f,0f,-1.2000000000000002f,-0.03125f,0f,0f,0f,1f],start_interpolation:0}
execute if entity @s[tag=aj.spawner.bone.heart] run data modify entity @s {} merge value {transformation:[-1.1500000000000001f,0f,1.2246467991473532e-16f,-0.03125f,0f,1f,0f,0.37499999999999994f,-1.4083438190194563e-16f,0f,-1f,-0.017116477272727693f,0f,0f,0f,1f],start_interpolation:0}