execute if entity @s[tag=aj.spawner.bone.bones_right] run data modify entity @s {} merge value {transformation:[-1f,3.698804132091696e-18f,1.224088096282739e-16f,-0.03125f,0f,0.9995437844895334f,-0.030203027800888772f,0.7076072295473684f,-1.2246467991473532e-16f,-0.030203027800888772f,-0.9995437844895334f,-0.12467509247366504f,0f,0f,0f,1f],start_interpolation:0}
execute if entity @s[tag=aj.spawner.bone.bones_left] run data modify entity @s {} merge value {transformation:[-1f,-3.698804132091696e-18f,1.224088096282739e-16f,-0.031250000000000056f,0f,0.9995437844895334f,0.030203027800888772f,0.7076072295473684f,-1.2246467991473532e-16f,0.030203027800888772f,-0.9995437844895334f,0.06217509247366504f,0f,0f,0f,1f],start_interpolation:0}
execute if entity @s[tag=aj.spawner.bone.t11] run data modify entity @s {} merge value {transformation:[-0.9999983433098042f,0.0018049647398381506f,0.00023600339444559772f,-0.19993110948969045f,0.001804252418899708f,1.000028041496853f,-0.0027343960310080425f,0.721759903892321f,-0.0002409374515610165f,-0.0027340570270849808f,-0.9999962336832792f,0.14991115110510117f,0f,0f,0f,1f],start_interpolation:0}
execute if entity @s[tag=aj.spawner.bone.t12] run data modify entity @s {} merge value {transformation:[-0.999993272357643f,0.003647452321328803f,0.00038901287424283047f,-0.1875522925175648f,0.003645633976787829f,0.9999828810244233f,-0.004576790469450611f,0.7903870161862451f,-0.0004056998397629705f,-0.0045753414798894426f,-0.9999894507733482f,0.13747439266383482f,0f,0f,0f,1f],start_interpolation:0}
execute if entity @s[tag=aj.spawner.bone.t13] run data modify entity @s {} merge value {transformation:[-0.999947361249774f,0.010241554840060351f,0.0006207125517635843f,-0.17744196597307818f,0.010233991113780134f,0.9998853363532241f,-0.011161521925034397f,0.8524759396823557f,-0.0007349527174925754f,-0.011154582029730683f,-0.9999375156199737f,0.13348214369431924f,0f,0f,0f,1f],start_interpolation:0}
execute if entity @s[tag=aj.spawner.bone.t14] run data modify entity @s {} merge value {transformation:[-0.999781446250153f,0.020765315619507934f,0.002421033080046564f,-0.18025941469153808f,0.020707641720412343f,0.9995476272509507f,-0.021811337221127155f,0.8929419148112988f,-0.0028728571721368303f,-0.021756436385973427f,-0.9997591730849243f,0.13008960874340644f,0f,0f,0f,1f],start_interpolation:0}
execute if entity @s[tag=aj.spawner.bone.t15] run data modify entity @s {} merge value {transformation:[-0.9995005588160721f,0.031222011892138562f,0.004880461019850858f,-0.17038108581536204f,0.0310751378962273f,0.9991324688408304f,-0.02772445694251495f,0.9171299223407152f,-0.00574184039220731f,-0.027558949207726807f,-0.9996036892626379f,0.12019347631613767f,0f,0f,0f,1f],start_interpolation:0}
execute if entity @s[tag=aj.spawner.bone.t21] run data modify entity @s {} merge value {transformation:[-0.9999882478077495f,-0.004848356456455216f,0.00002350424638704565f,0.13858640323244525f,-0.004848117819001843f,1.0000374699301833f,-0.0048480608429891815f,0.7216348229539827f,-1.224666288180621e-16f,-0.004848413435942027f,-0.9999882478077495f,0.14920756015615072f,0f,0f,0f,1f],start_interpolation:0}
execute if entity @s[tag=aj.spawner.bone.t22] run data modify entity @s {} merge value {transformation:[-0.9999674077738803f,-0.008066842863677466f,0.00033081142522904645f,0.1320038805203843f,-0.00806924898280951f,0.9999349155761357f,-0.0080654716290956f,0.790206867900064f,-0.0002657270023046648f,-0.00806787815717703f,-0.9999674188348344f,0.1426248866320434f,0f,0f,0f,1f],start_interpolation:0}
execute if entity @s[tag=aj.spawner.bone.t23] run data modify entity @s {} merge value {transformation:[-0.9998332767323075f,-0.0182324995994281f,0.000997345022481506f,0.11668004030206522f,-0.018247647949099145f,0.9996675481104355f,-0.018215833749668717f,0.8520085153125937f,-0.0006648932717001506f,-0.01823099594719626f,-0.999833580504131f,0.13847870573700555f,0f,0f,0f,1f],start_interpolation:0}
execute if entity @s[tag=aj.spawner.bone.t24] run data modify entity @s {} merge value {transformation:[-0.9993970023576265f,-0.03435334670983137f,0.005047697338816851f,0.10699056391280327f,-0.034507433740951755f,0.9988082844423571f,-0.03451445995418395f,0.8920591527412671f,-0.003855994710059239f,-0.03466783089766739f,-0.9993914512370249f,0.12866881016294712f,0f,0f,0f,1f],start_interpolation:0}
execute if entity @s[tag=aj.spawner.bone.t25] run data modify entity @s {} merge value {transformation:[-0.9986851588579067f,-0.05020143343745071f,0.010381211768518417f,0.09773975325832125f,-0.05060512841692496f,0.9977843224320877f,-0.043192208633573495f,0.9160038168140637f,-0.008189899563740341f,-0.043660760295313364f,-0.9990128445398343f,0.11845623367500825f,0f,0f,0f,1f],start_interpolation:0}
execute if entity @s[tag=aj.spawner.bone.t31] run data modify entity @s {} merge value {transformation:[-0.9999882478077495f,0.004848356456455216f,0.00002350424638704565f,-0.19858205540653112f,0.004848117819001843f,1.0000374699301833f,0.0048480608429891815f,0.7216287521959786f,-1.224666288180621e-16f,0.004848413435942027f,-0.9999882478077495f,-0.21295971935340544f,0f,0f,0f,1f],start_interpolation:0}
execute if entity @s[tag=aj.spawner.bone.t32] run data modify entity @s {} merge value {transformation:[-0.999977797725483f,0.006660701548140279f,0.00019776496110759253f,-0.19199929254513723f,0.006661871033302621f,0.9999556313517384f,0.00665994011098899f,0.7902503311096134f,-0.00015339631313580877f,0.006661109729836182f,-0.9999778027970112f,-0.20637680567714276f,0f,0f,0f,1f],start_interpolation:0}
execute if entity @s[tag=aj.spawner.bone.t33] run data modify entity @s {} merge value {transformation:[-0.999912113264239f,0.013253410911319524f,-0.00033592656826338926f,-0.18820300408804627f,0.013247798942078021f,0.9998244867841074f,0.013247318599873503f,0.8522764969974554f,0.0005114397655883791f,0.01324170404864852f,-0.9999121939966801f,-0.19089888208739858f,0f,0f,0f,1f],start_interpolation:0}
execute if entity @s[tag=aj.spawner.bone.t34] run data modify entity @s {} merge value {transformation:[-0.999715157323643f,0.023773443085509573f,-0.0021041913467378763f,-0.1859018187982961f,0.023716423024776754f,0.9994329480680055f,0.0239021671612636f,0.8926572630394947f,0.0026712349715980583f,0.02384545491189435f,-0.99971208794521f,-0.17460682213012413f,0f,0f,0f,1f],start_interpolation:0}
execute if entity @s[tag=aj.spawner.bone.t35] run data modify entity @s {} merge value {transformation:[-0.9994037329393451f,0.03422738355163122f,-0.004545855487321433f,-0.1684508379888912f,0.03407702289935447f,0.9989741661034904f,0.029822340085120733f,0.9167930789654306f,0.005561932867174519f,0.029649648784517715f,-0.9995448780468718f,-0.17182687900996746f,0f,0f,0f,1f],start_interpolation:0}
execute if entity @s[tag=aj.spawner.bone.t41] run data modify entity @s {} merge value {transformation:[-0.9999882478077495f,-0.004848060842989182f,-0.000023504246386800723f,0.1390173981526293f,-0.004848117819001843f,0.999976495753613f,0.0048480608429891815f,0.7216440281159548f,-1.2245985255448406e-16f,0.004848117819001842f,-0.9999882478077495f,-0.21317523406198458f,0f,0f,0f,1f],start_interpolation:0}
execute if entity @s[tag=aj.spawner.bone.t42] run data modify entity @s {} merge value {transformation:[-0.9999882478077495f,-0.004848060842989182f,-0.000023504246386800723f,0.13243431432241523f,-0.004848117819001843f,0.999976495753613f,0.0048480608429891815f,0.7903318110823775f,-1.2245985255448406e-16f,0.004848117819001842f,-0.9999882478077495f,-0.20659199941312978f,0f,0f,0f,1f],start_interpolation:0}
execute if entity @s[tag=aj.spawner.bone.t43] run data modify entity @s {} merge value {transformation:[-0.9999882478077495f,-0.004848060842989182f,-0.000023504246386800723f,0.12275664104884065f,-0.004848117819001843f,0.999976495753613f,0.0048480608429891815f,0.8527394403920221f,-1.2245985255448406e-16f,0.004848117819001842f,-0.9999882478077495f,-0.1969141022262445f,0f,0f,0f,1f],start_interpolation:0}
execute if entity @s[tag=aj.spawner.bone.t44] run data modify entity @s {} merge value {transformation:[-0.9999882478077495f,-0.004848060842989182f,-0.000023504246386800723f,0.31536621927975794f,-0.004848117819001843f,0.999976495753613f,0.0048480608429891815f,0.18557567087905513f,-1.2245985255448406e-16f,0.004848117819001842f,-0.9999882478077495f,0.3098539626761821f,0f,0f,0f,1f],start_interpolation:0}
execute if entity @s[tag=aj.spawner.bone.t45] run data modify entity @s {} merge value {transformation:[-0.9999882478077495f,-0.004848060842989182f,-0.000023504246386800723f,0.10368914811424393f,-0.004848117819001843f,0.999976495753613f,0.0048480608429891815f,0.9181810945759401f,-1.2245985255448406e-16f,0.004848117819001842f,-0.9999882478077495f,-0.17784616484797738f,0f,0f,0f,1f],start_interpolation:0}
execute if entity @s[tag=aj.spawner.bone.heart] run data modify entity @s {} merge value {transformation:[-1.011111111111111f,0f,1.2246467991473532e-16f,-0.03125f,0f,1f,0f,0.37499999999999994f,-1.2382539858045459e-16f,0f,-1f,-0.017116477272727693f,0f,0f,0f,1f],start_interpolation:0}