execute if entity @s[tag=aj.spawner.bone.bones_right] run data modify entity @s {} merge value {transformation:[-1f,2.7250954951287993e-17f,1.1939423470528823e-16f,-0.03125f,0f,0.9749279121818236f,-0.22252093395631434f,0.7176518724045112f,-1.2246467991473532e-16f,-0.22252093395631434f,-0.9749279121818236f,-0.1254477573088299f,0f,0f,0f,1f],start_interpolation:0}
execute if entity @s[tag=aj.spawner.bone.bones_left] run data modify entity @s {} merge value {transformation:[-1f,-2.7250954951287993e-17f,1.1939423470528823e-16f,-0.031250000000000056f,0f,0.9749279121818236f,0.22252093395631434f,0.7176518724045112f,-1.2246467991473532e-16f,0.22252093395631434f,-0.9749279121818236f,0.0629477573088299f,0f,0f,0f,1f],start_interpolation:0}
execute if entity @s[tag=aj.spawner.bone.t11] run data modify entity @s {} merge value {transformation:[-0.9976671845316664f,0.06832625369297461f,0.00190756985124196f,-0.19756600331294902f,0.06767212966069842f,0.9935545520579724f,-0.10388345438084147f,0.7171428978054407f,-0.008981746814710437f,-0.10364450243659183f,-0.9945876477632157f,0.14671015976589655f,0f,0f,0f,1f],start_interpolation:0}
execute if entity @s[tag=aj.spawner.bone.t12] run data modify entity @s {} merge value {transformation:[-0.9902488746400493f,0.13929848427308558f,-0.0017602708134753218f,-0.18059822784493243f,0.13746336202855716f,0.9749969571139101f,-0.1745988479870984f,0.7806047879226986f,-0.02260509619359482f,-0.1731382854767743f,-0.9846380775331826f,0.1275846880563995f,0f,0f,0f,1f],start_interpolation:0}
execute if entity @s[tag=aj.spawner.bone.t13] run data modify entity @s {} merge value {transformation:[-0.9743809974338901f,0.22327297506405183f,-0.02703424579648684f,-0.15895297105661751f,0.22262769038043084f,0.9404692053521058f,-0.2568162480456674f,0.8335435575428863f,-0.03191525208442816f,-0.2562554436308155f,-0.9660820691297202f,0.10939977791895573f,0f,0f,0f,1f],start_interpolation:0}
execute if entity @s[tag=aj.spawner.bone.t14] run data modify entity @s {} merge value {transformation:[-0.9331953447540208f,0.35205427772481523f,-0.07214037749473533f,-0.1562254928610305f,0.35168780560433416f,0.8533743972717299f,-0.3847958230936504f,0.8712379791732832f,-0.07390626440723602f,-0.384460561848378f,-0.9201782112529057f,0.1001315283358695f,0f,0f,0f,1f],start_interpolation:0}
execute if entity @s[tag=aj.spawner.bone.t15] run data modify entity @s {} merge value {transformation:[-0.8733196865005175f,0.4734022066735685f,-0.11490463823203113f,-0.1382925131320856f,0.47071491590820874f,0.759303701541234f,-0.44931654406143184f,0.8813599457481394f,-0.12545992631978586f,-0.4464843105220792f,-0.8859523504937822f,0.08197305072318226f,0f,0f,0f,1f],start_interpolation:0}
execute if entity @s[tag=aj.spawner.bone.t21] run data modify entity @s {} merge value {transformation:[-0.9957604493106914f,-0.09170053075026788f,0.008461127588570129f,0.13592112159195752f,-0.0919843877436275f,0.9926876064709311f,-0.09159441526916337f,0.7170525130458727f,-1.2281284643457526e-16f,-0.09209095502211098f,-0.9957604493106914f,0.14632059280941195f,0f,0f,0f,1f],start_interpolation:0}
execute if entity @s[tag=aj.spawner.bone.t22] run data modify entity @s {} merge value {transformation:[-0.9882382340217365f,-0.15117809990202755f,0.02302987033424213f,0.12365480768538767f,-0.15292188270556653f,0.9766690369728834f,-0.15077297505934337f,0.7818929755775715f,0.0003010106050926782f,-0.1525213897408262f,-0.9883001239826609f,0.1339754438261523f,0f,0f,0f,1f],start_interpolation:0}
execute if entity @s[tag=aj.spawner.bone.t23] run data modify entity @s {} merge value {transformation:[-0.9738787129652247f,-0.22266000702549343f,0.044528347202708714f,0.1101130102233916f,-0.2269560270980168f,0.9483148602898567f,-0.22178793366031882f,0.8362744156327102f,0.007156409510501302f,-0.22610052415869575f,-0.9740776862130048f,0.11764990149675206f,0f,0f,0f,1f],start_interpolation:0}
execute if entity @s[tag=aj.spawner.bone.t24] run data modify entity @s {} merge value {transformation:[-0.9388909727353298f,-0.3215581633170571f,0.12281729894549477f,0.09658921620027908f,-0.34415963508634356f,0.8833324688212564f,-0.3182418814414264f,0.8710477304141009f,-0.006155233004612449f,-0.34106318641903416f,-0.940020221046523f,0.10312815354340912f,0f,0f,0f,1f],start_interpolation:0}
execute if entity @s[tag=aj.spawner.bone.t25] run data modify entity @s {} merge value {transformation:[-0.8896994847205991f,-0.40738034191999734f,0.2060972680678867f,0.0889887523332611f,-0.4556131308949642f,0.8211162128702334f,-0.3437802203701279f,0.8853788723342448f,-0.02918050451908967f,-0.3997617064937453f,-0.9161545045336076f,0.0856054756319363f,0f,0f,0f,1f],start_interpolation:0}
execute if entity @s[tag=aj.spawner.bone.t31] run data modify entity @s {} merge value {transformation:[-0.9957604493106914f,0.09170053075026788f,0.008461127588570129f,-0.19591679627218148f,0.0919843877436275f,0.9926876064709311f,0.09159441526916337f,0.7169368442817735f,-1.2281284643457526e-16f,0.09209095502211098f,-0.9957604493106914f,-0.2100674580676791f,0f,0f,0f,1f],start_interpolation:0}
execute if entity @s[tag=aj.spawner.bone.t32] run data modify entity @s {} merge value {transformation:[-0.987153784736127f,0.15772036644464052f,0.025528244939843497f,-0.18368363839918345f,0.15977295868869984f,0.9745550097253173f,0.15721047894827445f,0.7814183821340062f,-0.00008338464696017699f,0.15926964251813694f,-0.9872351158762261f,-0.19775560628315303f,0f,0f,0f,1f],start_interpolation:0}
execute if entity @s[tag=aj.spawner.bone.t33] run data modify entity @s {} merge value {transformation:[-0.9696657139203668f,0.24111849148288272f,0.04012824830869408f,-0.16748852364481664f,0.24357842704315533f,0.9394278496527511f,0.241132463961182f,0.8353039359018374f,0.02044390193890265f,0.24359225841932552f,-0.9696622393966289f,-0.18608281820868175f,0f,0f,0f,1f],start_interpolation:0}
execute if entity @s[tag=aj.spawner.bone.t34] run data modify entity @s {} merge value {transformation:[-0.9260879266558996f,0.3670046018044478f,0.08757153850730093f,-0.15913582873104493f,0.3723795440635354f,0.8516432374914351f,0.36883230769299574f,0.8717873042684045f,0.06078344565101984f,0.37418099669740834f,-0.9253615263481207f,-0.1684034706529594f,0f,0f,0f,1f],start_interpolation:0}
execute if entity @s[tag=aj.spawner.bone.t35] run data modify entity @s {} merge value {transformation:[-0.8641133503765108f,0.48583606359202425f,0.13142083934630774f,-0.13354892227973758f,0.4909059941592046f,0.7560125375095538f,0.43296229400136965f,0.8823926549408057f,0.11099289436556062f,0.4386437762487598f,-0.8917803625100653f,-0.1640879540438972f,0f,0f,0f,1f],start_interpolation:0}
execute if entity @s[tag=aj.spawner.bone.t41] run data modify entity @s {} merge value {transformation:[-0.9957604493106914f,-0.09159441526916338f,-0.008461127588569886f,0.14403081464423853f,-0.0919843877436275f,0.99153887241143f,0.09159441526916337f,0.7182955889385061f,-1.2107812295859845e-16f,0.09198438774362748f,-0.9957604493106914f,-0.21414492542477015f,0f,0f,0f,1f],start_interpolation:0}
execute if entity @s[tag=aj.spawner.bone.t42] run data modify entity @s {} merge value {transformation:[-0.9957604493106914f,-0.09159441526916338f,-0.008461127588569886f,0.1315630778337203f,-0.0919843877436275f,0.99153887241143f,0.09159441526916337f,0.7853165188979612f,-1.2107812295859845e-16f,0.09198438774362748f,-0.9957604493106914f,-0.201597495959204f,0f,0f,0f,1f],start_interpolation:0}
execute if entity @s[tag=aj.spawner.bone.t43] run data modify entity @s {} merge value {transformation:[-0.9957604493106914f,-0.09159441526916338f,-0.008461127588569886f,0.11658249573825272f,-0.0919843877436275f,0.99153887241143f,0.09159441526916337f,0.8455666471454305f,-1.2107812295859845e-16f,0.09198438774362748f,-0.9957604493106914f,-0.18651321751293956f,0f,0f,0f,1f],start_interpolation:0}
execute if entity @s[tag=aj.spawner.bone.t44] run data modify entity @s {} merge value {transformation:[-0.9957604493106914f,-0.09159441526916338f,-0.008461127588569886f,0.3704351830604211f,-0.0919843877436275f,0.99153887241143f,0.09159441526916337f,0.15627967731304182f,-1.2107812295859845e-16f,0.09198438774362748f,-0.9957604493106914f,0.2600985858919754f,0f,0f,0f,1f],start_interpolation:0}
execute if entity @s[tag=aj.spawner.bone.t45] run data modify entity @s {} merge value {transformation:[-0.9957604493106914f,-0.09159441526916338f,-0.008461127588569886f,0.0920597499539241f,-0.0919843877436275f,0.99153887241143f,0.09159441526916337f,0.9071942830909403f,-1.2107812295859845e-16f,0.09198438774362748f,-0.9957604493106914f,-0.16180623364268876f,0f,0f,0f,1f],start_interpolation:0}
execute if entity @s[tag=aj.spawner.bone.v61] run data modify entity @s {} merge value {transformation:[-1f,0f,1.3296165247885551e-16f,-0.09963345872519982f,0f,1f,0f,0.38940718852138173f,-1.2246467991473532e-16f,0f,-1.0857142857142859f,-0.03125f,0f,0f,0f,1f],start_interpolation:0}
execute if entity @s[tag=aj.spawner.bone.v62] run data modify entity @s {} merge value {transformation:[-1f,0f,1.3296165247885551e-16f,0.03806003325170601f,0f,1f,0f,0.38940718852138173f,-1.2246467991473532e-16f,0f,-1.0857142857142859f,-0.03125f,0f,0f,0f,1f],start_interpolation:0}
execute if entity @s[tag=aj.spawner.bone.heart] run data modify entity @s {} merge value {transformation:[-1.2111111111111115f,0f,1.2246467991473532e-16f,-0.03125f,0f,1f,0f,0.37499999999999994f,-1.4831833456340172e-16f,0f,-1f,-0.017116477272727693f,0f,0f,0f,1f],start_interpolation:0}