execute if entity @s[tag=aj.spawner.bone.bones_right] run data modify entity @s {} merge value {transformation:[-1f,2.5703021984523407e-17f,1.1973701385737696e-16f,-0.03125f,0f,0.977726916370847f,-0.2098811020648472f,0.7169822295473683f,-1.2246467991473532e-16f,-0.2098811020648472f,-0.977726916370847f,-0.12539624631981894f,0f,0f,0f,1f],start_interpolation:0}
execute if entity @s[tag=aj.spawner.bone.bones_left] run data modify entity @s {} merge value {transformation:[-1f,-2.5703021984523407e-17f,1.1973701385737696e-16f,-0.031250000000000056f,0f,0.977726916370847f,0.2098811020648472f,0.7169822295473683f,-1.2246467991473532e-16f,0.2098811020648472f,-0.977726916370847f,0.06289624631981891f,0f,0f,0f,1f],start_interpolation:0}
execute if entity @s[tag=aj.spawner.bone.t11] run data modify entity @s {} merge value {transformation:[-0.9998063077675634f,0.019576776505401555f,0.0020874934402067913f,-0.1992436009593348f,0.019498773480868807f,0.999700417501842f,-0.029985242084257978f,0.7205597409361381f,-0.002672972303279403f,-0.029948924708162822f,-0.9995481617352341f,0.1490134253374269f,0f,0f,0f,1f],start_interpolation:0}
execute if entity @s[tag=aj.spawner.bone.t12] run data modify entity @s {} merge value {transformation:[-0.9991824147539289f,0.04031487744635851f,0.0030352434815855223f,-0.18556602608666262f,0.040109413549031456f,0.997907798455618f,-0.050707600280575846f,0.7878862131818168f,-0.005073163831396123f,-0.05054440065869786f,-0.998708929854336f,0.134692857014283f,0f,0f,0f,1f],start_interpolation:0}
execute if entity @s[tag=aj.spawner.bone.t13] run data modify entity @s {} merge value {transformation:[-0.9925460410075356f,0.1217884550140981f,-0.004464157876511738f,-0.17034401998052556f,0.12131115715274653f,0.9838249275904927f,-0.13180331938848683f,0.8451833130656942f,-0.011660172834441845f,-0.13136241500840654f,-0.9912658353300744f,0.1242171849469835f,0f,0f,0f,1f],start_interpolation:0}
execute if entity @s[tag=aj.spawner.bone.t14] run data modify entity @s {} merge value {transformation:[-0.9678963833040166f,0.25007263270010954f,-0.025303548396230276f,-0.1697765100157611f,0.24786788494859424f,0.9329422888361057f,-0.26111338018638336f,0.8837079563760099f,-0.04169056005997926f,-0.259002633337355f,-0.9649764417467408f,0.11797168433273922f,0f,0f,0f,1f],start_interpolation:0}
execute if entity @s[tag=aj.spawner.bone.t15] run data modify entity @s {} merge value {transformation:[-0.9262595466825408f,0.373554087088437f,-0.0500059616343701f,-0.15449571830577175f,0.36819761365613635f,0.8685795764644216f,-0.3316625342826839f,0.8985266818308402f,-0.08045973823832808f,-0.3256176643986168f,-0.9420718481911077f,0.10260450503853753f,0f,0f,0f,1f],start_interpolation:0}
execute if entity @s[tag=aj.spawner.bone.t21] run data modify entity @s {} merge value {transformation:[-0.9994241967185149f,-0.03392538066361156f,0.0011512750135512842f,0.13762966325203366f,-0.03393044375706221f,0.99927506285687f,-0.03391090649620465f,0.720160646805367f,-1.223941643501744e-16f,-0.03394492626354389f,-0.9994241967185149f,0.14822230962429053f,0f,0f,0f,1f],start_interpolation:0}
execute if entity @s[tag=aj.spawner.bone.t22] run data modify entity @s {} merge value {transformation:[-0.9984018871834444f,-0.056341933718707965f,0.004388413537191211f,0.12908655678382297f,-0.05649976220007739f,0.9968151375228136f,-0.056279289944961355f,0.7875982357698769f,-0.0012035530197672725f,-0.05643729361168057f,-0.9984054203328013f,0.13967068032936047f,0f,0f,0f,1f],start_interpolation:0}
execute if entity @s[tag=aj.spawner.bone.t23] run data modify entity @s {} merge value {transformation:[-0.9918382688611569f,-0.12621031661344467f,0.01810536944768972f,0.11570855078364294f,-0.12748775842129978f,0.9838232641846308f,-0.12585172347572457f,0.8451286849332434f,-0.0019286978030759075f,-0.12713276851163113f,-0.9918838335689076f,0.12952545030324034f,0f,0f,0f,1f],start_interpolation:0}
execute if entity @s[tag=aj.spawner.bone.t24] run data modify entity @s {} merge value {transformation:[-0.9705790851936644f,-0.22804298018516295f,0.07728284785706811f,0.10424731034690615f,-0.23986590974856312f,0.9437072268972967f,-0.22777404426823575f,0.881623782725166f,-0.020990110174163717f,-0.23961024412592094f,-0.9706422338765159f,0.11720988976684707f,0f,0f,0f,1f],start_interpolation:0}
execute if entity @s[tag=aj.spawner.bone.t25] run data modify entity @s {} merge value {transformation:[-0.9362656421106641f,-0.3188835991189234f,0.14737672006143823f,0.09595651066231695f,-0.3479768137436984f,0.8993730773728135f,-0.2646511001181342f,0.8991218775590534f,-0.04815375893831421f,-0.29906741365437484f,-0.953016210560027f,0.10217523459169137f,0f,0f,0f,1f],start_interpolation:0}
execute if entity @s[tag=aj.spawner.bone.t31] run data modify entity @s {} merge value {transformation:[-0.9994241967185149f,0.03392538066361156f,0.0011512750135512842f,-0.1976253158411041f,0.03393044375706221f,0.99927506285687f,0.03391090649620465f,0.720118135524788f,-1.223941643501744e-16f,0.03394492626354389f,-0.9994241967185149f,-0.2119737625314857f,0f,0f,0f,1f],start_interpolation:0}
execute if entity @s[tag=aj.spawner.bone.t32] run data modify entity @s {} merge value {transformation:[-0.9985638380715276f,0.05342144562410089f,0.004050980534508978f,-0.18907994812893797f,0.0535616321625428f,0.9971376539516684f,0.05336338287484542f,0.7876223296283287f,-0.0011886361698175267f,0.05350372154527306f,-0.9985669426357262f,-0.20341987068981826f,0f,0f,0f,1f],start_interpolation:0}
execute if entity @s[tag=aj.spawner.bone.t33] run data modify entity @s {} merge value {transformation:[-0.9908667838394813f,0.13454353430665245f,0.009003002825562984f,-0.17962182320340603f,0.13452604598081125f,0.9817363470762493f,0.13452318678261674f,0.8448490044377395f,0.009260649889241851f,0.13450569581120633f,-0.9908695464883215f,-0.19118310709932618f,0f,0f,0f,1f],start_interpolation:0}
execute if entity @s[tag=aj.spawner.bone.t34] run data modify entity @s {} merge value {transformation:[-0.9646139993756768f,0.26177857631661033f,0.03149300224034525f,-0.17357328503312844f,0.2606570967403032f,0.92878510989447f,0.26346934842071007f,0.8828605179644776f,0.0397203993859326f,0.2623550964246091f,-0.9641535631073797f,-0.17554870391920413f,0f,0f,0f,1f],start_interpolation:0}
execute if entity @s[tag=aj.spawner.bone.t35] run data modify entity @s {} merge value {transformation:[-0.9214832270147443f,0.3842025943231885f,0.057070385015562594f,-0.15062944858498817f,0.3803101689092133f,0.8625911535694819f,0.333617561300235f,0.8975252172885734f,0.07894832331809705f,0.3291274347407124f,-0.940979433327987f,-0.17039236745461436f,0f,0f,0f,1f],start_interpolation:0}
execute if entity @s[tag=aj.spawner.bone.t41] run data modify entity @s {} merge value {transformation:[-0.9994241967185149f,-0.03391090649620466f,-0.0011512750135510396f,0.1406419888600132f,-0.03393044375706221f,0.9988487249864488f,0.03391090649620465f,0.7203566441919168f,-1.223941643501744e-16f,0.0339304437570622f,-0.9994241967185149f,-0.2134815145523971f,0f,0f,0f,1f],start_interpolation:0}
execute if entity @s[tag=aj.spawner.bone.t42] run data modify entity @s {} merge value {transformation:[-0.9994241967185149f,-0.03391090649620466f,-0.0011512750135510396f,0.13207140827774305f,-0.03393044375706221f,0.9988487249864488f,0.03391090649620465f,0.7886034855956514f,-1.223941643501744e-16f,0.0339304437570622f,-0.9994241967185149f,-0.20490239531460844f,0f,0f,0f,1f],start_interpolation:0}
execute if entity @s[tag=aj.spawner.bone.t43] run data modify entity @s {} merge value {transformation:[-0.9994241967185149f,-0.03391090649620466f,-0.0011512750135510396f,0.12059316798074624f,-0.03393044375706221f,0.9988487249864488f,0.03391090649620465f,0.85039551824868f,-1.223941643501744e-16f,0.0339304437570622f,-0.9994241967185149f,-0.19341214073555596f,0f,0f,0f,1f],start_interpolation:0}
execute if entity @s[tag=aj.spawner.bone.t44] run data modify entity @s {} merge value {transformation:[-0.9994241967185149f,-0.03391090649620466f,-0.0011512750135510396f,0.33301605121785083f,-0.03393044375706221f,0.9988487249864488f,0.03391090649620465f,0.1746677405314897f,-1.223941643501744e-16f,0.0339304437570622f,-0.9994241967185149f,0.2937103342957406f,0f,0f,0f,1f],start_interpolation:0}
execute if entity @s[tag=aj.spawner.bone.t45] run data modify entity @s {} merge value {transformation:[-0.9994241967185149f,-0.03391090649620466f,-0.0011512750135510396f,0.09965014745996473f,-0.03393044375706221f,0.9988487249864488f,0.03391090649620465f,0.9146729405086664f,-1.223941643501744e-16f,0.0339304437570622f,-0.9994241967185149f,-0.1724462516755268f,0f,0f,0f,1f],start_interpolation:0}
execute if entity @s[tag=aj.spawner.bone.heart] run data modify entity @s {} merge value {transformation:[-1.0777777777777777f,0f,1.2246467991473532e-16f,-0.03125f,0f,1f,0f,0.37499999999999994f,-1.3198971057477027e-16f,0f,-1f,-0.017116477272727693f,0f,0f,0f,1f],start_interpolation:0}