execute if entity @s[tag=aj.spawner.bone.bones_right] run data modify entity @s {} merge value {transformation:[-1f,2.5703021984523462e-17f,1.1973701385737696e-16f,-0.03125f,0f,0.9777269163708469f,-0.20988110206484764f,0.7169822295473685f,-1.2246467991473532e-16f,-0.20988110206484764f,-0.9777269163708469f,-0.12539624631981894f,0f,0f,0f,1f],start_interpolation:0}
execute if entity @s[tag=aj.spawner.bone.bones_left] run data modify entity @s {} merge value {transformation:[-1f,-2.5703021984523462e-17f,1.1973701385737696e-16f,-0.031250000000000056f,0f,0.9777269163708469f,0.20988110206484764f,0.7169822295473685f,-1.2246467991473532e-16f,0.20988110206484764f,-0.9777269163708469f,0.06289624631981891f,0f,0f,0f,1f],start_interpolation:0}
execute if entity @s[tag=aj.spawner.bone.t11] run data modify entity @s {} merge value {transformation:[-0.9976532345959667f,0.06852591595175136f,0.001874043556118704f,-0.19752971835297267f,0.06787183162116896f,0.9933817455052517f,-0.10468340348048062f,0.7170593273649519f,-0.009024299008381738f,-0.10443616014555628f,-0.9945038325700373f,0.1466579743673f,0f,0f,0f,1f],start_interpolation:0}
execute if entity @s[tag=aj.spawner.bone.t12] run data modify entity @s {} merge value {transformation:[-0.9897463051015059f,0.14281957417844862f,-0.002195625059925334f,-0.18049408930586305f,0.14090966053802698f,0.973763479878482f,-0.17868730459102897f,0.7803470393010472f,-0.023382025253924205f,-0.17716448426938114f,-0.9839034639681828f,0.12743257649813095f,0f,0f,0f,1f],start_interpolation:0}
execute if entity @s[tag=aj.spawner.bone.t13] run data modify entity @s {} merge value {transformation:[-0.974936421323206f,0.22091720022539885f,-0.026354601535049357f,-0.15882438620126266f,0.2202367259431096f,0.9415026724889822f,-0.2550852842520786f,0.8334895110009685f,-0.03153979903803802f,-0.25449618531654883f,-0.9665593270648032f,0.10925166136305885f,0f,0f,0f,1f],start_interpolation:0}
execute if entity @s[tag=aj.spawner.bone.t14] run data modify entity @s {} merge value {transformation:[-0.9374120617504073f,0.3418158220791268f,-0.06648736918559361f,-0.15624722750669878f,0.3409105569529213f,0.8619250523879697f,-0.37532012499204565f,0.8713299999690207f,-0.07098322789856563f,-0.3744958582446093f,-0.9245075627136502f,0.1000357981158401f,0f,0f,0f,1f],start_interpolation:0}
execute if entity @s[tag=aj.spawner.bone.t15] run data modify entity @s {} merge value {transformation:[-0.8835230854118863f,0.45688074758682906f,-0.10318401052857326f,-0.13853095788658049f,0.45287031134989875f,0.7770320979822114f,-0.4371837140187276f,0.8819858502898418f,-0.11956353391442685f,-0.4329908788760601f,-0.8934335230827366f,0.08206574182099119f,0f,0f,0f,1f],start_interpolation:0}
execute if entity @s[tag=aj.spawner.bone.t21] run data modify entity @s {} merge value {transformation:[-0.9953027957931658f,-0.09647363774998877f,0.009372344686307783f,0.1357916568433899f,-0.09681087070317909f,0.9918357378201724f,-0.09635613027404483f,0.7167845473574256f,-1.2275680004303964e-16f,-0.096928932740622f,-0.9953027957931658f,0.14616641032651345f,0f,0f,0f,1f],start_interpolation:0}
execute if entity @s[tag=aj.spawner.bone.t22] run data modify entity @s {} merge value {transformation:[-0.9869705657366964f,-0.15891449838846164f,0.02520485213861412f,0.12322815416548803f,-0.16089967666885993f,0.9741654326362329f,-0.15847082982213995f,0.7813897853316485f,0.0006296167422433314f,-0.16046149712191063f,-0.9870418995788137f,0.1335141197297014f,0f,0f,0f,1f],start_interpolation:0}
execute if entity @s[tag=aj.spawner.bone.t23] run data modify entity @s {} merge value {transformation:[-0.9734336350496439f,-0.22455580738933356f,0.04473977561143456f,0.10935727993126236f,-0.22883458960979766f,0.9474056658972901f,-0.22373474210284744f,0.8358471620804891f,0.007854218748702733f,-0.2280289314833464f,-0.9736226772494624f,0.11700155985347525f,0f,0f,0f,1f],start_interpolation:0}
execute if entity @s[tag=aj.spawner.bone.t24] run data modify entity @s {} merge value {transformation:[-0.9406330750177795f,-0.3183186669329174f,0.11782463437094495f,0.09570236619133063f,-0.3394000415687957f,0.8862969314137519f,-0.31509579678197375f,0.8707030376997511f,-0.004126737900112448f,-0.33637921405553217f,-0.9417175767636953f,0.10238867197715842f,0f,0f,0f,1f],start_interpolation:0}
execute if entity @s[tag=aj.spawner.bone.t25] run data modify entity @s {} merge value {transformation:[-0.8951849626262844f,-0.4005998594915939f,0.19535515161646766f,0.08800904237870823f,-0.44497285980632506f,0.8282459830533678f,-0.34059909804892474f,0.8852384580448445f,-0.02535816877375814f,-0.3918269313501508f,-0.9196894145009857f,0.08496878123879986f,0f,0f,0f,1f],start_interpolation:0}
execute if entity @s[tag=aj.spawner.bone.t31] run data modify entity @s {} merge value {transformation:[-0.9953027957931658f,0.09647363774998877f,0.009372344686307783f,-0.19578733664492665f,0.09681087070317909f,0.9918357378201724f,0.09635613027404483f,0.7166627538965294f,-1.2275680004303964e-16f,0.096928932740622f,-0.9953027957931658f,-0.20991270252298472f,0f,0f,0f,1f],start_interpolation:0}
execute if entity @s[tag=aj.spawner.bone.t32] run data modify entity @s {} merge value {transformation:[-0.986970629127869f,0.15891409864089337f,0.025204890241596452f,-0.18322383396702485f,0.16089928797179837f,0.974165433111346f,0.1584712215550576f,0.7812679918707522f,0.0006295785152145503f,0.16046189013013734f,-0.987041835712528f,-0.19726041192617266f,0f,0f,0f,1f],start_interpolation:0}
execute if entity @s[tag=aj.spawner.bone.t33] run data modify entity @s {} merge value {transformation:[-0.9735294170110137f,0.2258843049922767f,0.034882015027116096f,-0.1676466298298761f,0.22784998427969733f,0.9470941296201902f,0.2260466639937781f,0.8358867411505821f,0.018023841930552356f,0.22801094359071986f,-0.9734917312052178f,-0.18409742876655832f,0f,0f,0f,1f],start_interpolation:0}
execute if entity @s[tag=aj.spawner.bone.t34] run data modify entity @s {} merge value {transformation:[-0.9411579430096488f,0.3313097287511308f,0.0667502055779522f,-0.15965462819503817f,0.3340048058921636f,0.8816479766491199f,0.33337311665977387f,0.8726346496943471f,0.05159957316475441f,0.3360516461875544f,-0.9404290378034112f,-0.16582742612747697f,0f,0f,0f,1f],start_interpolation:0}
execute if entity @s[tag=aj.spawner.bone.t35] run data modify entity @s {} merge value {transformation:[-0.8963043638609759f,0.43350396272160385f,0.09334238923681709f,-0.13496326602979042f,0.433463331782505f,0.8121117611395338f,0.39062005506483516f,0.8851107617033782f,0.09353088967705378f,0.39057496300135663f,-0.915807387474412f,-0.1616348693422018f,0f,0f,0f,1f],start_interpolation:0}
execute if entity @s[tag=aj.spawner.bone.t41] run data modify entity @s {} merge value {transformation:[-0.9953027957931658f,-0.09635613027404484f,-0.00937234468630754f,0.14431971951588704f,-0.09681087070317909f,0.9906276553136923f,0.09635613027404483f,0.7181551066094289f,-1.2102207656706283e-16f,0.09681087070317908f,-0.9953027957931658f,-0.21420280078071374f,0f,0f,0f,1f],start_interpolation:0}
execute if entity @s[tag=aj.spawner.bone.t42] run data modify entity @s {} merge value {transformation:[-0.9953027957931658f,-0.09635613027404484f,-0.00937234468630754f,0.13153317024012862f,-0.09681087070317909f,0.9906276553136923f,0.09635613027404483f,0.7850534641561369f,-1.2102207656706283e-16f,0.09681087070317908f,-0.9953027957931658f,-0.201326410946163f,0f,0f,0f,1f],start_interpolation:0}
execute if entity @s[tag=aj.spawner.bone.t43] run data modify entity @s {} merge value {transformation:[-0.9953027957931658f,-0.09635613027404484f,-0.00937234468630754f,0.11626781411887403f,-0.09681087070317909f,0.9906276553136923f,0.09635613027404483f,0.845156751979081f,-1.2102207656706283e-16f,0.09681087070317908f,-0.9953027957931658f,-0.18594476781665334f,0f,0f,0f,1f],start_interpolation:0}
execute if entity @s[tag=aj.spawner.bone.t44] run data modify entity @s {} merge value {transformation:[-0.9953027957931658f,-0.09635613027404484f,-0.00937234468630754f,0.3736680725614838f,-0.09681087070317909f,0.9906276553136923f,0.09635613027404483f,0.15496183591721813f,-1.2102207656706283e-16f,0.09681087070317908f,-0.9953027957931658f,0.2572210040769226f,0f,0f,0f,1f],start_interpolation:0}
execute if entity @s[tag=aj.spawner.bone.t45] run data modify entity @s {} merge value {transformation:[-0.9953027957931658f,-0.09635613027404484f,-0.00937234468630754f,0.09145824711138628f,-0.09681087070317909f,0.9906276553136923f,0.09635613027404483f,0.9065448105907187f,-1.2102207656706283e-16f,0.09681087070317908f,-0.9953027957931658f,-0.1609296270056356f,0f,0f,0f,1f],start_interpolation:0}
execute if entity @s[tag=aj.spawner.bone.v21] run data modify entity @s {} merge value {transformation:[-1f,0f,1.3376911190686474e-16f,-0.08549492101734665f,0f,1f,0f,0.6282246178250585f,-1.2246467991473532e-16f,0f,-1.0923076923076924f,-0.03125f,0f,0f,0f,1f],start_interpolation:0}
execute if entity @s[tag=aj.spawner.bone.v22] run data modify entity @s {} merge value {transformation:[-1f,0f,1.3376911190686474e-16f,0.02392149852408563f,0f,1f,0f,0.6282246178250586f,-1.2246467991473532e-16f,0f,-1.0923076923076924f,-0.03125f,0f,0f,0f,1f],start_interpolation:0}
execute if entity @s[tag=aj.spawner.bone.v31] run data modify entity @s {} merge value {transformation:[-1f,0f,1.3565318390555298e-16f,-0.14883150298131478f,0f,1f,0f,0.5591048674991094f,-1.2246467991473532e-16f,0f,-1.1076923076923078f,-0.03125f,0f,0f,0f,1f],start_interpolation:0}
execute if entity @s[tag=aj.spawner.bone.v32] run data modify entity @s {} merge value {transformation:[-1f,0f,1.3565318390555298e-16f,0.08725808048805375f,0f,1f,0f,0.5591048674991094f,-1.2246467991473532e-16f,0f,-1.1076923076923078f,-0.03125f,0f,0f,0f,1f],start_interpolation:0}
execute if entity @s[tag=aj.spawner.bone.heart] run data modify entity @s {} merge value {transformation:[-1.2222222222222223f,0f,1.2246467991473532e-16f,-0.03125f,0f,1f,0f,0.37499999999999994f,-1.4967905322912096e-16f,0f,-1f,-0.017116477272727693f,0f,0f,0f,1f],start_interpolation:0}