execute if entity @s[tag=aj.spawner.bone.bones_right] run data modify entity @s {} merge value {transformation:[-1f,3.9948320169227644e-17f,1.1576583927167573e-16f,-0.03125f,0f,0.9452998150346402f,-0.3262027892208694f,0.7232322295473684f,-1.2246467991473532e-16f,-0.3262027892208694f,-0.9452998150346402f,-0.12587701555058817f,0f,0f,0f,1f],start_interpolation:0}
execute if entity @s[tag=aj.spawner.bone.bones_left] run data modify entity @s {} merge value {transformation:[-1f,-3.9948320169227644e-17f,1.1576583927167573e-16f,-0.031250000000000056f,0f,0.9452998150346402f,0.3262027892208694f,0.7232322295473684f,-1.2246467991473532e-16f,0.3262027892208694f,-0.9452998150346402f,0.06337701555058814f,0f,0f,0f,1f],start_interpolation:0}
execute if entity @s[tag=aj.spawner.bone.t11] run data modify entity @s {} merge value {transformation:[-0.9987324462141337f,0.05029253402768373f,0.002903652808617354f,-0.19806402974165127f,0.04987070272716217f,0.9965433598187152f,-0.07804170238046394f,0.7182432141421645f,-0.006812773930742913f,-0.07786371438744302f,-0.9969458668804069f,0.14741469747400998f,0f,0f,0f,1f],start_interpolation:0}
execute if entity @s[tag=aj.spawner.bone.t12] run data modify entity @s {} merge value {transformation:[-0.9939303186136632f,0.10999963439054737f,0.0016131256888261307f,-0.18210245567228692f,0.10873316284837158f,0.9845043716604444f,-0.13757994577140614f,0.782819612847786f,-0.0167218730270131f,-0.13656947907720618f,-0.9904893519604584f,0.1297671960494297f,0f,0f,0f,1f],start_interpolation:0}
execute if entity @s[tag=aj.spawner.bone.t13] run data modify entity @s {} merge value {transformation:[-0.9734336617801096f,0.2271741632731246f,-0.02861478035077306f,-0.16127967704568208f,0.22692166883671222f,0.9404897811785412f,-0.2529536078238482f,0.835515179905416f,-0.03055261569373023f,-0.25272687043505165f,-0.9670551518059224f,0.1123839758178315f,0f,0f,0f,1f],start_interpolation:0}
execute if entity @s[tag=aj.spawner.bone.t14] run data modify entity @s {} merge value {transformation:[-0.9074681356051478f,0.4055192633149775f,-0.109798496992424f,-0.1578634332890691f,0.41119826824351646f,0.803748097254902f,-0.4300057910687455f,0.8724159161889413f,-0.08612529857626286f,-0.43536550533959684f,-0.8961246061265962f,0.10320563342678646f,0f,0f,0f,1f],start_interpolation:0}
execute if entity @s[tag=aj.spawner.bone.t15] run data modify entity @s {} merge value {transformation:[-0.8042237172038836f,0.5598590898517306f,-0.19945428598342935f,-0.13867884608415965f,0.57403181676469f,0.6447626612116159f,-0.5047460589733659f,0.8796330335186107f,-0.15398599296233806f,-0.5204218579361429f,-0.8399103545936886f,0.08397057059662774f,0f,0f,0f,1f],start_interpolation:0}
execute if entity @s[tag=aj.spawner.bone.t21] run data modify entity @s {} merge value {transformation:[-0.996992941167792f,-0.07733477142480209f,0.006005075261595632f,0.1363216798526734f,-0.07749242067193093f,0.9949646758844907f,-0.07725939640392024f,0.717848442998253f,-1.225301022863584e-16f,-0.0775680230335621f,-0.996992941167792f,0.1467871702339983f,0f,0f,0f,1f],start_interpolation:0}
execute if entity @s[tag=aj.spawner.bone.t22] run data modify entity @s {} merge value {transformation:[-0.9916546064514151f,-0.12778765420163177f,0.017072109926224276f,0.12495949514429372f,-0.12892204639109273f,0.9834252974291338f,-0.12749035387335228f,0.7833776638751858f,-0.0004974515271283673f,-0.1286273680445333f,-0.9916928721796453f,0.13537186491323008f,0f,0f,0f,1f],start_interpolation:0}
execute if entity @s[tag=aj.spawner.bone.t23] run data modify entity @s {} merge value {transformation:[-0.9716832374913165f,-0.230637605482486f,0.051361278369011054f,0.11271838008123164f,-0.23624628421377764f,0.9442357252261074f,-0.22936126177257932f,0.8369496217326683f,0.004402178276366209f,-0.23500040456142157f,-0.9719853037378658f,0.11909123137564126f,0f,0f,0f,1f],start_interpolation:0}
execute if entity @s[tag=aj.spawner.bone.t24] run data modify entity @s {} merge value {transformation:[-0.9131894223603816f,-0.36603915467054865f,0.1791658899935554f,0.09939552830472613f,-0.4071347280000944f,0.8388892020391303f,-0.36125644625174547f,0.8703164177414295f,-0.018066326284048886f,-0.40284022136601677f,-0.9150919975086531f,0.10436982923690014f,0f,0f,0f,1f],start_interpolation:0}
execute if entity @s[tag=aj.spawner.bone.t25] run data modify entity @s {} merge value {transformation:[-0.8246191282921191f,-0.47085645339047144f,0.3135243109477989f,0.09219396919596844f,-0.5630760836102098f,0.7364123095879233f,-0.37502297843408017f,0.8823163473961091f,-0.05430117237162864f,-0.4857891626909016f,-0.8723876845136794f,0.08555443547598938f,0f,0f,0f,1f],start_interpolation:0}
execute if entity @s[tag=aj.spawner.bone.t31] run data modify entity @s {} merge value {transformation:[-0.996992941167792f,0.07733477142480209f,0.006005075261595632f,-0.19631734334924728f,0.07749242067193093f,0.9949646758844907f,0.07725939640392024f,0.7177511172237195f,-1.225301022863584e-16f,0.0775680230335621f,-0.996992941167792f,-0.21053557878641688f,0f,0f,0f,1f],start_interpolation:0}
execute if entity @s[tag=aj.spawner.bone.t32] run data modify entity @s {} merge value {transformation:[-0.9916546471269507f,0.12778733528296712f,0.017072134395007224f,-0.18495515864086765f,0.12892173342430482f,0.983425297646015f,0.12749066868096404f,0.7832803381006521f,-0.0004974760246787262f,0.1286276832222574f,-0.9916928312872284f,-0.19912027346564867f,0f,0f,0f,1f],start_interpolation:0}
execute if entity @s[tag=aj.spawner.bone.t33] run data modify entity @s {} merge value {transformation:[-0.9717796875813234f,0.23313337350218824f,0.03595926812150765f,-0.1700460065565074f,0.2350056777488611f,0.9436306789593548f,0.23309541641247528f,0.8370559714613788f,0.020410052183757948f,0.23496802311420167f,-0.9717887928370342f,-0.18811219875154359f,0f,0f,0f,1f],start_interpolation:0}
execute if entity @s[tag=aj.spawner.bone.t34] run data modify entity @s {} merge value {transformation:[-0.9137178872738074f,0.3929784567071865f,0.10338063184140278f,-0.16137173193991672f,0.40033801246295136f,0.8269822089584736f,0.39475296305838803f,0.8733049142267786f,0.06963546691954836f,0.40208004007933695f,-0.9129526510814759f,-0.17160303743465508f,0f,0f,0f,1f],start_interpolation:0}
execute if entity @s[tag=aj.spawner.bone.t35] run data modify entity @s {} merge value {transformation:[-0.8257319433842617f,0.5363715835038806f,0.17456311776658334f,-0.1353122622237787f,0.548754365974647f,0.6922750524870942f,0.4686404779015083f,0.882215100540143f,0.13051974371187508f,0.4827636855787007f,-0.8659698726790995f,-0.16607916755767388f,0f,0f,0f,1f],start_interpolation:0}
execute if entity @s[tag=aj.spawner.bone.t41] run data modify entity @s {} merge value {transformation:[-0.996992941167792f,-0.07725939640392025f,-0.006005075261595387f,0.14316926668537466f,-0.07749242067193093f,0.9939949247384045f,0.07725939640392024f,0.7187460273980981f,-1.2166274054837e-16f,0.07749242067193092f,-0.996992941167792f,-0.21397348548009879f,0f,0f,0f,1f],start_interpolation:0}
execute if entity @s[tag=aj.spawner.bone.t42] run data modify entity @s {} merge value {transformation:[-0.996992941167792f,-0.07725939640392025f,-0.006005075261595387f,0.13166400902069142f,-0.07749242067193093f,0.9939949247384045f,0.07725939640392024f,0.7861159796171386f,-1.2166274054837e-16f,0.07749242067193092f,-0.996992941167792f,-0.20241467567660493f,0f,0f,0f,1f],start_interpolation:0}
execute if entity @s[tag=aj.spawner.bone.t43] run data modify entity @s {} merge value {transformation:[-0.996992941167792f,-0.07725939640392025f,-0.006005075261595387f,0.11754478550257581f,-0.07749242067193093f,0.9939949247384045f,0.07725939640392024f,0.8467898641282027f,-1.2166274054837e-16f,0.07749242067193092f,-0.996992941167792f,-0.18822459056116117f,0f,0f,0f,1f],start_interpolation:0}
execute if entity @s[tag=aj.spawner.bone.t44] run data modify entity @s {} merge value {transformation:[-0.996992941167792f,-0.07725939640392025f,-0.006005075261595387f,0.360836537002296f,-0.07749242067193093f,0.9939949247384045f,0.07725939640392024f,0.1604345749085616f,-1.2166274054837e-16f,0.07749242067193092f,-0.996992941167792f,0.2686620006126382f,0f,0f,0f,1f],start_interpolation:0}
execute if entity @s[tag=aj.spawner.bone.t45] run data modify entity @s {} merge value {transformation:[-0.996992941167792f,-0.07725939640392025f,-0.006005075261595387f,0.09389361512782739f,-0.07749242067193093f,0.9939949247384045f,0.07725939640392024f,0.9091191844939878f,-1.2166274054837e-16f,0.07749242067193092f,-0.996992941167792f,-0.16444553280766983f,0f,0f,0f,1f],start_interpolation:0}
execute if entity @s[tag=aj.spawner.bone.v21] run data modify entity @s {} merge value {transformation:[-1f,0f,1.2623282391211177e-16f,-0.08549492101734665f,0f,1f,0f,0.6282246178250585f,-1.2246467991473532e-16f,0f,-1.0307692307692307f,-0.03125f,0f,0f,0f,1f],start_interpolation:0}
execute if entity @s[tag=aj.spawner.bone.v22] run data modify entity @s {} merge value {transformation:[-1f,0f,1.2623282391211177e-16f,0.02392149852408563f,0f,1f,0f,0.6282246178250586f,-1.2246467991473532e-16f,0f,-1.0307692307692307f,-0.03125f,0f,0f,0f,1f],start_interpolation:0}
execute if entity @s[tag=aj.spawner.bone.v31] run data modify entity @s {} merge value {transformation:[-1f,0f,1.4318947190030595e-16f,-0.14883150298131478f,0f,1f,0f,0.5591048674991094f,-1.2246467991473532e-16f,0f,-1.1692307692307695f,-0.03125f,0f,0f,0f,1f],start_interpolation:0}
execute if entity @s[tag=aj.spawner.bone.v32] run data modify entity @s {} merge value {transformation:[-1f,0f,1.4318947190030595e-16f,0.08725808048805375f,0f,1f,0f,0.5591048674991094f,-1.2246467991473532e-16f,0f,-1.1692307692307695f,-0.03125f,0f,0f,0f,1f],start_interpolation:0}
execute if entity @s[tag=aj.spawner.bone.heart] run data modify entity @s {} merge value {transformation:[-1.177777777777778f,0f,1.2246467991473532e-16f,-0.03125f,0f,1f,0f,0.37499999999999994f,-1.4423617856624385e-16f,0f,-1f,-0.017116477272727693f,0f,0f,0f,1f],start_interpolation:0}