execute if entity @s[tag=aj.spawner.bone.bones_right] run data modify entity @s {} merge value {transformation:[-1f,2.2074875508898454e-17f,1.2045869706204368e-16f,-0.03125f,0f,0.9836199069471436f,-0.18025503781390553f,0.7154197295473684f,-1.2246467991473532e-16f,-0.18025503781390553f,-0.9836199069471436f,-0.1252760540121266f,0f,0f,0f,1f],start_interpolation:0}
execute if entity @s[tag=aj.spawner.bone.bones_left] run data modify entity @s {} merge value {transformation:[-1f,-2.2074875508898454e-17f,1.2045869706204368e-16f,-0.031250000000000056f,0f,0.9836199069471436f,0.18025503781390553f,0.7154197295473684f,-1.2246467991473532e-16f,0.18025503781390553f,-0.9836199069471436f,0.0627760540121266f,0f,0f,0f,1f],start_interpolation:0}
execute if entity @s[tag=aj.spawner.bone.t11] run data modify entity @s {} merge value {transformation:[-0.9998712657842082f,0.01594950920043849f,0.0017906770434352f,-0.1993821644459118f,0.015896629229501146f,0.9998536277353876f,-0.024415814251233427f,0.7208095322627517f,-0.0021792288142720795f,-0.024390990358641226f,-0.9997002858307961f,0.14919608194555672f,0f,0f,0f,1f],start_interpolation:0}
execute if entity @s[tag=aj.spawner.bone.t12] run data modify entity @s {} merge value {transformation:[-0.9994581949036543f,0.032804038566230265f,0.002685459676535846f,-0.18596835448293314f,0.03266547796680839f,0.9986143164996921f,-0.041260313026595094f,0.7884094822215448f,-0.004035243379150485f,-0.041150236154825826f,-0.9991448217727362f,0.13525832695541384f,0f,0f,0f,1f],start_interpolation:0}
execute if entity @s[tag=aj.spawner.bone.t13] run data modify entity @s {} merge value {transformation:[-0.9949336614133226f,0.10051721967933476f,-0.001816021645322446f,-0.1717256477052192f,0.10011800090307302f,0.9890179275066238f,-0.10871947831771027f,0.8466520160914605f,-0.009132101721519976f,-0.10835048508631219f,-0.9940708109082113f,0.1260183234519129f,0f,0f,0f,1f],start_interpolation:0}
execute if entity @s[tag=aj.spawner.bone.t14] run data modify entity @s {} merge value {transformation:[-0.9780367565473915f,0.2080663840986373f,-0.012348386549532329f,-0.17179951970008758f,0.20573494832974332f,0.9541826963680073f,-0.2172752010415298f,0.8855606711179955f,-0.03342504866138839f,-0.21504362757356396f,-0.9760322762911f,0.12031713005018146f,0f,0f,0f,1f],start_interpolation:0}
execute if entity @s[tag=aj.spawner.bone.t15] run data modify entity @s {} merge value {transformation:[-0.9493395952330331f,0.3133092563000808f,-0.024323709410180364f,-0.1575168808167655f,0.3074495966627284f,0.9099858496393339f,-0.27820945161533456f,0.9021870946742239f,-0.06503136500725053f,-0.27159356283400726f,-0.9602124026445523f,0.10594728000458868f,0f,0f,0f,1f],start_interpolation:0}
execute if entity @s[tag=aj.spawner.bone.t21] run data modify entity @s {} merge value {transformation:[-0.9995769500822006f,-0.02908305070442883f,0.0008459208643660176f,0.1377845338236473f,-0.02908471874311139f,0.9995196233109276f,-0.029072414455237897f,0.720410210406922f,-1.2230445102471552e-16f,-0.029095359493871067f,-0.9995769500822006f,0.1483849669506644f,0f,0f,0f,1f],start_interpolation:0}
execute if entity @s[tag=aj.spawner.bone.t22] run data modify entity @s {} merge value {transformation:[-0.9988259451075804f,-0.0483189181748455f,0.0034660534273765167f,0.12956392557394325f,-0.04842999791257138f,0.9976594152334571f,-0.04827241964336118f,0.788044714265607f,-0.0011254697406750018f,-0.04838360613316266f,-0.9988281934223793f,0.14015823432041105f,0f,0f,0f,1f],start_interpolation:0}
execute if entity @s[tag=aj.spawner.bone.t23] run data modify entity @s {} merge value {transformation:[-0.9940017073324827f,-0.10847181418283158f,0.013945298418991411f,0.11584466229736266f,-0.10934549194760058f,0.988096531206059f,-0.10820724748967098f,0.8462962170259573f,-0.002041864551503491f,-0.10908304426646216f,-0.9940305429123968f,0.13099731847685464f,0f,0f,0f,1f],start_interpolation:0}
execute if entity @s[tag=aj.spawner.bone.t24] run data modify entity @s {} merge value {transformation:[-0.9783575026169219f,-0.1978729198594799f,0.060521935357878545f,0.1046647261112982f,-0.2060621471429674f,0.9583192052245342f,-0.19789566041893716f,0.8833965472150429f,-0.018841140836197597f,-0.20608398405529016f,-0.9783529030610015f,0.11908691857388176f,0f,0f,0f,1f],start_interpolation:0}
execute if entity @s[tag=aj.spawner.bone.t25] run data modify entity @s {} merge value {transformation:[-0.9530329970535909f,-0.27949120742537603f,0.11667378239757106f,0.09618789557767733f,-0.29986183914939835f,0.924881527373717f,-0.23383121636086365f,0.9019819806257111f,-0.04255565707389211f,-0.25783487990333287f,-0.9652513614371353f,0.10483147058009944f,0f,0f,0f,1f],start_interpolation:0}
execute if entity @s[tag=aj.spawner.bone.t31] run data modify entity @s {} merge value {transformation:[-0.9995769500822006f,0.02908305070442883f,0.0008459208643660176f,-0.19778018622166335f,0.02908471874311139f,0.9995196233109276f,0.029072414455237897f,0.7203737758737353f,-1.2230445102471552e-16f,0.029095359493871067f,-0.9995769500822006f,-0.21213661113163668f,0f,0f,0f,1f],start_interpolation:0}
execute if entity @s[tag=aj.spawner.bone.t32] run data modify entity @s {} merge value {transformation:[-0.9989824692122494f,0.04499560816428094f,0.003069438470385718f,-0.18955696085646054f,0.04508817695261329f,0.997970996039098f,0.044954948157244476f,0.7880982241582684f,-0.0010404353352426244f,0.04504760049833066f,-0.9989842997683477f,-0.20390726027824543f,0f,0f,0f,1f],start_interpolation:0}
execute if entity @s[tag=aj.spawner.bone.t33] run data modify entity @s {} merge value {transformation:[-0.9936394081183606f,0.11247641846297385f,0.005457281735062088f,-0.18111739307149294f,0.11237434015026673f,0.9872808789064405f,0.11246543389645852f,0.846214414720209f,0.0072618392977258275f,0.11236334560464337f,-0.9936406514704124f,-0.19099661515571303f,0f,0f,0f,1f],start_interpolation:0}
execute if entity @s[tag=aj.spawner.bone.t34] run data modify entity @s {} merge value {transformation:[-0.9754952809776216f,0.21934010381602756f,0.01728802037149557f,-0.17573648794059418f,0.21768124647282847f,0.9507134872371812f,0.22081381324399516f,0.8846646415042347f,0.03199737058613883f,0.2191661106177059f,-0.975162747561801f,-0.17520811520726803f,0f,0f,0f,1f],start_interpolation:0}
execute if entity @s[tag=aj.spawner.bone.t35] run data modify entity @s {} merge value {transformation:[-0.9456169242607109f,0.32389803748538165f,0.02997822317668791f,-0.15377560057485073f,0.3189124990237854f,0.905004372499828f,0.2815349067568649f,0.9011223328970179f,0.06405818072750019f,0.2757846026690229f,-0.9590825837291448f,-0.1704392619563713f,0f,0f,0f,1f],start_interpolation:0}
execute if entity @s[tag=aj.spawner.bone.t41] run data modify entity @s {} merge value {transformation:[-0.9995769500822006f,-0.0290724144552379f,-0.0008459208643657728f,0.14036749352235858f,-0.02908471874311139f,0.9991540791356341f,0.029072414455237897f,0.7205594268654718f,-1.2252129145921262e-16f,0.029084718743111387f,-0.9995769500822006f,-0.21342916753260494f,0f,0f,0f,1f],start_interpolation:0}
execute if entity @s[tag=aj.spawner.bone.t42] run data modify entity @s {} merge value {transformation:[-0.9995769500822006f,-0.0290724144552379f,-0.0008459208643657728f,0.13212669609594946f,-0.02908471874311139f,0.9991540791356341f,0.029072414455237897f,0.7888877877235562f,-1.2252129145921262e-16f,0.029084718743111387f,-0.9995769500822006f,-0.2051822371810023f,0f,0f,0f,1f],start_interpolation:0}
execute if entity @s[tag=aj.spawner.bone.t43] run data modify entity @s {} merge value {transformation:[-0.9995769500822006f,-0.0290724144552379f,-0.0008459208643657728f,0.1209465667935799f,-0.02908471874311139f,0.9991540791356341f,0.029072414455237897f,0.8507896945457987f,-1.2252129145921262e-16f,0.029084718743111387f,-0.9995769500822006f,-0.1939934083525372f,0f,0f,0f,1f],start_interpolation:0}
execute if entity @s[tag=aj.spawner.bone.t44] run data modify entity @s {} merge value {transformation:[-0.9995769500822006f,-0.0290724144552379f,-0.0008459208643657728f,0.3300220251541003f,-0.02908471874311139f,0.9991540791356341f,0.029072414455237897f,0.17640865303284825f,-1.2252129145921262e-16f,0.029084718743111387f,-0.9995769500822006f,0.2964324067726864f,0f,0f,0f,1f],start_interpolation:0}
execute if entity @s[tag=aj.spawner.bone.t45] run data modify entity @s {} merge value {transformation:[-0.9995769500822006f,-0.0290724144552379f,-0.0008459208643657728f,0.10031248279712052f,-0.02908471874311139f,0.9991540791356341f,0.029072414455237897f,0.9152687347416051f,-1.2252129145921262e-16f,0.029084718743111387f,-0.9995769500822006f,-0.17334265587097944f,0f,0f,0f,1f],start_interpolation:0}
execute if entity @s[tag=aj.spawner.bone.heart] run data modify entity @s {} merge value {transformation:[-1.0666666666666667f,0f,1.2246467991473532e-16f,-0.03125f,0f,1f,0f,0.37499999999999994f,-1.30628991909051e-16f,0f,-1f,-0.017116477272727693f,0f,0f,0f,1f],start_interpolation:0}