execute if entity @s[tag=aj.spawner.bone.bones_right] run data modify entity @s {} merge value {transformation:[-1f,3.643361626403368e-17f,1.169195853248878e-16f,-0.03125f,0f,0.9547208665085457f,-0.2975030538552028f,0.7216697295473684f,-1.2246467991473532e-16f,-0.2975030538552028f,-0.9547208665085457f,-0.12575682324289583f,0f,0f,0f,1f],start_interpolation:0}
execute if entity @s[tag=aj.spawner.bone.bones_left] run data modify entity @s {} merge value {transformation:[-1f,-3.643361626403368e-17f,1.169195853248878e-16f,-0.031250000000000056f,0f,0.9547208665085457f,0.2975030538552028f,0.7216697295473684f,-1.2246467991473532e-16f,0.2975030538552028f,-0.9547208665085457f,0.06325682324289583f,0f,0f,0f,1f],start_interpolation:0}
execute if entity @s[tag=aj.spawner.bone.t11] run data modify entity @s {} merge value {transformation:[-0.9995015730969367f,0.031465819538733925f,0.0027552958610274447f,-0.1988006262947586f,0.03127939995482877f,0.9988946506404168f,-0.048203493167354006f,0.7197318076092758f,-0.00426667496009151f,-0.0481196340355656f,-0.9988337357093938f,0.14842286658249682f,0f,0f,0f,1f],start_interpolation:0}
execute if entity @s[tag=aj.spawner.bone.t12] run data modify entity @s {} merge value {transformation:[-0.9978868933727697f,0.06488162638454464f,0.003481751360870717f,-0.1842724683489795f,0.06438235835012965f,0.9945856216249731f,-0.08157421890610732f,0.7861421881192775f,-0.008755567835272308f,-0.08117768051972404f,-0.9966611882767982f,0.13286631917008343f,0f,0f,0f,1f],start_interpolation:0}
execute if entity @s[tag=aj.spawner.bone.t13] run data modify entity @s {} merge value {transformation:[-0.9835002742360306f,0.18021496637473144f,-0.015804318150647676f,-0.1662754493147841f,0.17978865072950426f,0.9639879313630487f,-0.19596762297699685f,0.8407686112251316f,-0.020081126624689194f,-0.19557564797526425f,-0.9804830005015582f,0.1189133850239297f,0f,0f,0f,1f],start_interpolation:0}
execute if entity @s[tag=aj.spawner.bone.t14] run data modify entity @s {} merge value {transformation:[-0.9317197593963611f,0.3550932271109683f,-0.07620426504012291f,-0.16397321667362635f,0.3570389278510404f,0.8571623034743242f,-0.3712088219608609f,0.878229634885813f,-0.06649431516578332f,-0.37307048337078186f,-0.925417160251594f,0.11114203447048981f,0f,0f,0f,1f],start_interpolation:0}
execute if entity @s[tag=aj.spawner.bone.t15] run data modify entity @s {} merge value {transformation:[-0.8462967632800282f,0.5117969669090997f,-0.14780275073351679f,-0.14609520425285422f,0.5178614361451518f,0.7253498596211231f,-0.4535274127341126f,0.8881360959916745f,-0.124905249751278f,-0.46036012621670774f,-0.8789011507412581f,0.09321019238352707f,0f,0f,0f,1f],start_interpolation:0}
execute if entity @s[tag=aj.spawner.bone.t21] run data modify entity @s {} merge value {transformation:[-0.9988250086459504f,-0.04843495086095027f,0.0023486021034172136f,0.13717632604489075f,-0.048462378227002965f,0.9982597219196904f,-0.04840543535158955f,0.7194029487773117f,-1.2232078497465904e-16f,-0.04849192845762919f,-0.9988250086459504f,0.14773812922253715f,0f,0f,0f,1f],start_interpolation:0}
execute if entity @s[tag=aj.spawner.bone.t22] run data modify entity @s {} merge value {transformation:[-0.9967384060710388f,-0.0803280645596768f,0.007742861684232521f,0.1276764996330128f,-0.08069069029585685f,0.9935070756619016f,-0.08020413399142579f,0.7862313694298994f,-0.0012499450159402178f,-0.08056731752908786f,-0.9967483859949933f,0.13821977513093398f,0f,0f,0f,1f],start_interpolation:0}
execute if entity @s[tag=aj.spawner.bone.t23] run data modify entity @s {} merge value {transformation:[-0.9833658751093337f,-0.1784923944868499f,0.033645516503761005f,0.11536440256726639f,-0.18163394064742092f,0.9671710651003338f,-0.17773362776237667f,0.8415783404389443f,-0.0008168692326523232f,-0.18088835214860208f,-0.9835032977990567f,0.1251598809625121f,0f,0f,0f,1f],start_interpolation:0}
execute if entity @s[tag=aj.spawner.bone.t24] run data modify entity @s {} merge value {transformation:[-0.9402606698222662f,-0.3114203995700849f,0.13757618804499577f,0.10309381873439596f,-0.3394769376476137f,0.8882151833519075f,-0.3095629126179935f,0.8762287845044187f,-0.025793053149667622f,-0.33777377458107366f,-0.9408738468118201f,0.11165908293859991f,0f,0f,0f,1f],start_interpolation:0}
execute if entity @s[tag=aj.spawner.bone.t25] run data modify entity @s {} merge value {transformation:[-0.8714819752249725f,-0.41973680243609107f,0.253653668490535f,0.09542511210744918f,-0.4864167029387859f,0.8057775612598568f,-0.33781846141423133f,0.8904365502394039f,-0.06259359360303011f,-0.4177840811362293f,-0.9063876122217335f,0.09434645846670114f,0f,0f,0f,1f],start_interpolation:0}
execute if entity @s[tag=aj.spawner.bone.t31] run data modify entity @s {} merge value {transformation:[-0.9988250086459504f,0.04843495086095027f,0.0023486021034172136f,-0.19717197994756083f,0.048462378227002965f,0.9982597219196904f,0.04840543535158955f,0.7193421941491487f,-1.2232078497465904e-16f,0.04849192845762919f,-0.9988250086459504f,-0.21148883184205886f,0f,0f,0f,1f],start_interpolation:0}
execute if entity @s[tag=aj.spawner.bone.t32] run data modify entity @s {} merge value {transformation:[-0.9967980910486224f,0.0795746416926865f,0.00783849993957609f,-0.18767411325123934f,0.07994631810117084f,0.9936284282675386f,0.07944263817778995f,0.7861302244416437f,-0.0014669369068168135f,0.0798149292930928f,-0.9968086201262758f,-0.20197243977136964f,0f,0f,0f,1f],start_interpolation:0}
execute if entity @s[tag=aj.spawner.bone.t33] run data modify entity @s {} merge value {transformation:[-0.9807085859432872f,0.1941173379524147f,0.02300279468642446f,-0.17538671289051147f,0.1948563078875234f,0.9614508588896717f,0.1940187238818854f,0.8409828637568456f,0.01554634148475061f,0.19475806798841633f,-0.9807281000460112f,-0.19152409070337167f,0f,0f,0f,1f],start_interpolation:0}
execute if entity @s[tag=aj.spawner.bone.t34] run data modify entity @s {} merge value {transformation:[-0.9264189295392532f,0.36657737282250563f,0.08584286065768054f,-0.167570243740976f,0.37137260876431877f,0.8522655081392146f,0.3684099470641239f,0.8778077956302623f,0.061889841257903006f,0.3731816358969933f,-0.925691694992623f,-0.17622069442170418f,0f,0f,0f,1f],start_interpolation:0}
execute if entity @s[tag=aj.spawner.bone.t35] run data modify entity @s {} merge value {transformation:[-0.8387939575728749f,0.5208690666226906f,0.15849325592857663f,-0.14209807669175906f,0.5309686692027279f,0.718219712510536f,0.4497029207002855f,0.8876866480342586f,0.12040335985477443f,0.461363045764277f,-0.8790035101970819f,-0.17019677339233394f,0f,0f,0f,1f],start_interpolation:0}
execute if entity @s[tag=aj.spawner.bone.t41] run data modify entity @s {} merge value {transformation:[-0.9988250086459504f,-0.04840543535158956f,-0.002348602103416969f,0.14147360375382134f,-0.048462378227002965f,0.9976513978965829f,0.04840543535158955f,0.7197767724209795f,-1.2232078497465904e-16f,0.04846237822700296f,-0.9988250086459504f,-0.21364147194689914f,0f,0f,0f,1f],start_interpolation:0}
execute if entity @s[tag=aj.spawner.bone.t42] run data modify entity @s {} merge value {transformation:[-0.9988250086459504f,-0.04840543535158956f,-0.002348602103416969f,0.1319177525325087f,-0.048462378227002965f,0.9976513978965829f,0.04840543535158955f,0.7877598821915025f,-1.2232078497465904e-16f,0.04846237822700296f,-0.9988250086459504f,-0.20406702713975555f,0f,0f,0f,1f],start_interpolation:0}
execute if entity @s[tag=aj.spawner.bone.t43] run data modify entity @s {} merge value {transformation:[-0.9988250086459504f,-0.04840543535158956f,-0.002348602103416969f,0.11955044651169813f,-0.048462378227002965f,0.9976513978965829f,0.04840543535158955f,0.8492049588077395f,-1.2232078497465904e-16f,0.04846237822700296f,-0.9988250086459504f,-0.19167414404451208f,0f,0f,0f,1f],start_interpolation:0}
execute if entity @s[tag=aj.spawner.bone.t44] run data modify entity @s {} merge value {transformation:[-0.9988250086459504f,-0.04840543535158956f,-0.002348602103416969f,0.3421184186967833f,-0.048462378227002965f,0.9976513978965829f,0.04840543535158955f,0.16963387996265544f,-1.2232078497465904e-16f,0.04846237822700296f,-0.9988250086459504f,0.2854699255369309f,0f,0f,0f,1f],start_interpolation:0}
execute if entity @s[tag=aj.spawner.bone.t45] run data modify entity @s {} merge value {transformation:[-0.9988250086459504f,-0.04840543535158956f,-0.002348602103416969f,0.09768990719407757f,-0.048462378227002965f,0.9976513978965829f,0.04840543535158955f,0.9128595602901037f,-1.2232078497465904e-16f,0.04846237822700296f,-0.9988250086459504f,-0.16976583156125363f,0f,0f,0f,1f],start_interpolation:0}
execute if entity @s[tag=aj.spawner.bone.heart] run data modify entity @s {} merge value {transformation:[-1.1111111111111112f,0f,1.2246467991473532e-16f,-0.03125f,0f,1f,0f,0.37499999999999994f,-1.3607186657192814e-16f,0f,-1f,-0.017116477272727693f,0f,0f,0f,1f],start_interpolation:0}