execute if entity @s[tag=aj.spawner.bone.bones_right] run data modify entity @s {} merge value {transformation:[-1f,2.7250954951287987e-17f,1.1939423470528823e-16f,-0.03125f,0f,0.9749279121818236f,-0.22252093395631428f,0.7176518724045112f,-1.2246467991473532e-16f,-0.22252093395631428f,-0.9749279121818236f,-0.1254477573088299f,0f,0f,0f,1f],start_interpolation:0}
execute if entity @s[tag=aj.spawner.bone.bones_left] run data modify entity @s {} merge value {transformation:[-1f,-2.7250954951287987e-17f,1.1939423470528823e-16f,-0.031250000000000056f,0f,0.9749279121818236f,0.22252093395631428f,0.7176518724045112f,-1.2246467991473532e-16f,0.22252093395631428f,-0.9749279121818236f,0.0629477573088299f,0f,0f,0f,1f],start_interpolation:0}
execute if entity @s[tag=aj.spawner.bone.t11] run data modify entity @s {} merge value {transformation:[-0.998942591094019f,0.04604207886784714f,0.0004895794346592023f,-0.1993670443750762f,0.04587716819222318f,0.9989670735790709f,-0.054580342360447634f,0.7207824777758465f,-0.002997521814779054f,-0.054582792263831365f,-0.9985092621201835f,0.14917619539976731f,0f,0f,0f,1f],start_interpolation:0}
execute if entity @s[tag=aj.spawner.bone.t12] run data modify entity @s {} merge value {transformation:[-0.9993753427591919f,0.03530843693678252f,0.0014961838218434868f,-0.18590726074673566f,0.0352086387657769f,0.9984130605051189f,-0.04395124991468309f,0.7893545788872335f,-0.003045659404550357f,-0.04387111685247083f,-0.9990325565590484f,0.1351708430967541f,0f,0f,0f,1f],start_interpolation:0}
execute if entity @s[tag=aj.spawner.bone.t13] run data modify entity @s {} merge value {transformation:[-0.9999972170203854f,0.0019398863345321791f,0.001342681083972709f,-0.1760417253886335f,0.0019254785470210446f,0.9999414334589928f,-0.010649985180254208f,0.8521569551556938f,-0.0013632622085000897f,-0.010647370237939876f,-0.9999423858518885f,0.13111598401522026f,0f,0f,0f,1f],start_interpolation:0}
execute if entity @s[tag=aj.spawner.bone.t14] run data modify entity @s {} merge value {transformation:[-0.9999579372947404f,-0.009098398189446286f,-0.0011587888653568793f,-0.17870507172673464f,-0.009099030632405143f,0.9999584562483074f,0.0005416816895367459f,0.8929074533485842f,0.0011538122892166551f,0.0005522027603218696f,-0.9999991818943218f,0.1270939613643817f,0f,0f,0f,1f],start_interpolation:0}
execute if entity @s[tag=aj.spawner.bone.t15] run data modify entity @s {} merge value {transformation:[-0.9997896052507204f,-0.019963391804072413f,-0.0047125598442548f,-0.1695783226740883f,-0.019994144344681723f,0.9997785014399243f,0.0065713202983368885f,0.9185606311370524f,0.004580330177249275f,0.00666416132880927f,-0.9999673042301188f,0.11777895306515958f,0f,0f,0f,1f],start_interpolation:0}
execute if entity @s[tag=aj.spawner.bone.t21] run data modify entity @s {} merge value {transformation:[-0.9980585676793731f,-0.06230135661909154f,0.0029500185304270317f,0.137520185038887f,-0.062275408522949854f,0.9975408185331965f,-0.06221829099287723f,0.7199814607469364f,0.0009321883382213462f,-0.06237018516094345f,-0.998058205545446f,0.14810651094013044f,0f,0f,0f,1f],start_interpolation:0}
execute if entity @s[tag=aj.spawner.bone.t22] run data modify entity @s {} merge value {transformation:[-0.9980579478606556f,-0.062161642394045175f,0.004032731958840254f,0.12871444680073496f,-0.06229212335862774f,0.9961224436342931f,-0.06212703642954574f,0.7881681147683545f,-0.00015517619182682345f,-0.06225758992218897f,-0.9980601026077688f,0.1392902369287055f,0f,0f,0f,1f],start_interpolation:0}
execute if entity @s[tag=aj.spawner.bone.t23] run data modify entity @s {} merge value {transformation:[-0.9993007047883986f,-0.0373650467932121f,0.0013981014094100468f,0.11076942693074487f,-0.037391194276325604f,0.9986018985905901f,-0.037365046793212106f,0.8498797302484696f,-1.222706207332321e-16f,-0.03739119427632561f,-0.9993007047883986f,0.1338304725839714f,0f,0f,0f,1f],start_interpolation:0}
execute if entity @s[tag=aj.spawner.bone.t24] run data modify entity @s {} merge value {transformation:[-0.9993007047883986f,-0.0373650467932121f,0.0013981014094100468f,0.09989613499809266f,-0.037391194276325604f,0.9986018985905901f,-0.037365046793212106f,0.889747092618685f,-1.222706207332321e-16f,-0.03739119427632561f,-0.9993007047883986f,0.12294301120910452f,0f,0f,0f,1f],start_interpolation:0}
execute if entity @s[tag=aj.spawner.bone.t25] run data modify entity @s {} merge value {transformation:[-0.9993007047883986f,-0.0373650467932121f,0.0013981014094100468f,0.08960667192158432f,-0.037391194276325604f,0.9986018985905901f,-0.037365046793212106f,0.9140113003234229f,-1.222706207332321e-16f,-0.03739119427632561f,-0.9993007047883986f,0.11263978724480511f,0f,0f,0f,1f],start_interpolation:0}
execute if entity @s[tag=aj.spawner.bone.t31] run data modify entity @s {} merge value {transformation:[-0.9980585676793731f,0.06230135661909154f,0.0029500185304270317f,-0.19751583782513024f,0.062275408522949854f,0.9975408185331965f,0.06221829099287723f,0.7199346077276897f,0.0009321883382213462f,0.06237018516094345f,-0.998058205545446f,-0.21185780921395225f,0f,0f,0f,1f],start_interpolation:0}
execute if entity @s[tag=aj.spawner.bone.t32] run data modify entity @s {} merge value {transformation:[-0.998462694067168f,0.05542743241043689f,0.00021975559065684513f,-0.18869580173744005f,0.055354137035427915f,0.9969222571361771f,0.05551515774608844f,0.788503379822548f,0.002857983414270143f,0.05544197834580279f,-0.9984578203248786f,-0.2030272273475746f,0f,0f,0f,1f],start_interpolation:0}
execute if entity @s[tag=aj.spawner.bone.t33] run data modify entity @s {} merge value {transformation:[-0.9997533900465824f,0.022152428399266705f,0.0015585269909866007f,-0.1840871013935514f,0.022181509391031803f,0.9995090547827775f,0.022127585687874082f,0.850758163438205f,-0.0010675820820151942f,0.022156699286085102f,-0.9997539401999096f,-0.18412711396389503f,0f,0f,0f,1f],start_interpolation:0}
execute if entity @s[tag=aj.spawner.bone.t34] run data modify entity @s {} merge value {transformation:[-0.9999305249493169f,0.011146867124752368f,0.003833096383690874f,-0.1809602714703291f,0.011188023852122156f,0.9998781231867387f,0.010888842677217344f,0.8908159508853839f,-0.0037112527356534322f,0.010930970948088696f,-0.9999333680187217f,-0.16619836262059387f,0f,0f,0f,1f],start_interpolation:0}
execute if entity @s[tag=aj.spawner.bone.t35] run data modify entity @s {} merge value {transformation:[-0.9999735726733878f,0.0002969107658093497f,0.007264007077238658f,-0.1638356796775751f,0.0003316993103834972f,0.9999884803842136f,0.004788431312940607f,0.9161182754673306f,-0.0072625016618599065f,0.004790714233640497f,-0.9999621518471302f,-0.16267295509557966f,0f,0f,0f,1f],start_interpolation:0}
execute if entity @s[tag=aj.spawner.bone.t41] run data modify entity @s {} merge value {transformation:[-0.9993007047883986f,-0.03736504679321211f,-0.0013981014094098022f,0.14135920996540402f,-0.037391194276325604f,0.9986018985905901f,0.037365046793212106f,0.7202439164286867f,-1.224874611677292e-16f,0.0373911942763256f,-0.9993007047883986f,-0.21377954133854518f,0f,0f,0f,1f],start_interpolation:0}
execute if entity @s[tag=aj.spawner.bone.t42] run data modify entity @s {} merge value {transformation:[-0.9993007047883986f,-0.03736504679321211f,-0.0013981014094098022f,0.13255347172725196f,-0.037391194276325604f,0.9986018985905901f,0.037365046793212106f,0.7884305704501043f,-1.224874611677292e-16f,0.0373911942763256f,-0.9993007047883986f,-0.20496326732712036f,0f,0f,0f,1f],start_interpolation:0}
execute if entity @s[tag=aj.spawner.bone.t43] run data modify entity @s {} merge value {transformation:[-0.9993007047883986f,-0.03736504679321211f,-0.0013981014094098022f,0.12086281939599819f,-0.037391194276325604f,0.9986018985905901f,0.037365046793212106f,0.8501423493519892f,-1.224874611677292e-16f,0.0373911942763256f,-0.9993007047883986f,-0.19325787357745877f,0f,0f,0f,1f],start_interpolation:0}
execute if entity @s[tag=aj.spawner.bone.t44] run data modify entity @s {} merge value {transformation:[-0.9993007047883986f,-0.03736504679321211f,-0.0013981014094098022f,0.3356873604826708f,-0.037391194276325604f,0.9986018985905901f,0.037365046793212106f,0.173472622254783f,-1.224874611677292e-16f,0.0373911942763256f,-0.9993007047883986f,0.29149805837086346f,0f,0f,0f,1f],start_interpolation:0}
execute if entity @s[tag=aj.spawner.bone.t45] run data modify entity @s {} merge value {transformation:[-0.9993007047883986f,-0.03736504679321211f,-0.0013981014094098022f,0.09970006438683761f,-0.037391194276325604f,0.9986018985905901f,0.037365046793212106f,0.9142739194269424f,-1.224874611677292e-16f,0.0373911942763256f,-0.9993007047883986f,-0.17206718823829265f,0f,0f,0f,1f],start_interpolation:0}
execute if entity @s[tag=aj.spawner.bone.v41] run data modify entity @s {} merge value {transformation:[-1f,0f,1.3296165247885551e-16f,-0.17228970872519958f,0f,1f,0f,0.4987821885213817f,-1.2246467991473532e-16f,0f,-1.0857142857142859f,-0.03125f,0f,0f,0f,1f],start_interpolation:0}
execute if entity @s[tag=aj.spawner.bone.v42] run data modify entity @s {} merge value {transformation:[-1f,0f,1.3296165247885551e-16f,0.11071628623193838f,0f,1f,0f,0.4987821885213818f,-1.2246467991473532e-16f,0f,-1.0857142857142859f,-0.03125f,0f,0f,0f,1f],start_interpolation:0}
execute if entity @s[tag=aj.spawner.bone.v51] run data modify entity @s {} merge value {transformation:[-1f,0f,1.364606433335622e-16f,-0.17228970872519955f,0f,1f,0f,0.40503218852138173f,-1.2246467991473532e-16f,0f,-1.1142857142857143f,-0.031250000000000056f,0f,0f,0f,1f],start_interpolation:0}
execute if entity @s[tag=aj.spawner.bone.v52] run data modify entity @s {} merge value {transformation:[-1f,0f,1.364606433335622e-16f,0.11071628623193841f,0f,1f,0f,0.4050321885213818f,-1.2246467991473532e-16f,0f,-1.1142857142857143f,-0.03125f,0f,0f,0f,1f],start_interpolation:0}
execute if entity @s[tag=aj.spawner.bone.heart] run data modify entity @s {} merge value {transformation:[-1.0857142857142859f,0f,1.2246467991473532e-16f,-0.03125f,0f,1f,0f,0.37499999999999994f,-1.3296165247885551e-16f,0f,-1f,-0.017116477272727693f,0f,0f,0f,1f],start_interpolation:0}