execute if entity @s[tag=aj.spawner.bone.bones_right] run data modify entity @s {} merge value {transformation:[-1f,1.7119379186387113e-17f,1.2126221457194023e-16f,-0.03125f,0f,0.9901811253364456f,-0.13979033953549946f,0.7132991938330827f,-1.2246467991473532e-16f,-0.13979033953549946f,-0.9901811253364456f,-0.12511293588025846f,0f,0f,0f,1f],start_interpolation:0}
execute if entity @s[tag=aj.spawner.bone.bones_left] run data modify entity @s {} merge value {transformation:[-1f,-1.7119379186387113e-17f,1.2126221457194023e-16f,-0.031250000000000056f,0f,0.9901811253364456f,0.13979033953549946f,0.7132991938330827f,-1.2246467991473532e-16f,0.13979033953549946f,-0.9901811253364456f,0.06261293588025849f,0f,0f,0f,1f],start_interpolation:0}
execute if entity @s[tag=aj.spawner.bone.t11] run data modify entity @s {} merge value {transformation:[-0.9952995999942658f,0.0970527351582466f,-0.0007886264478934503f,-0.19728009767268428f,0.09603478827037851f,0.9880634378181935f,-0.1370142887038853f,0.7164706067393353f,-0.012491024502346362f,-0.13674502299302052f,-0.990568757209359f,0.14629544312972442f,0f,0f,0f,1f],start_interpolation:0}
execute if entity @s[tag=aj.spawner.bone.t12] run data modify entity @s {} merge value {transformation:[-0.9868601027394963f,0.1614641889683243f,-0.006037656978664704f,-0.1796844786845404f,0.15936279167697756f,0.9664914587258059f,-0.2012405546578129f,0.7797033931666075f,-0.026657799044763807f,-0.19955845231627045f,-0.9795232441648456f,0.12624174434367413f,0f,0f,0f,1f],start_interpolation:0}
execute if entity @s[tag=aj.spawner.bone.t13] run data modify entity @s {} merge value {transformation:[-0.9910886402961565f,0.13302324541750696f,-0.006937092655364222f,-0.16106487736287095f,0.13221486063994511f,0.976059202979825f,-0.1727068698817418f,0.8379103082746014f,-0.01620301520937638f,-0.17208500357957612f,-0.9849488381845739f,0.11172198148439234f,0f,0f,0f,1f],start_interpolation:0}
execute if entity @s[tag=aj.spawner.bone.t14] run data modify entity @s {} merge value {transformation:[-0.9930400538359729f,0.11754547048817485f,-0.007383349183222772f,-0.16121442802068947f,0.11724198026818768f,0.9806143819514012f,-0.15700239479977876f,0.8782590959776566f,-0.011214701968472787f,-0.15677530506360154f,-0.9875706223769382f,0.10387601656728232f,0f,0f,0f,1f],start_interpolation:0}
execute if entity @s[tag=aj.spawner.bone.t15] run data modify entity @s {} merge value {transformation:[-0.9947236658008293f,0.10221947627170824f,-0.008718220374459797f,-0.14828929533957474f,0.1023798392512133f,0.983645030489479f,-0.14819184359554854f,0.8995947685728793f,-0.0065724584940263725f,-0.14830250390364105f,-0.9889202041243038f,0.09017180400927764f,0f,0f,0f,1f],start_interpolation:0}
execute if entity @s[tag=aj.spawner.bone.t21] run data modify entity @s {} merge value {transformation:[-0.9924414281077827f,-0.12222132561617308f,0.013419538089999352f,0.13551672051375716f,-0.12270784491255354f,0.9868299354559389f,-0.1220602081203536f,0.7161962892743118f,0.0016722955186069459f,-0.12302386896301014f,-0.9924319732813263f,0.14583286418566505f,0f,0f,0f,1f],start_interpolation:0}
execute if entity @s[tag=aj.spawner.bone.t22] run data modify entity @s {} merge value {transformation:[-0.9839905885492389f,-0.17574283493429518f,0.029613807856800494f,0.12225366571725779f,-0.17820768641287213f,0.9682548547402964f,-0.17528421713097622f,0.7808311009043662f,0.002131232013142895f,-0.17775542816213763f,-0.984072388398842f,0.13245646263494681f,0f,0f,0f,1f],start_interpolation:0}
execute if entity @s[tag=aj.spawner.bone.t23] run data modify entity @s {} merge value {transformation:[-0.9866780835954181f,-0.1613756061805365f,0.020597890239970065f,0.1043415516734729f,-0.1625735244451359f,0.9733847476713875f,-0.1615301276858163f,0.8386177122105334f,0.006017350077921866f,-0.16272690844041035f,-0.9866527984896543f,0.11886309585999819f,0f,0f,0f,1f],start_interpolation:0}
execute if entity @s[tag=aj.spawner.bone.t24] run data modify entity @s {} merge value {transformation:[-0.9866780835954181f,-0.1613756061805365f,0.020597890239970065f,0.09079406510943752f,-0.1625735244451359f,0.9733847476713875f,-0.1615301276858163f,0.8767684347365351f,0.006017350077921866f,-0.16272690844041035f,-0.9866527984896543f,0.10518245795304114f,0f,0f,0f,1f],start_interpolation:0}
execute if entity @s[tag=aj.spawner.bone.t25] run data modify entity @s {} merge value {transformation:[-0.9866588886022225f,-0.16133737675320836f,0.02178275475279116f,0.08114854513386031f,-0.1627303213263131f,0.9734130644956801f,-0.16120126671389312f,0.8974895652193415f,0.004804171443841507f,-0.16259537733749424f,-0.9866811355271855f,0.09139692570509611f,0f,0f,0f,1f],start_interpolation:0}
execute if entity @s[tag=aj.spawner.bone.t31] run data modify entity @s {} merge value {transformation:[-0.9924414281077827f,0.12222132561617308f,0.013419538089999352f,-0.19551241445161055f,0.12270784491255354f,0.9868299354559389f,0.1220602081203536f,0.7160611328041644f,0.0016722955186069459f,0.12302386896301014f,-0.9924319732813263f,-0.20957780652095864f,0f,0f,0f,1f],start_interpolation:0}
execute if entity @s[tag=aj.spawner.bone.t32] run data modify entity @s {} merge value {transformation:[-0.9840128048029368f,0.1758381067934926f,0.02828003152646176f,-0.18224935965511127f,0.17806367748124416f,0.9682375718274578f,0.17552587063884292f,0.7806959444342187f,0.0034823477300283297f,0.17775535069569262f,-0.984068548706511f,-0.1962014049702404f,0f,0f,0f,1f],start_interpolation:0}
execute if entity @s[tag=aj.spawner.bone.t33] run data modify entity @s {} merge value {transformation:[-0.9866780835954181f,0.1613756061805365f,0.020597890239970065f,-0.16882716465237507f,0.1625735244451359f,0.9733847476713875f,0.1615301276858163f,0.8384853226288218f,0.006017350077921866f,0.16272690844041035f,-0.9866527984896543f,-0.17816953470574634f,0f,0f,0f,1f],start_interpolation:0}
execute if entity @s[tag=aj.spawner.bone.t34] run data modify entity @s {} merge value {transformation:[-0.9866780835954181f,0.1613756061805365f,0.020597890239970065f,-0.1628177177768808f,0.1625735244451359f,0.9733847476713875f,0.1615301276858163f,0.8767074970337077f,0.006017350077921866f,0.16272690844041035f,-0.9866527984896543f,-0.15765252074577862f,0f,0f,0f,1f],start_interpolation:0}
execute if entity @s[tag=aj.spawner.bone.t35] run data modify entity @s {} merge value {transformation:[-0.9866871036017659f,0.16147212083969026f,0.019373016736957106f,-0.14159323097581872f,0.16246906845571987f,0.9733908587967997f,0.16159838429254053f,0.897354685438038f,0.007236116436912354f,0.16259455772676243f,-0.9866664321930436f,-0.1546980176914353f,0f,0f,0f,1f],start_interpolation:0}
execute if entity @s[tag=aj.spawner.bone.t41] run data modify entity @s {} merge value {transformation:[-0.9942247816582204f,-0.10669789277897503f,-0.011517083536664023f,0.1464324546594422f,-0.10731767578858642f,0.9884829164633359f,0.10669789277897501f,0.718106495664388f,-1.2089005791108318e-16f,0.1073176757885864f,-0.9942247816582204f,-0.21507472238108807f,0f,0f,0f,1f],start_interpolation:0}
execute if entity @s[tag=aj.spawner.bone.t42] run data modify entity @s {} merge value {transformation:[-0.9942247816582204f,-0.10669789277897503f,-0.011517083536664023f,0.13295505141762798f,-0.10731767578858642f,0.9884829164633359f,0.10669789277897501f,0.7847270988676943f,-1.2089005791108318e-16f,0.1073176757885864f,-0.9942247816582204f,-0.20148272728525898f,0f,0f,0f,1f],start_interpolation:0}
execute if entity @s[tag=aj.spawner.bone.t43] run data modify entity @s {} merge value {transformation:[-0.9942247816582204f,-0.10669789277897503f,-0.011517083536664023f,0.11707354844905246f,-0.10731767578858642f,0.9884829164633359f,0.10669789277897501f,0.8445008851913318f,-1.2089005791108318e-16f,0.1073176757885864f,-0.9942247816582204f,-0.1854545152204265f,0f,0f,0f,1f],start_interpolation:0}
execute if entity @s[tag=aj.spawner.bone.t44] run data modify entity @s {} merge value {transformation:[-0.9942247816582204f,-0.10669789277897503f,-0.011517083536664023f,0.38224721512062976f,-0.10731767578858642f,0.9884829164633359f,0.10669789277897501f,0.1524489541803452f,-1.2089005791108318e-16f,0.1073176757885864f,-0.9942247816582204f,0.2501678761575984f,0f,0f,0f,1f],start_interpolation:0}
execute if entity @s[tag=aj.spawner.bone.t45] run data modify entity @s {} merge value {transformation:[-0.9942247816582204f,-0.10669789277897503f,-0.011517083536664023f,0.09164572989565307f,-0.10731767578858642f,0.9884829164633359f,0.10669789277897501f,0.905357284673596f,-1.2089005791108318e-16f,0.1073176757885864f,-0.9942247816582204f,-0.15977007809070914f,0f,0f,0f,1f],start_interpolation:0}
execute if entity @s[tag=aj.spawner.bone.v11] run data modify entity @s {} merge value {transformation:[-1f,0f,1.3121215705150215e-16f,-0.030800627695997784f,0f,1f,0f,0.6526466891732801f,-1.2246467991473532e-16f,0f,-1.0714285714285716f,-0.031250000000000056f,0f,0f,0f,1f],start_interpolation:0}
execute if entity @s[tag=aj.spawner.bone.v21] run data modify entity @s {} merge value {transformation:[-1f,0f,1.3821013876091557e-16f,-0.08549492101734665f,0f,1f,0f,0.6282246178250585f,-1.2246467991473532e-16f,0f,-1.1285714285714286f,-0.03125f,0f,0f,0f,1f],start_interpolation:0}
execute if entity @s[tag=aj.spawner.bone.v22] run data modify entity @s {} merge value {transformation:[-1f,0f,1.3821013876091557e-16f,0.02392149852408563f,0f,1f,0f,0.6282246178250586f,-1.2246467991473532e-16f,0f,-1.1285714285714286f,-0.03125f,0f,0f,0f,1f],start_interpolation:0}
execute if entity @s[tag=aj.spawner.bone.heart] run data modify entity @s {} merge value {transformation:[-1.2464285714285717f,0f,1.2246467991473532e-16f,-0.03125f,0f,1f,0f,0.37499999999999994f,-1.5264347603658085e-16f,0f,-1f,-0.017116477272727693f,0f,0f,0f,1f],start_interpolation:0}