execute if entity @s[tag=aj.spawner.bone.bones_right] run data modify entity @s {} merge value {transformation:[-1f,4.044751960487858e-17f,1.1559236992306862e-16f,-0.03125f,0f,0.9438833303083676f,-0.33027906195516715f,0.7234554438330827f,-1.2246467991473532e-16f,-0.33027906195516715f,-0.9438833303083676f,-0.12589418588025847f,0f,0f,0f,1f],start_interpolation:0}
execute if entity @s[tag=aj.spawner.bone.bones_left] run data modify entity @s {} merge value {transformation:[-1f,-4.044751960487858e-17f,1.1559236992306862e-16f,-0.031250000000000056f,0f,0.9438833303083676f,0.33027906195516715f,0.7234554438330827f,-1.2246467991473532e-16f,0.33027906195516715f,-0.9438833303083676f,0.06339418588025847f,0f,0f,0f,1f],start_interpolation:0}
execute if entity @s[tag=aj.spawner.bone.t11] run data modify entity @s {} merge value {transformation:[-0.9966398073907495f,0.08210229759661399f,-0.0005694604524081105f,-0.1985627338006634f,0.08153861017674946f,0.9938108411407347f,-0.10189519664508881f,0.7192673221003423f,-0.00778134786357256f,-0.10184139196954942f,-0.9947949761711967f,0.14810113705974648f,0f,0f,0f,1f],start_interpolation:0}
execute if entity @s[tag=aj.spawner.bone.t12] run data modify entity @s {} merge value {transformation:[-0.9970009411831515f,0.07737699260311127f,0.0013871898241586394f,-0.18350780536596994f,0.07687397202741927f,0.9922666550653552f,-0.0974539771899483f,0.7867659759788871f,-0.008917157878928996f,-0.09705506818868073f,-0.9952390657697541f,0.13177494807551648f,0f,0f,0f,1f],start_interpolation:0}
execute if entity @s[tag=aj.spawner.bone.t13] run data modify entity @s {} merge value {transformation:[-0.999356138615119f,0.03575335451303066f,0.0030009753988816056f,-0.1716817036493674f,0.03552942180349518f,0.9977979609471972f,-0.05600793975790279f,0.8487070381524328f,-0.004996838859565531f,-0.05586525548747716f,-0.9984258133836136f,0.12499682103827153f,0f,0f,0f,1f],start_interpolation:0}
execute if entity @s[tag=aj.spawner.bone.t14] run data modify entity @s {} merge value {transformation:[-0.999356138615119f,0.03575335451303066f,0.0030009753988816056f,-0.17315634777186176f,0.03552942180349518f,0.9977979609471972f,-0.05600793975790279f,0.8891607017257839f,-0.004996838859565531f,-0.05586525548747716f,-0.9984258133836136f,0.1194067939179387f,0f,0f,0f,1f],start_interpolation:0}
execute if entity @s[tag=aj.spawner.bone.t15] run data modify entity @s {} merge value {transformation:[-0.9993564947684852f,0.035751667887799675f,0.0029007942510936736f,-0.16291155413912348f,0.035533298774742164f,0.9977974115466132f,-0.056015267464000096f,0.9133308984015251f,-0.004897044234189765f,-0.055876146557534145f,-0.9984256983890435f,0.10874107052686971f,0f,0f,0f,1f],start_interpolation:0}
execute if entity @s[tag=aj.spawner.bone.t21] run data modify entity @s {} merge value {transformation:[-0.9956353771879272f,-0.09329216419176892f,0.006629377424280088f,0.1369457099313975f,-0.09330487772752682f,0.9933982401434215f,-0.0931122727767708f,0.719000771677601f,0.002096540985806182f,-0.09352440698992939f,-0.995633545042206f,0.147486805994852f,0f,0f,0f,1f],start_interpolation:0}
execute if entity @s[tag=aj.spawner.bone.t22] run data modify entity @s {} merge value {transformation:[-0.9956322742712135f,-0.0929965377696547f,0.008247326378192798f,0.12687641281556855f,-0.09336036119361296f,0.9912864229261639f,-0.09292508100641385f,0.7868342996096255f,0.0004662481414178551f,-0.09328918310880224f,-0.995638946068083f,0.1373917951534337f,0f,0f,0f,1f],start_interpolation:0}
execute if entity @s[tag=aj.spawner.bone.t23] run data modify entity @s {} merge value {transformation:[-0.9984268150178166f,-0.05598223805165392f,0.0031438950533788307f,0.10778692862472859f,-0.05607044723719178f,0.9968561049466212f,-0.05598223805165393f,0.8480867609367965f,-1.2205517988494847e-16f,-0.05607044723719179f,-0.9984268150178166f,0.13076730840417852f,0f,0f,0f,1f],start_interpolation:0}
execute if entity @s[tag=aj.spawner.bone.t24] run data modify entity @s {} merge value {transformation:[-0.9984268150178166f,-0.05598223805165392f,0.0031438950533788307f,0.09618187282921362f,-0.05607044723719178f,0.9968561049466212f,-0.05598223805165393f,0.8875335462756696f,-1.2205517988494847e-16f,-0.05607044723719179f,-0.9984268150178166f,0.11912919509437564f,0f,0f,0f,1f],start_interpolation:0}
execute if entity @s[tag=aj.spawner.bone.t25] run data modify entity @s {} merge value {transformation:[-0.9984268150178166f,-0.05598223805165392f,0.0031438950533788307f,0.08545153950325562f,-0.05607044723719178f,0.9968561049466212f,-0.05598223805165393f,0.9114044549747522f,-1.2205517988494847e-16f,-0.05607044723719179f,-0.9984268150178166f,0.1083671825226538f,0f,0f,0f,1f],start_interpolation:0}
execute if entity @s[tag=aj.spawner.bone.t31] run data modify entity @s {} merge value {transformation:[-0.9956353771879272f,0.09329216419176892f,0.006629377424280088f,-0.19694136520432942f,0.09330487772752682f,0.9933982401434215f,0.0931122727767708f,0.7189304512730368f,0.002096540985806182f,0.09352440698992939f,-0.995633545042206f,-0.21123701000670023f,0f,0f,0f,1f],start_interpolation:0}
execute if entity @s[tag=aj.spawner.bone.t32] run data modify entity @s {} merge value {transformation:[-0.9956424954836801f,0.09311819372008952f,0.0050023179964953784f,-0.18687206808850051f,0.09317812680162554f,0.9912750594855566f,0.0932287140726827f,0.7867639792050612f,0.0037226163877532746f,0.09328857615063978f,-0.9956321527989219f,-0.20114199916528186f,0f,0f,0f,1f],start_interpolation:0}
execute if entity @s[tag=aj.spawner.bone.t33] run data modify entity @s {} merge value {transformation:[-0.9984268150178166f,0.05598223805165392f,0.0031438950533788307f,-0.18030221777355063f,0.05607044723719178f,0.9968561049466212f,0.05598223805165393f,0.8480175431470516f,-1.2205517988494847e-16f,0.05607044723719179f,-0.9984268150178166f,-0.1820371772283042f,0f,0f,0f,1f],start_interpolation:0}
execute if entity @s[tag=aj.spawner.bone.t34] run data modify entity @s {} merge value {transformation:[-0.9984268150178166f,0.05598223805165392f,0.0031438950533788307f,-0.17620915127951448f,0.05607044723719178f,0.9968561049466212f,0.05598223805165393f,0.8875000399956168f,-1.2205517988494847e-16f,0.05607044723719179f,-0.9984268150178166f,-0.1635337943187159f,0f,0f,0f,1f],start_interpolation:0}
execute if entity @s[tag=aj.spawner.bone.t35] run data modify entity @s {} merge value {transformation:[-0.9984268150178166f,0.05598223805165392f,0.0031438950533788307f,-0.15796682865207765f,0.05607044723719178f,0.9968561049466212f,0.05598223805165393f,0.9113352371850076f,-1.2205517988494847e-16f,0.05607044723719179f,-0.9984268150178166f,-0.15963705134677944f,0f,0f,0f,1f],start_interpolation:0}
execute if entity @s[tag=aj.spawner.bone.t41] run data modify entity @s {} merge value {transformation:[-0.9984268150178166f,-0.055982238051653935f,-0.003143895053378586f,0.14269285900201364f,-0.05607044723719178f,0.9968561049466212f,0.05598223805165393f,0.7195558417502776f,-1.2248886075394267e-16f,0.056070447237191776f,-0.9984268150178166f,-0.214117087357713f,0f,0f,0f,1f],start_interpolation:0}
execute if entity @s[tag=aj.spawner.bone.t42] run data modify entity @s {} merge value {transformation:[-0.9984268150178166f,-0.055982238051653935f,-0.003143895053378586f,0.13262356188618468f,-0.05607044723719178f,0.9968561049466212f,0.05598223805165393f,0.7873893696823018f,-1.2248886075394267e-16f,0.056070447237191776f,-0.9984268150178166f,-0.2040220765162948f,0f,0f,0f,1f],start_interpolation:0}
execute if entity @s[tag=aj.spawner.bone.t43] run data modify entity @s {} merge value {transformation:[-0.9984268150178166f,-0.055982238051653935f,-0.003143895053378586f,0.11979389463328972f,-0.05607044723719178f,0.9968561049466212f,0.05598223805165393f,0.8486423823168826f,-1.2248886075394267e-16f,0.056070447237191776f,-0.9984268150178166f,-0.19115742217317827f,0f,0f,0f,1f],start_interpolation:0}
execute if entity @s[tag=aj.spawner.bone.t44] run data modify entity @s {} merge value {transformation:[-0.9984268150178166f,-0.055982238051653935f,-0.003143895053378586f,0.347735369331845f,-0.05607044723719178f,0.9968561049466212f,0.05598223805165393f,0.16717725425845287f,-1.2248886075394267e-16f,0.056070447237191776f,-0.9984268150178166f,0.2807194472901903f,0f,0f,0f,1f],start_interpolation:0}
execute if entity @s[tag=aj.spawner.bone.t45] run data modify entity @s {} merge value {transformation:[-0.9984268150178166f,-0.055982238051653935f,-0.003143895053378586f,0.09745850551181673f,-0.05607044723719178f,0.9968561049466212f,0.05598223805165393f,0.9119600763548383f,-1.2248886075394267e-16f,0.056070447237191776f,-0.9984268150178166f,-0.1687572962916537f,0f,0f,0f,1f],start_interpolation:0}
execute if entity @s[tag=aj.spawner.bone.v11] run data modify entity @s {} merge value {transformation:[-1f,0f,1.434586250429757e-16f,-0.030800627695997784f,0f,1f,0f,0.6526466891732801f,-1.2246467991473532e-16f,0f,-1.1714285714285717f,-0.031250000000000056f,0f,0f,0f,1f],start_interpolation:0}
execute if entity @s[tag=aj.spawner.bone.heart] run data modify entity @s {} merge value {transformation:[-1.1285714285714288f,0f,1.2246467991473532e-16f,-0.03125f,0f,1f,0f,0.37499999999999994f,-1.382101387609156e-16f,0f,-1f,-0.017116477272727693f,0f,0f,0f,1f],start_interpolation:0}