execute if entity @s[tag=aj.spawner.bone.bones_right] run data modify entity @s {} merge value {transformation:[-1f,1.0293220632125769e-17f,1.2203133792447315e-16f,-0.03125f,0f,0.9964614941176192f,-0.08405052492924744f,0.7103974081187969f,-1.2246467991473532e-16f,-0.08405052492924744f,-0.9964614941176192f,-0.1248897215945442f,0f,0f,0f,1f],start_interpolation:0}
execute if entity @s[tag=aj.spawner.bone.bones_left] run data modify entity @s {} merge value {transformation:[-1f,-1.0293220632125769e-17f,1.2203133792447315e-16f,-0.031250000000000056f,0f,0.9964614941176192f,0.08405052492924744f,0.7103974081187969f,-1.2246467991473532e-16f,0.08405052492924744f,-0.9964614941176192f,0.0623897215945442f,0f,0f,0f,1f],start_interpolation:0}
execute if entity @s[tag=aj.spawner.bone.t11] run data modify entity @s {} merge value {transformation:[-0.9999995975353558f,0.0008134072087468985f,0.0003786137602676278f,-0.19988863406102755f,0.0008124961838163317f,1.0000351779061072f,-0.002318535960870992f,0.7216884935590808f,-0.00038049845948806354f,-0.0023183159523016933f,-0.9999972405175018f,0.1498562764523683f,0f,0f,0f,1f],start_interpolation:0}
execute if entity @s[tag=aj.spawner.bone.t12] run data modify entity @s {} merge value {transformation:[-0.9999706314419226f,0.007617624682926037f,0.0008414557818523613f,-0.18743068503375293f,0.007609635263206916f,0.9999294424462437f,-0.009121599657132901f,0.7901020195348913f,-0.000910881333486745f,-0.0091149285973136f,-0.999958043305749f,0.1373048140925453f,0f,0f,0f,1f],start_interpolation:0}
execute if entity @s[tag=aj.spawner.bone.t13] run data modify entity @s {} merge value {transformation:[-0.9994373751432514f,0.03352189109938481f,0.00110271659493033f,-0.1762958904022042f,0.03346282945338165f,0.9988273913517209f,-0.034986873688425485f,0.8511763491297826f,-0.0022742497096058445f,-0.034930289186276886f,-0.9993871635585587f,0.13204643903115282f,0f,0f,0f,1f],start_interpolation:0}
execute if entity @s[tag=aj.spawner.bone.t14] run data modify entity @s {} merge value {transformation:[-0.9973311223204328f,0.07284944353790652f,0.004857059530562464f,-0.17843705090809442f,0.07228412268650942f,0.9945771487117541f,-0.0747750016237986f,0.8912152403882045f,-0.010278037677869853f,-0.0742243480039724f,-0.9971886020732876f,0.12816580118137402f,0f,0f,0f,1f],start_interpolation:0}
execute if entity @s[tag=aj.spawner.bone.t15] run data modify entity @s {} merge value {transformation:[-0.9936443655904108f,0.11210465152312772f,0.010169652762417051f,-0.1673214027356832f,0.11059280239815283f,0.9890806445504968f,-0.09741001300326832f,0.913310669656017f,-0.020978722271700934f,-0.09566622017437441f,-0.9951923771459441f,0.11702534900195663f,0f,0f,0f,1f],start_interpolation:0}
execute if entity @s[tag=aj.spawner.bone.t21] run data modify entity @s {} merge value {transformation:[-0.9998942319271075f,-0.014545019559245614f,0.00021152495889983382f,0.13826021262843716f,-0.014543897651582649f,0.9999713631767786f,-0.014542359371555697f,0.721149679111673f,-1.224652795886994e-16f,-0.014546558120665258f,-0.9998942319271075f,0.14887667698353838f,0f,0f,0f,1f],start_interpolation:0}
execute if entity @s[tag=aj.spawner.bone.t22] run data modify entity @s {} merge value {transformation:[-0.9997065769591142f,-0.02418880815414869f,0.0012890092211491377f,0.13101745793342873f,-0.02421291284005533f,0.9994144368600427f,-0.024176812186962514f,0.7893561988882978f,-0.0007034461530928475f,-0.024200928821133404f,-0.9997068671404153f,0.14163249503490993f,0f,0f,0f,1f],start_interpolation:0}
execute if entity @s[tag=aj.spawner.bone.t23] run data modify entity @s {} merge value {transformation:[-0.9986528737882526f,-0.05172064821080052f,0.004172795599919346f,0.11618439425954646f,-0.05186729934886845f,0.9973174812507726f,-0.051649054685151796f,0.8499040639293909f,-0.001490279409694734f,-0.05179590852827612f,-0.9986565790736129f,0.13561428355305866f,0f,0f,0f,1f],start_interpolation:0}
execute if entity @s[tag=aj.spawner.bone.t24] run data modify entity @s {} merge value {transformation:[-0.9952222370266449f,-0.09570672113330649f,0.019311200314638535f,0.1059064175374321f,-0.09712813285737808f,0.9906298160196559f,-0.09601402720697753f,0.8888941768507455f,-0.009941063088025195f,-0.09743095577266096f,-0.9951926366899554f,0.12499933569069299f,0f,0f,0f,1f],start_interpolation:0}
execute if entity @s[tag=aj.spawner.bone.t25] run data modify entity @s {} merge value {transformation:[-0.9896635898596159f,-0.13813125153996644f,0.038545249437257734f,0.09687978289247476f,-0.14177538831546274f,0.9828374133126093f,-0.11802693870883421f,0.9109187248792608f,-0.02158050449312152f,-0.12227173156940932f,-0.9922620145328755f,0.11329197060287138f,0f,0f,0f,1f],start_interpolation:0}
execute if entity @s[tag=aj.spawner.bone.t31] run data modify entity @s {} merge value {transformation:[-0.9998942319271075f,0.014545019559245614f,0.00021152495889983382f,-0.198255864816358f,0.014543897651582649f,0.9999713631767786f,0.014542359371555697f,0.7211314656962455f,-1.224652795886994e-16f,0.014546558120665258f,-0.9998942319271075f,-0.21262871845655995f,0f,0f,0f,1f],start_interpolation:0}
execute if entity @s[tag=aj.spawner.bone.t32] run data modify entity @s {} merge value {transformation:[-0.9997065783954724f,0.02418874874437046f,0.001289010084895014f,-0.19101311012134964f,0.024212853510326458f,0.9994144368609031f,0.02417687156956684f,0.7893379854728703f,-0.0007034470162822097f,0.024200988165477336f,-0.9997068657031968f,-0.20538453650793148f,0f,0f,0f,1f],start_interpolation:0}
execute if entity @s[tag=aj.spawner.bone.t33] run data modify entity @s {} merge value {transformation:[-0.9986537356836651f,0.05187198676706011f,0.00011486469473128195f,-0.1853326583799339f,0.051808136343901905f,0.9973096326299151f,0.05185955719205111f,0.8498956027790519f,0.0025755025979070706f,0.051795691446508266f,-0.9986543812220252f,-0.19088507930884155f,0f,0f,0f,1f],start_interpolation:0}
execute if entity @s[tag=aj.spawner.bone.t34] run data modify entity @s {} merge value {transformation:[-0.995226964035652f,0.09754742168211147f,-0.0027911609683386905f,-0.18187792303465333f,0.09680393660763324f,0.990450467358855f,0.09816755862244433f,0.8895740703903166f,0.012340498922011825f,0.0974288059651664f,-0.9951659860819991f,-0.17472417660385997f,0f,0f,0f,1f],start_interpolation:0}
execute if entity @s[tag=aj.spawner.bone.t35] run data modify entity @s {} merge value {transformation:[-0.9896734738286393f,0.14313998970116612f,-0.007573542652116426f,-0.1626796202766092f,0.14109408858092387f,0.9821216002640274f,0.12461789784113751f,0.9109005203913516f,0.025275944442725844f,0.12226244575983193f,-0.9921759022418113f,-0.17124105447988758f,0f,0f,0f,1f],start_interpolation:0}
execute if entity @s[tag=aj.spawner.bone.t41] run data modify entity @s {} merge value {transformation:[-0.9998942319271075f,-0.014542359371555699f,-0.0002115249588995889f,0.13955277767979096f,-0.014543897651582649f,0.9997884750411002f,0.014542359371555697f,0.7211960978264418f,-1.2243817453438726e-16f,0.014543897651582647f,-0.9998942319271075f,-0.21327520179616788f,0f,0f,0f,1f],start_interpolation:0}
execute if entity @s[tag=aj.spawner.bone.t42] run data modify entity @s {} merge value {transformation:[-0.9998942319271075f,-0.014542359371555699f,-0.0002115249588995889f,0.13230497355444515f,-0.014543897651582649f,0.9997884750411002f,0.014542359371555697f,0.7897497663791221f,-1.2243817453438726e-16f,0.014543897651582647f,-0.9998942319271075f,-0.20602596988307717f,0f,0f,0f,1f],start_interpolation:0}
execute if entity @s[tag=aj.spawner.bone.t43] run data modify entity @s {} merge value {transformation:[-0.9998942319271075f,-0.014542359371555699f,-0.0002115249588995889f,0.12202405071589598f,-0.014543897651582649f,0.9997884750411002f,0.014542359371555697f,0.8519638624095988f,-1.2243817453438726e-16f,0.014543897651582647f,-0.9998942319271075f,-0.1957429678555366f,0f,0f,0f,1f],start_interpolation:0}
execute if entity @s[tag=aj.spawner.bone.t44] run data modify entity @s {} merge value {transformation:[-0.9998942319271075f,-0.014542359371555699f,-0.0002115249588995889f,0.3211644831196279f,-0.014543897651582649f,0.9997884750411002f,0.014542359371555697f,0.181817258624561f,-1.2243817453438726e-16f,0.014543897651582647f,-0.9998942319271075f,0.30452339539450973f,0f,0f,0f,1f],start_interpolation:0}
execute if entity @s[tag=aj.spawner.bone.t45] run data modify entity @s {} merge value {transformation:[-0.9998942319271075f,-0.014542359371555699f,-0.0002115249588995889f,0.10232565762648374f,-0.014543897651582649f,0.9997884750411002f,0.014542359371555697f,0.9170296137649867f,-1.2243817453438726e-16f,0.014543897651582647f,-0.9998942319271075f,-0.17604050772351842f,0f,0f,0f,1f],start_interpolation:0}
execute if entity @s[tag=aj.spawner.bone.v31] run data modify entity @s {} merge value {transformation:[-1f,0f,1.277131661967954e-16f,-0.14883150298131478f,0f,1f,0f,0.5591048674991094f,-1.2246467991473532e-16f,0f,-1.042857142857143f,-0.03125f,0f,0f,0f,1f],start_interpolation:0}
execute if entity @s[tag=aj.spawner.bone.v32] run data modify entity @s {} merge value {transformation:[-1f,0f,1.277131661967954e-16f,0.08725808048805375f,0f,1f,0f,0.5591048674991094f,-1.2246467991473532e-16f,0f,-1.042857142857143f,-0.03125f,0f,0f,0f,1f],start_interpolation:0}
execute if entity @s[tag=aj.spawner.bone.v41] run data modify entity @s {} merge value {transformation:[-1f,0f,1.4170912961562232e-16f,-0.17228970872519958f,0f,1f,0f,0.4987821885213817f,-1.2246467991473532e-16f,0f,-1.1571428571428573f,-0.03125f,0f,0f,0f,1f],start_interpolation:0}
execute if entity @s[tag=aj.spawner.bone.v42] run data modify entity @s {} merge value {transformation:[-1f,0f,1.4170912961562232e-16f,0.11071628623193838f,0f,1f,0f,0.4987821885213818f,-1.2246467991473532e-16f,0f,-1.1571428571428573f,-0.03125f,0f,0f,0f,1f],start_interpolation:0}
execute if entity @s[tag=aj.spawner.bone.heart] run data modify entity @s {} merge value {transformation:[-1.0333333333333332f,0f,1.2246467991473532e-16f,-0.03125f,0f,1f,0f,0.37499999999999994f,-1.2654683591189314e-16f,0f,-1f,-0.017116477272727693f,0f,0f,0f,1f],start_interpolation:0}