execute if entity @s[tag=aj.spawner.bone.bones_right] run data modify entity @s {} merge value {transformation:[-1f,2.2074875508898482e-17f,1.2045869706204368e-16f,-0.03125f,0f,0.9836199069471436f,-0.18025503781390578f,0.7154197295473684f,-1.2246467991473532e-16f,-0.18025503781390578f,-0.9836199069471436f,-0.1252760540121266f,0f,0f,0f,1f],start_interpolation:0}
execute if entity @s[tag=aj.spawner.bone.bones_left] run data modify entity @s {} merge value {transformation:[-1f,-2.2074875508898482e-17f,1.2045869706204368e-16f,-0.031250000000000056f,0f,0.9836199069471436f,0.18025503781390578f,0.7154197295473684f,-1.2246467991473532e-16f,0.18025503781390578f,-0.9836199069471436f,0.0627760540121266f,0f,0f,0f,1f],start_interpolation:0}
execute if entity @s[tag=aj.spawner.bone.t11] run data modify entity @s {} merge value {transformation:[-0.9973742164836232f,0.07249770714298455f,0.0015325627579957006f,-0.19742283275078273f,0.07179275734919624f,0.9925767433726737f,-0.11038735900151897f,0.7168102472346942f,-0.009511692061785933f,-0.11012999205389684f,-0.9938874595365726f,0.14650351111891463f,0f,0f,0f,1f],start_interpolation:0}
execute if entity @s[tag=aj.spawner.bone.t12] run data modify entity @s {} merge value {transformation:[-0.9887237812797849f,0.14971538642955892f,-0.0032538282148936253f,-0.18016890897764312f,0.14766953340098335f,0.9711425685637035f,-0.1872853983326731f,0.7798257641685449f,-0.024879574693713172f,-0.18565401851223157f,-0.9823001538090687f,0.1269558976099722f,0f,0f,0f,1f],start_interpolation:0}
execute if entity @s[tag=aj.spawner.bone.t13] run data modify entity @s {} merge value {transformation:[-0.9761810193825896f,0.21553126619559262f,-0.02483728425760188f,-0.1584403421276739f,0.21476414789452689f,0.9437209652610872f,-0.25152952213571206f,0.8332783904462661f,-0.030773010517434314f,-0.25087250351285306f,-0.9675308826104144f,0.10877089770088473f,0f,0f,0f,1f],start_interpolation:0}
execute if entity @s[tag=aj.spawner.bone.t14] run data modify entity @s {} merge value {transformation:[-0.9468973882887987f,0.3169470920794318f,-0.0541283370725942f,-0.15619661934998294f,0.31509165761280944f,0.8811420723805826f,-0.35257041223515073f,0.8714618933609557f,-0.06405141180851717f,-0.3509033899853979f,-0.9342185116674211f,0.09963972513049504f,0f,0f,0f,1f],start_interpolation:0}
execute if entity @s[tag=aj.spawner.bone.t15] run data modify entity @s {} merge value {transformation:[-0.9062589178641302f,0.4154864082687932f,-0.07788336366409573f,-0.13899976084751103f,0.4093758012902311f,0.81668773559845f,-0.4067340603404852f,0.8833916481790867f,-0.10538608593982982f,-0.4004899337898195f,-0.9102206248065953f,0.08211375533616805f,0f,0f,0f,1f],start_interpolation:0}
execute if entity @s[tag=aj.spawner.bone.t21] run data modify entity @s {} merge value {transformation:[-0.9948217482960331f,-0.10123825473367053f,0.010329689117224369f,0.13566424112103875f,-0.10163507818280186f,0.990937571646711f,-0.10110878616601894f,0.7165152822292172f,-1.2269788871527948e-16f,-0.10176522066096277f,-0.9948217482960331f,0.14601290555939317f,0f,0f,0f,1f],start_interpolation:0}
execute if entity @s[tag=aj.spawner.bone.t22] run data modify entity @s {} merge value {transformation:[-0.9856386665705635f,-0.16661817875890866f,0.02747365043210699f,0.12280568722418872f,-0.16886515336125862f,0.9715368180091475f,-0.16613479838052997f,0.780882518277943f,0.0009894146147375223f,-0.16838822334036635f,-0.9857202581356412f,0.13305488771139184f,0f,0f,0f,1f],start_interpolation:0}
execute if entity @s[tag=aj.spawner.bone.t23] run data modify entity @s {} merge value {transformation:[-0.973864520066382f,-0.22297357815635957f,0.04325135836046624f,0.10852110252575876f,-0.2269685564680215f,0.9481944048162224f,-0.2222895522736784f,0.8355562536543669f,0.008554000859141767f,-0.22629660651313285f,-0.9740208801406376f,0.11647618096444638f,0f,0f,0f,1f],start_interpolation:0}
execute if entity @s[tag=aj.spawner.bone.t24] run data modify entity @s {} merge value {transformation:[-0.9467081555052468f,-0.30484083873687196f,0.10399870834800798f,0.09477308405310902f,-0.3220903453765632f,0.8972131619368056f,-0.3021032132609083f,0.8707869435936567f,-0.0012156130387004985f,-0.319500555688969f,-0.9475853086658637f,0.10187914107309519f,0f,0f,0f,1f],start_interpolation:0}
execute if entity @s[tag=aj.spawner.bone.t25] run data modify entity @s {} merge value {transformation:[-0.9101790221074526f,-0.3784608373166559f,0.16834946490291341f,0.08694010166312968f,-0.4137727805062564f,0.8495036191927587f,-0.3273158827348985f,0.8859630153117011f,-0.01913723667729922f,-0.3675744762575064f,-0.9297971663628454f,0.0847906909292753f,0f,0f,0f,1f],start_interpolation:0}
execute if entity @s[tag=aj.spawner.bone.t31] run data modify entity @s {} merge value {transformation:[-0.9948217482960331f,0.10123825473367053f,0.010329689117224369f,-0.19565992687110703f,0.10163507818280186f,0.990937571646711f,0.10110878616601894f,0.7163873584265325f,-1.2269788871527948e-16f,0.10176522066096277f,-0.9948217482960331f,-0.20975859540073757f,0f,0f,0f,1f],start_interpolation:0}
execute if entity @s[tag=aj.spawner.bone.t32] run data modify entity @s {} merge value {transformation:[-0.9856387364078013f,0.16661775871266432f,0.027473692398387903f,-0.18280137297425703f,0.16886474597889964f,0.9715368185740154f,0.166135209153756f,0.7807545944752582f,0.000989372485247642f,0.16838863571111007f,-0.9857201877335355f,-0.19680057755273622f,0f,0f,0f,1f],start_interpolation:0}
execute if entity @s[tag=aj.spawner.bone.t33] run data modify entity @s {} merge value {transformation:[-0.9739550031122031f,0.22405636856474753f,0.034790740410152204f,-0.167052152035639f,0.22608298439750613f,0.9479426216153168f,0.22425715215126907f,0.8355734007567052f,0.017266617463347796f,0.22628196974274917f,-0.9739087914639214f,-0.1830915489258757f,0f,0f,0f,1f],start_interpolation:0}
execute if entity @s[tag=aj.spawner.bone.t34] run data modify entity @s {} merge value {transformation:[-0.9472039981639858f,0.3150256487938343f,0.059694442489931145f,-0.15922802095155242f,0.3172376037071356f,0.8937750250419358f,0.31705915442617505f,0.8724438219297003f,0.0465283639978277f,0.31925702061710476f,-0.9465252591084802f,-0.16437711725201548f,0f,0f,0f,1f],start_interpolation:0}
execute if entity @s[tag=aj.spawner.bone.t35] run data modify entity @s {} merge value {transformation:[-0.9112423357744736f,0.4043932515243415f,0.0781249231286178f,-0.13485464032890415f,0.4033642947472354f,0.8378696043676324f,0.36779311004951243f,0.8858287658838149f,0.0832745532281456f,0.36666145720323257f,-0.9266200540600527f,-0.1604933729376395f,0f,0f,0f,1f],start_interpolation:0}
execute if entity @s[tag=aj.spawner.bone.t41] run data modify entity @s {} merge value {transformation:[-0.9948217482960331f,-0.10110878616601895f,-0.010329689117224126f,0.1446094078376265f,-0.10163507818280186f,0.9896703108827758f,0.10110878616601894f,0.7180194651242298f,-1.2096316523930268e-16f,0.10163507818280185f,-0.9948217482960331f,-0.2142610214167324f,0f,0f,0f,1f],start_interpolation:0}
execute if entity @s[tag=aj.spawner.bone.t42] run data modify entity @s {} merge value {transformation:[-0.9948217482960331f,-0.10110878616601895f,-0.010329689117224126f,0.13150510341884514f,-0.10163507818280186f,0.9896703108827758f,0.10110878616601894f,0.7847921498452397f,-1.2096316523930268e-16f,0.10163507818280185f,-0.9948217482960331f,-0.20105597386481466f,0f,0f,0f,1f],start_interpolation:0}
execute if entity @s[tag=aj.spawner.bone.t43] run data modify entity @s {} merge value {transformation:[-0.9948217482960331f,-0.10110878616601895f,-0.010329689117224126f,0.11595619122866764f,-0.10163507818280186f,0.9896703108827758f,0.10110878616601894f,0.8447458205471429f,-1.2096316523930268e-16f,0.10163507818280185f,-0.9948217482960331f,-0.18537732758811423f,0f,0f,0f,1f],start_interpolation:0}
execute if entity @s[tag=aj.spawner.bone.t44] run data modify entity @s {} merge value {transformation:[-0.9948217482960331f,-0.10110878616601895f,-0.010329689117224126f,0.3769170856257178f,-0.10163507818280186f,0.9896703108827758f,0.10110878616601894f,0.15367785100531772f,-1.2096316523930268e-16f,0.10163507818280185f,-0.9948217482960331f,0.25433199645542237f,0f,0f,0f,1f],start_interpolation:0}
execute if entity @s[tag=aj.spawner.bone.t45] run data modify entity @s {} merge value {transformation:[-0.9948217482960331f,-0.10110878616601895f,-0.010329689117224126f,0.09086170102692002f,-0.10163507818280186f,0.9896703108827758f,0.10110878616601894f,0.9058914872422842f,-1.2096316523930268e-16f,0.10163507818280185f,-0.9948217482960331f,-0.16005461780181748f,0f,0f,0f,1f],start_interpolation:0}
execute if entity @s[tag=aj.spawner.bone.v21] run data modify entity @s {} merge value {transformation:[-1f,0f,1.3565318390555298e-16f,-0.08549492101734665f,0f,1f,0f,0.6282246178250585f,-1.2246467991473532e-16f,0f,-1.1076923076923078f,-0.03125f,0f,0f,0f,1f],start_interpolation:0}
execute if entity @s[tag=aj.spawner.bone.v22] run data modify entity @s {} merge value {transformation:[-1f,0f,1.3565318390555298e-16f,0.02392149852408563f,0f,1f,0f,0.6282246178250586f,-1.2246467991473532e-16f,0f,-1.1076923076923078f,-0.03125f,0f,0f,0f,1f],start_interpolation:0}
execute if entity @s[tag=aj.spawner.bone.v31] run data modify entity @s {} merge value {transformation:[-1f,0f,1.3376911190686474e-16f,-0.14883150298131478f,0f,1f,0f,0.5591048674991094f,-1.2246467991473532e-16f,0f,-1.0923076923076924f,-0.03125f,0f,0f,0f,1f],start_interpolation:0}
execute if entity @s[tag=aj.spawner.bone.v32] run data modify entity @s {} merge value {transformation:[-1f,0f,1.3376911190686474e-16f,0.08725808048805375f,0f,1f,0f,0.5591048674991094f,-1.2246467991473532e-16f,0f,-1.0923076923076924f,-0.03125f,0f,0f,0f,1f],start_interpolation:0}
execute if entity @s[tag=aj.spawner.bone.heart] run data modify entity @s {} merge value {transformation:[-1.2333333333333336f,0f,1.2246467991473532e-16f,-0.03125f,0f,1f,0f,0.37499999999999994f,-1.5103977189484027e-16f,0f,-1f,-0.017116477272727693f,0f,0f,0f,1f],start_interpolation:0}