execute if entity @s[tag=aj.spawner.bone.bones_right] run data modify entity @s {} merge value {transformation:[-1f,3.0588796448979307e-17f,1.185829808970136e-16f,-0.03125f,0f,0.9683035221222615f,-0.2497764781672268f,0.7191027652616542f,-1.2246467991473532e-16f,-0.2497764781672268f,-0.9683035221222615f,-0.12555936445168703f,0f,0f,0f,1f],start_interpolation:0}
execute if entity @s[tag=aj.spawner.bone.bones_left] run data modify entity @s {} merge value {transformation:[-1f,-3.0588796448979307e-17f,1.185829808970136e-16f,-0.031250000000000056f,0f,0.9683035221222615f,0.2497764781672268f,0.7191027652616542f,-1.2246467991473532e-16f,0.2497764781672268f,-0.9683035221222615f,0.06305936445168706f,0f,0f,0f,1f],start_interpolation:0}
execute if entity @s[tag=aj.spawner.bone.t11] run data modify entity @s {} merge value {transformation:[-0.9948262370320387f,0.10182450583457602f,-0.0014374057179614226f,-0.19764085861827463f,0.10083541598935564f,0.9879675099466269f,-0.13570555045383847f,0.7173137662967157f,-0.012368386916962617f,-0.13547240548597025f,-0.990748170546291f,0.1468174283100423f,0f,0f,0f,1f],start_interpolation:0}
execute if entity @s[tag=aj.spawner.bone.t12] run data modify entity @s {} merge value {transformation:[-0.9910863843835214f,0.13319670565739924f,-0.0025330399947452835f,-0.18073246724477443f,0.13174143955485426f,0.9770779950654566f,-0.16722076624295956f,0.7822952805554808f,-0.019798277541581904f,-0.16606393094493455f,-0.9859162231373935f,0.12777755066343505f,0f,0f,0f,1f],start_interpolation:0}
execute if entity @s[tag=aj.spawner.bone.t13] run data modify entity @s {} merge value {transformation:[-0.995603833790132f,0.0936607313913345f,-0.0008206933847625811f,-0.16490224380746724f,0.09299664347593667f,0.9874244075237275f,-0.12784625035027553f,0.8422230933615524f,-0.011163800634238623f,-0.12736053871453312f,-0.991793659353468f,0.11627462591904375f,0f,0f,0f,1f],start_interpolation:0}
execute if entity @s[tag=aj.spawner.bone.t14] run data modify entity @s {} merge value {transformation:[-0.9963787046211537f,0.0850113046365648f,-0.0015984559615316875f,-0.1653941756686937f,0.08459639446312701f,0.989277150938787f,-0.11905531770683583f,0.8825787824374107f,-0.008539731922653636f,-0.11875940684605064f,-0.9928863360245539f,0.10906503765926287f,0f,0f,0f,1f],start_interpolation:0}
execute if entity @s[tag=aj.spawner.bone.t15] run data modify entity @s {} merge value {transformation:[-0.9970684013741064f,0.07646622551073602f,-0.0027421410294699152f,-0.153576648996619f,0.07627890336790169f,0.9905330180732882f,-0.11413092923310879f,0.9051474988253878f,-0.006010980142585318f,-0.1140055106684051f,-0.9934619326652439f,0.09655408542772378f,0f,0f,0f,1f],start_interpolation:0}
execute if entity @s[tag=aj.spawner.bone.t21] run data modify entity @s {} merge value {transformation:[-0.9931877282994419f,-0.11624743652799382f,0.011126656900494955f,0.13601013305033088f,-0.11649869770989532f,0.9885506481931055f,-0.1160683961176859f,0.7172335981488527f,0.002487928313336495f,-0.11682984173780706f,-0.9931788987533346f,0.14642560076447966f,0f,0f,0f,1f],start_interpolation:0}
execute if entity @s[tag=aj.spawner.bone.t22] run data modify entity @s {} merge value {transformation:[-0.9890652323402583f,-0.1460580688808254f,0.02042074167396504f,0.12385793428666655f,-0.1474728210448902f,0.9782627000784466f,-0.1457870251026778f,0.7832286427892567f,0.0013165214668000363f,-0.1472043822378637f,-0.9891052201971215f,0.13420056734429936f,0f,0f,0f,1f],start_interpolation:0}
execute if entity @s[tag=aj.spawner.bone.t23] run data modify entity @s {} merge value {transformation:[-0.9928205647087839f,-0.11905093205936305f,0.011584552953319605f,0.10513625137441207f,-0.11958129054643257f,0.9856511641070377f,-0.11913059072165888f,0.8424681319304732f,0.0027642797580969096f,-0.11966059614692984f,-0.9928110094510335f,0.12341929635597375f,0f,0f,0f,1f],start_interpolation:0}
execute if entity @s[tag=aj.spawner.bone.t24] run data modify entity @s {} merge value {transformation:[-0.9928205647087839f,-0.11905093205936305f,0.011584552953319605f,0.09228242692352609f,-0.11958129054643257f,0.9856511641070377f,-0.11913059072165888f,0.8811134520201543f,0.0027642797580969096f,-0.11966059614692984f,-0.9928110094510335f,0.11047749172323959f,0f,0f,0f,1f],start_interpolation:0}
execute if entity @s[tag=aj.spawner.bone.t25] run data modify entity @s {} merge value {transformation:[-0.9928132026867449f,-0.1190456638759234f,0.012250489101616878f,0.0820282694192954f,-0.11965609723281438f,0.9856607370936852f,-0.11897617302193172f,0.9031498284169744f,0.0020887713851547394f,-0.11958696109640896f,-0.9928215326884416f,0.09790908315060987f,0f,0f,0f,1f],start_interpolation:0}
execute if entity @s[tag=aj.spawner.bone.t31] run data modify entity @s {} merge value {transformation:[-0.9931877282994419f,0.11624743652799382f,0.011126656900494955f,-0.19600580468547624f,0.11649869770989532f,0.9885506481931055f,0.1160683961176859f,0.7171220823546485f,0.002487928313336495f,0.11682984173780706f,-0.9931788987533346f,-0.21017283819623056f,0f,0f,0f,1f],start_interpolation:0}
execute if entity @s[tag=aj.spawner.bone.t32] run data modify entity @s {} merge value {transformation:[-0.9890910341552638f,0.1462009780522402f,0.018005559425883992f,-0.183853605921812f,0.1472577366093364f,0.9782414186683134f,0.14614679541646103f,0.7831171269950524f,0.0037530204323938804f,0.14720394294438582f,-0.9890990415621986f,-0.19794780477605026f,0f,0f,0f,1f],start_interpolation:0}
execute if entity @s[tag=aj.spawner.bone.t33] run data modify entity @s {} merge value {transformation:[-0.9928205647087839f,0.11905093205936305f,0.011584552953319605f,-0.173199191832487f,0.11958129054643257f,0.9856511641070377f,0.11913059072165888f,0.8423594263561052f,0.0027642797580969096f,0.11966059614692984f,-0.9928110094510335f,-0.17916249892994712f,0f,0f,0f,1f],start_interpolation:0}
execute if entity @s[tag=aj.spawner.bone.t34] run data modify entity @s {} merge value {transformation:[-0.9928205647087839f,0.11905093205936305f,0.011584552953319605f,-0.16787207398186216f,0.11958129054643257f,0.9856511641070377f,0.11913059072165888f,0.8810626900694278f,0.0027642797580969096f,0.11966059614692984f,-0.9928110094510335f,-0.1593717151363993f,0f,0f,0f,1f],start_interpolation:0}
execute if entity @s[tag=aj.spawner.bone.t35] run data modify entity @s {} merge value {transformation:[-0.9928239139569364f,0.11908746088339131f,0.010901950998628734f,-0.14785030187100104f,0.11953587800933443f,0.9856557020101203f,0.1191386207888707f,0.9030403422259854f,0.0034423456780624923f,0.11958684607967368f,-0.9928177760802579f,-0.1558756287406326f,0f,0f,0f,1f],start_interpolation:0}
execute if entity @s[tag=aj.spawner.bone.t41] run data modify entity @s {} merge value {transformation:[-0.9960576711901159f,-0.08835831982331999f,-0.00786911566332273f,0.14506294260369526f,-0.08870803606958534f,0.9921308843366772f,0.08835831982331997f,0.7185581115567649f,-1.2111452214092583e-16f,0.08870803606958533f,-0.9960576711901159f,-0.21472214005983914f,0f,0f,0f,1f],start_interpolation:0}
execute if entity @s[tag=aj.spawner.bone.t42] run data modify entity @s {} merge value {transformation:[-0.9960576711901159f,-0.08835831982331999f,-0.00786911566332273f,0.13281212964379957f,-0.08870803606958534f,0.9921308843366772f,0.08835831982331997f,0.7856604451305799f,-1.2111452214092583e-16f,0.08870803606958533f,-0.9960576711901159f,-0.202398102135117f,0f,0f,0f,1f],start_interpolation:0}
execute if entity @s[tag=aj.spawner.bone.t43] run data modify entity @s {} merge value {transformation:[-0.9960576711901159f,-0.08835831982331999f,-0.00786911566332273f,0.1180254669467784f,-0.08870803606958534f,0.9921308843366772f,0.08835831982331997f,0.8460086283151261f,-1.2111452214092583e-16f,0.08870803606958533f,-0.9960576711901159f,-0.18751580921336058f,0f,0f,0f,1f],start_interpolation:0}
execute if entity @s[tag=aj.spawner.bone.t44] run data modify entity @s {} merge value {transformation:[-0.9960576711901159f,-0.08835831982331999f,-0.00786911566332273f,0.36947848725972154f,-0.08870803606958534f,0.9921308843366772f,0.08835831982331997f,0.1573575607641019f,-1.2111452214092583e-16f,0.08870803606958533f,-0.9960576711901159f,0.2614283992561624f,0f,0f,0f,1f],start_interpolation:0}
execute if entity @s[tag=aj.spawner.bone.t45] run data modify entity @s {} merge value {transformation:[-0.9960576711901159f,-0.08835831982331999f,-0.00786911566332273f,0.09369841679224568f,-0.08870803606958534f,0.9921308843366772f,0.08835831982331997f,0.9077972234267281f,-1.2111452214092583e-16f,0.08870803606958533f,-0.9960576711901159f,-0.1630182630114796f,0f,0f,0f,1f],start_interpolation:0}
execute if entity @s[tag=aj.spawner.bone.v11] run data modify entity @s {} merge value {transformation:[-1f,0f,1.382101387609156e-16f,-0.030800627695997784f,0f,1f,0f,0.6526466891732801f,-1.2246467991473532e-16f,0f,-1.1285714285714288f,-0.031250000000000056f,0f,0f,0f,1f],start_interpolation:0}
execute if entity @s[tag=aj.spawner.bone.v21] run data modify entity @s {} merge value {transformation:[-1f,0f,1.3121215705150213e-16f,-0.08549492101734665f,0f,1f,0f,0.6282246178250585f,-1.2246467991473532e-16f,0f,-1.0714285714285714f,-0.03125f,0f,0f,0f,1f],start_interpolation:0}
execute if entity @s[tag=aj.spawner.bone.v22] run data modify entity @s {} merge value {transformation:[-1f,0f,1.3121215705150213e-16f,0.02392149852408563f,0f,1f,0f,0.6282246178250586f,-1.2246467991473532e-16f,0f,-1.0714285714285714f,-0.03125f,0f,0f,0f,1f],start_interpolation:0}
execute if entity @s[tag=aj.spawner.bone.heart] run data modify entity @s {} merge value {transformation:[-1.2035714285714287f,0f,1.2246467991473532e-16f,-0.03125f,0f,1f,0f,0.37499999999999994f,-1.4739498975452074e-16f,0f,-1f,-0.017116477272727693f,0f,0f,0f,1f],start_interpolation:0}