execute if entity @s[tag=aj.spawner.bone.bones_right] run data modify entity @s {} merge value {transformation:[-1f,6.866649373578753e-18f,1.2227202031944557e-16f,-0.03125f,0f,0.9984268150178166f,-0.05607044723719183f,0.7089465152616541f,-1.2246467991473532e-16f,-0.05607044723719183f,-0.9984268150178166f,-0.12477811445168707f,0f,0f,0f,1f],start_interpolation:0}
execute if entity @s[tag=aj.spawner.bone.bones_left] run data modify entity @s {} merge value {transformation:[-1f,-6.866649373578753e-18f,1.2227202031944557e-16f,-0.031250000000000056f,0f,0.9984268150178166f,0.05607044723719183f,0.7089465152616541f,-1.2246467991473532e-16f,0.05607044723719183f,-0.9984268150178166f,0.06227811445168707f,0f,0f,0f,1f],start_interpolation:0}
execute if entity @s[tag=aj.spawner.bone.t11] run data modify entity @s {} merge value {transformation:[-0.9999821759052959f,0.005969876255700558f,0.00013534448059094055f,-0.19995256712637324f,0.005968025056306743f,1.0000988372048836f,-0.006607847334673305f,0.7217958489500667f,-0.0001747816841050322f,-0.006607836769254914f,-0.999978158779217f,0.149938845273304f,0f,0f,0f,1f],start_interpolation:0}
execute if entity @s[tag=aj.spawner.bone.t12] run data modify entity @s {} merge value {transformation:[-0.9999997897265922f,0.000641351475068612f,-0.00009599508676163567f,-0.1876135992403233f,0.0006414738950564015f,0.9999989741303218f,-0.0012807222751331296f,0.790698255873516f,0.00009517359516287704f,-0.0012807835841735036f,-0.9999991752673584f,0.13755984307349683f,0f,0f,0f,1f],start_interpolation:0}
execute if entity @s[tag=aj.spawner.bone.t13] run data modify entity @s {} merge value {transformation:[-0.9999626073116739f,-0.008637570739567935f,-0.00041994066054580544f,-0.1783734968984161f,-0.008640650390945631f,0.9999307606813527f,0.007988304202568373f,0.8535364820178593f,0.00035091204150172484f,0.00799163405883179f,-0.9999680048110583f,0.1346135279429883f,0f,0f,0f,1f],start_interpolation:0}
execute if entity @s[tag=aj.spawner.bone.t14] run data modify entity @s {} merge value {transformation:[-0.9998021287705394f,-0.019667721549709513f,-0.0029806098270033356f,-0.18169254249932665f,-0.01972127738458268f,0.9996220495586156f,0.019152787122319506f,0.8943239923563077f,0.0026027916201809827f,0.019207778769957558f,-0.9998121257068782f,0.13157442946163891f,0f,0f,0f,1f],start_interpolation:0}
execute if entity @s[tag=aj.spawner.bone.t15] run data modify entity @s {} merge value {transformation:[-0.9995129597042923f,-0.030538171317782543f,-0.00642366528796187f,-0.17280280848130697f,-0.030690683728760677f,0.999212205315488f,0.025160498421539747f,0.9201432225118769f,0.005650249147355151f,0.025345390924680623f,-0.999662786065105f,0.12267109387193971f,0f,0f,0f,1f],start_interpolation:0}
execute if entity @s[tag=aj.spawner.bone.t21] run data modify entity @s {} merge value {transformation:[-0.9998785854335426f,-0.015586974675583938f,0.00018454639438428375f,0.13843406540183503f,-0.015582393745501764f,1.0001142295714744f,-0.015581500704804374f,0.7214103671451415f,0.00005828016750800912f,-0.015588049731289667f,-0.9998785840182869f,0.14905363236292818f,0f,0f,0f,1f],start_interpolation:0}
execute if entity @s[tag=aj.spawner.bone.t22] run data modify entity @s {} merge value {transformation:[-0.999878617963208f,-0.015573735400237548f,0.000456186001987753f,0.13154211143246497f,-0.015578951417441055f,0.9997573853369401f,-0.015571343454502517f,0.7900374865820212f,-0.000213571341787945f,-0.015576560272680708f,-0.9998786552163985f,0.1421611039240837f,0f,0f,0f,1f],start_interpolation:0}
execute if entity @s[tag=aj.spawner.bone.t23] run data modify entity @s {} merge value {transformation:[-0.9999562892728727f,-0.009349433215451139f,0.00008741954362691143f,0.11533372802268443f,-0.009349841903839282f,0.9999125804563732f,-0.00934943321545114f,0.8523567146019985f,-1.224525506309508e-16f,-0.009349841903839284f,-0.9999562892728727f,0.138451875401116f,0f,0f,0f,1f],start_interpolation:0}
execute if entity @s[tag=aj.spawner.bone.t24] run data modify entity @s {} merge value {transformation:[-0.9999562892728727f,-0.009349433215451139f,0.00008741954362691143f,0.10558013664459509f,-0.009349841903839282f,0.9999125804563732f,-0.00934943321545114f,0.8928028574787948f,-1.224525506309508e-16f,-0.009349841903839284f,-0.9999562892728727f,0.12869744786183943f,0f,0f,0f,1f],start_interpolation:0}
execute if entity @s[tag=aj.spawner.bone.t25] run data modify entity @s {} merge value {transformation:[-0.9999562892728727f,-0.009349433215451139f,0.00008741954362691143f,0.09597263016049712f,-0.009349841903839282f,0.9999125804563732f,-0.00934943321545114f,0.9176253662859608f,-1.224525506309508e-16f,-0.009349841903839284f,-0.9999562892728727f,0.11908911160231023f,0f,0f,0f,1f],start_interpolation:0}
execute if entity @s[tag=aj.spawner.bone.t31] run data modify entity @s {} merge value {transformation:[-0.9998785854335426f,0.015586974675583938f,0.00018454639438428375f,-0.1984297175781404f,0.015582393745501764f,1.0001142295714744f,0.015581500704804374f,0.7213986590052694f,0.00005828016750800912f,0.015588049731289667f,-0.9998785840182869f,-0.21280575154253922f,0f,0f,0f,1f],start_interpolation:0}
execute if entity @s[tag=aj.spawner.bone.t32] run data modify entity @s {} merge value {transformation:[-0.9999617302955666f,0.008728796884419975f,-0.0005882595066463295f,-0.19153597481415008f,0.008723327160949484f,0.9999237991505052f,0.008734955962296393f,0.7902170882470834f,0.0006644603371614381f,0.008729490097981463f,-0.9999616765131999f,-0.20591143423088148f,0f,0f,0f,1f],start_interpolation:0}
execute if entity @s[tag=aj.spawner.bone.t33] run data modify entity @s {} merge value {transformation:[-0.9999996755620562f,-0.0005476131373707865f,0.000590758524356335f,-0.18828949334065218f,-0.0005479347433875799f,0.9999997017140214f,-0.0005443706320539254f,0.8528908445770319f,-0.0005904602436316387f,-0.0005446941525598815f,-0.9999996773324382f,-0.1891528065636629f,0f,0f,0f,1f],start_interpolation:0}
execute if entity @s[tag=aj.spawner.bone.t34] run data modify entity @s {} merge value {transformation:[-0.9999282960374581f,-0.011577258460682579f,0.003061024364490908f,-0.18628281063946459f,-0.011612420071863942f,0.9998637688880104f,-0.011730105077869743f,0.8935075906376675f,-0.002924804899480443f,-0.011764809883625297f,-0.9999265146823051f,-0.1723570723062793f,0f,0f,0f,1f],start_interpolation:0}
execute if entity @s[tag=aj.spawner.bone.t35] run data modify entity @s {} merge value {transformation:[-0.9997271430723182f,-0.022449221033801776f,0.006455376010413043f,-0.16968421548093057f,-0.022560807689974698f,0.9995875971417071f,-0.017766417670543794f,0.9191776051790971f,-0.006053871557630115f,-0.017907208477139697f,-0.9998213252995357f,-0.16975325612747422f,0f,0f,0f,1f],start_interpolation:0}
execute if entity @s[tag=aj.spawner.bone.t41] run data modify entity @s {} merge value {transformation:[-0.9999562892728727f,-0.009349433215451142f,-0.00008741954362666651f,0.1393954103407295f,-0.009349841903839282f,0.9999125804563732f,0.00934943321545114f,0.7214355594139309f,-1.2246610315810687e-16f,0.00934984190383928f,-0.9999562892728727f,-0.2132864997585357f,0f,0f,0f,1f],start_interpolation:0}
execute if entity @s[tag=aj.spawner.bone.t42] run data modify entity @s {} merge value {transformation:[-0.9999562892728727f,-0.009349433215451142f,-0.00008741954362666651f,0.13250345637135938f,-0.009349841903839282f,0.9999125804563732f,0.00934943321545114f,0.7900626788508103f,-1.2246610315810687e-16f,0.00934984190383928f,-0.9999562892728727f,-0.2063939713196913f,0f,0f,0f,1f],start_interpolation:0}
execute if entity @s[tag=aj.spawner.bone.t43] run data modify entity @s {} merge value {transformation:[-0.9999562892728727f,-0.009349433215451142f,-0.00008741954362666651f,0.12254534614168203f,-0.009349841903839282f,0.9999125804563732f,0.00934943321545114f,0.8523819094250901f,-1.2246610315810687e-16f,0.00934984190383928f,-0.9999562892728727f,-0.19643501598876817f,0f,0f,0f,1f],start_interpolation:0}
execute if entity @s[tag=aj.spawner.bone.t44] run data modify entity @s {} merge value {transformation:[-0.9999562892728727f,-0.009349433215451142f,-0.00008741954362666651f,0.31817769515101757f,-0.009349841903839282f,0.9999125804563732f,0.00934943321545114f,0.18381748294130618f,-1.2246610315810687e-16f,0.00934984190383928f,-0.9999562892728727f,0.3073202899321639f,0f,0f,0f,1f],start_interpolation:0}
execute if entity @s[tag=aj.spawner.bone.t45] run data modify entity @s {} merge value {transformation:[-0.9999562892728727f,-0.009349433215451142f,-0.00008741954362666651f,0.10318424827949467f,-0.009349841903839282f,0.9999125804563732f,0.00934943321545114f,0.9176505611090524f,-1.2246610315810687e-16f,0.00934984190383928f,-0.9999562892728727f,-0.17707225218996253f,0f,0f,0f,1f],start_interpolation:0}
execute if entity @s[tag=aj.spawner.bone.v41] run data modify entity @s {} merge value {transformation:[-1f,0f,1.4345862504297566e-16f,-0.17228970872519958f,0f,1f,0f,0.4987821885213817f,-1.2246467991473532e-16f,0f,-1.1714285714285715f,-0.03125f,0f,0f,0f,1f],start_interpolation:0}
execute if entity @s[tag=aj.spawner.bone.v42] run data modify entity @s {} merge value {transformation:[-1f,0f,1.4345862504297566e-16f,0.11071628623193838f,0f,1f,0f,0.4987821885213818f,-1.2246467991473532e-16f,0f,-1.1714285714285715f,-0.03125f,0f,0f,0f,1f],start_interpolation:0}
execute if entity @s[tag=aj.spawner.bone.v51] run data modify entity @s {} merge value {transformation:[-1f,0f,1.2596367076944207e-16f,-0.17228970872519955f,0f,1f,0f,0.40503218852138173f,-1.2246467991473532e-16f,0f,-1.0285714285714287f,-0.031250000000000056f,0f,0f,0f,1f],start_interpolation:0}
execute if entity @s[tag=aj.spawner.bone.v52] run data modify entity @s {} merge value {transformation:[-1f,0f,1.2596367076944207e-16f,0.11071628623193841f,0f,1f,0f,0.4050321885213818f,-1.2246467991473532e-16f,0f,-1.0285714285714287f,-0.03125f,0f,0f,0f,1f],start_interpolation:0}
execute if entity @s[tag=aj.spawner.bone.heart] run data modify entity @s {} merge value {transformation:[-1.0214285714285714f,0f,1.2246467991473532e-16f,-0.03125f,0f,1f,0f,0.37499999999999994f,-1.2508892305576535e-16f,0f,-1f,-0.017116477272727693f,0f,0f,0f,1f],start_interpolation:0}