execute if entity @s[tag=aj.spawner.bone.bones_right] run data modify entity @s {} merge value {transformation:[-1f,4.367354184819249e-17f,1.1441249743385883e-16f,-0.03125f,0f,0.9342489402945998f,-0.356621532662313f,0.7249063366902255f,-1.2246467991473532e-16f,-0.356621532662313f,-0.9342489402945998f,-0.1260057930231156f,0f,0f,0f,1f],start_interpolation:0}
execute if entity @s[tag=aj.spawner.bone.bones_left] run data modify entity @s {} merge value {transformation:[-1f,-4.367354184819249e-17f,1.1441249743385883e-16f,-0.031250000000000056f,0f,0.9342489402945998f,0.356621532662313f,0.7249063366902255f,-1.2246467991473532e-16f,0.356621532662313f,-0.9342489402945998f,0.06350579302311563f,0f,0f,0f,1f],start_interpolation:0}
execute if entity @s[tag=aj.spawner.bone.t11] run data modify entity @s {} merge value {transformation:[-0.9988249782058973f,0.04841765527909386f,0.002902227027171186f,-0.19820358937420593f,0.0480289872447429f,0.9969571097164752f,-0.07401420744024943f,0.7185371028186296f,-0.006471421500174716f,-0.07385134360052928f,-0.9972529639842012f,0.14760855514581844f,0f,0f,0f,1f],start_interpolation:0}
execute if entity @s[tag=aj.spawner.bone.t12] run data modify entity @s {} merge value {transformation:[-0.9950274996892489f,0.09957440821245549f,0.0022830005039988885f,-0.18250957088593162f,0.09850893897564691f,0.987247625335996f,-0.12505244983737585f,0.7836015191697583f,-0.014705910514288259f,-0.12420573053436952f,-0.9921475055143611f,0.13035217974491187f,0f,0f,0f,1f],start_interpolation:0}
execute if entity @s[tag=aj.spawner.bone.t13] run data modify entity @s {} merge value {transformation:[-0.974223240242028f,0.22387983757918786f,-0.027692896162014632f,-0.1620656781109336f,0.22367031434075202f,0.9426789851007362f,-0.2476447486464335f,0.8362728175824095f,-0.029337154855794315f,-0.24745534824481466f,-0.9684550490187992f,0.11339282782628829f,0f,0f,0f,1f],start_interpolation:0}
execute if entity @s[tag=aj.spawner.bone.t14] run data modify entity @s {} merge value {transformation:[-0.9051509609798783f,0.40960291672834626f,-0.11369779437101835f,-0.15862307584423793f,0.4162836394816348f,0.7999433142724548f,-0.43220206553269136f,0.8730975633402058f,-0.08607943620358574f,-0.4385386465962059f,-0.8945804525611103f,0.10433455476756531f,0f,0f,0f,1f],start_interpolation:0}
execute if entity @s[tag=aj.spawner.bone.t15] run data modify entity @s {} merge value {transformation:[-0.7955945883070907f,0.5680611628625075f,-0.21056060007457866f,-0.1393359657314343f,0.5855228847524352f,0.631760784553532f,-0.5079776201088905f,0.8800841835103268f,-0.1555384276880071f,-0.5274322955106195f,-0.8352382720905102f,0.08501663140731737f,0f,0f,0f,1f],start_interpolation:0}
execute if entity @s[tag=aj.spawner.bone.t21] run data modify entity @s {} merge value {transformation:[-0.9976974499728977f,-0.067723413234715f,0.004599798317577471f,0.13659872258785702f,-0.06782181299240936f,0.9962499335619075f,-0.06766564987506557f,0.7183722554853194f,-1.2261637973167278e-16f,-0.06787970966203703f,-0.9976974499728977f,0.14710154356908056f,0f,0f,0f,1f],start_interpolation:0}
execute if entity @s[tag=aj.spawner.bone.t22] run data modify entity @s {} merge value {transformation:[-0.9936088972783738f,-0.11205814333635093f,0.01357688334131933f,0.1258494922502499f,-0.11287425001200664f,0.9872965502383425f,-0.11182542453169993f,0.784346305714597f,-0.0008734606350514697f,-0.1126432172812803f,-0.9936351154558908f,0.13631308131975944f,0f,0f,0f,1f],start_interpolation:0}
execute if entity @s[tag=aj.spawner.bone.t23] run data modify entity @s {} merge value {transformation:[-0.9722686029559464f,-0.22801752794200275f,0.05197855959249116f,0.11428061649531662f,-0.23385310641845597f,0.9454733512033896f,-0.226699948792826f,0.837693901970952f,0.002547218979681078f,-0.2325685901308464f,-0.972576661533691f,0.1203364944497505f,0f,0f,0f,1f],start_interpolation:0}
execute if entity @s[tag=aj.spawner.bone.t24] run data modify entity @s {} merge value {transformation:[-0.9069081864562261f,-0.3734225975969504f,0.1951233070205232f,0.10117990694247538f,-0.42064260099223794f,0.8288941169448111f,-0.3687741112453076f,0.8707902106292544f,-0.024027974720398325f,-0.4165214358208083f,-0.9088083130851126f,0.10572632423204407f,0f,0f,0f,1f],start_interpolation:0}
execute if entity @s[tag=aj.spawner.bone.t25] run data modify entity @s {} merge value {transformation:[-0.805656805423154f,-0.4814086101147935f,0.3451997421532941f,0.09413735817465647f,-0.5887478568264524f,0.7151658920292779f,-0.37671435857984764f,0.8822368663983885f,-0.06552154575112687f,-0.5067380950602686f,-0.8596065553827944f,0.08657170863732758f,0f,0f,0f,1f],start_interpolation:0}
execute if entity @s[tag=aj.spawner.bone.t31] run data modify entity @s {} merge value {transformation:[-0.9976974499728977f,0.067723413234715f,0.004599798317577471f,-0.19659438140046626f,0.06782181299240936f,0.9962499335619075f,0.06766564987506557f,0.7182871352369733f,-1.2261637973167278e-16f,0.06787970966203703f,-0.9976974499728977f,-0.21085083428904644f,0f,0f,0f,1f],start_interpolation:0}
execute if entity @s[tag=aj.spawner.bone.t32] run data modify entity @s {} merge value {transformation:[-0.9932370640147216f,0.11516536698209637f,0.014733394561163946f,-0.18585981530549237f,0.11609665216355053f,0.9865711829123479f,0.11488632818288805f,0.7840454661152727f,-0.0013046163541140026f,0.11581985708335929f,-0.9932693787091993f,-0.20007707012543613f,0f,0f,0f,1f],start_interpolation:0}
execute if entity @s[tag=aj.spawner.bone.t33] run data modify entity @s {} merge value {transformation:[-0.9704386618095706f,0.23837176429605791f,0.037784992412786496f,-0.1710801071426095f,0.24041283091819243f,0.9409906100922738f,0.23819811596247098f,0.8374203655496953f,0.021224382091131304f,0.2402406578923617f,-0.9704812990986972f,-0.19029403224418978f,0f,0f,0f,1f],start_interpolation:0}
execute if entity @s[tag=aj.spawner.bone.t34] run data modify entity @s {} merge value {transformation:[-0.8984466651004719f,0.420475951488237f,0.12646566407488735f,-0.16211249132876496f,0.4323426949251603f,0.7968951597322372f,0.4219453738817168f,0.8734540303390818f,0.07663800698537399f,0.4337719200402371f,-0.8977575047137818f,-0.17461419969804404f,0f,0f,0f,1f],start_interpolation:0}
execute if entity @s[tag=aj.spawner.bone.t35] run data modify entity @s {} merge value {transformation:[-0.786451915014264f,0.5755081713987191f,0.22424033986707081f,-0.13528085703211795f,0.6003338012252359f,0.6268774964874189f,0.49661245605011267f,0.8806839585904174f,0.14523330360786973f,0.5251808727009856f,-0.8385060157638557f,-0.1685436089623776f,0f,0f,0f,1f],start_interpolation:0}
execute if entity @s[tag=aj.spawner.bone.t41] run data modify entity @s {} merge value {transformation:[-0.9976974499728977f,-0.06766564987506558f,-0.004599798317577226f,0.14259967219875955f,-0.06782181299240936f,0.9954002016824226f,0.06766564987506557f,0.7190704178068245f,-1.2174901799368438e-16f,0.06782181299240934f,-0.9976974499728977f,-0.21386112831913692f,0f,0f,0f,1f],start_interpolation:0}
execute if entity @s[tag=aj.spawner.bone.t42] run data modify entity @s {} merge value {transformation:[-0.9976974499728977f,-0.06766564987506558f,-0.004599798317577226f,0.13174079844700304f,-0.06782181299240936f,0.9954002016824226f,0.06766564987506557f,0.7866573850295685f,-1.2174901799368438e-16f,0.06782181299240934f,-0.9976974499728977f,-0.20296276961357826f,0f,0f,0f,1f],start_interpolation:0}
execute if entity @s[tag=aj.spawner.bone.t43] run data modify entity @s {} merge value {transformation:[-0.9976974499728977f,-0.06766564987506558f,-0.004599798317577226f,0.11820140484554281f,-0.06782181299240936f,0.9954002016824226f,0.06766564987506557f,0.8475997026703372f,-1.2174901799368438e-16f,0.06782181299240934f,-0.9976974499728977f,-0.18937049270805673f,0f,0f,0f,1f],start_interpolation:0}
execute if entity @s[tag=aj.spawner.bone.t44] run data modify entity @s {} merge value {transformation:[-0.9976974499728977f,-0.06766564987506558f,-0.004599798317577226f,0.3545240408664959f,-0.06782181299240936f,0.9954002016824226f,0.06766564987506557f,0.16337049683628613f,-1.2174901799368438e-16f,0.06782181299240934f,-0.9976974499728977f,0.27431239695879844f,0f,0f,0f,1f],start_interpolation:0}
execute if entity @s[tag=aj.spawner.bone.t45] run data modify entity @s {} merge value {transformation:[-0.9976974499728977f,-0.06766564987506558f,-0.004599798317577226f,0.09514026560395437f,-0.06782181299240936f,0.9954002016824226f,0.06766564987506557f,0.9103824509769806f,-1.2174901799368438e-16f,0.06782181299240934f,-0.9976974499728977f,-0.16621285904343824f,0f,0f,0f,1f],start_interpolation:0}
execute if entity @s[tag=aj.spawner.bone.v61] run data modify entity @s {} merge value {transformation:[-1f,0f,1.2421417534208868e-16f,-0.09963345872519982f,0f,1f,0f,0.38940718852138173f,-1.2246467991473532e-16f,0f,-1.0142857142857142f,-0.03125f,0f,0f,0f,1f],start_interpolation:0}
execute if entity @s[tag=aj.spawner.bone.v62] run data modify entity @s {} merge value {transformation:[-1f,0f,1.2421417534208868e-16f,0.03806003325170601f,0f,1f,0f,0.38940718852138173f,-1.2246467991473532e-16f,0f,-1.0142857142857142f,-0.03125f,0f,0f,0f,1f],start_interpolation:0}
execute if entity @s[tag=aj.spawner.bone.heart] run data modify entity @s {} merge value {transformation:[-1.155555555555556f,0f,1.2246467991473532e-16f,-0.03125f,0f,1f,0f,0.37499999999999994f,-1.415147412348053e-16f,0f,-1f,-0.017116477272727693f,0f,0f,0f,1f],start_interpolation:0}