execute if entity @s[tag=aj.spawner.bone.bones_right] run data modify entity @s {} merge value {transformation:[-1f,3.71896753873976e-17f,1.1668130043498216e-16f,-0.03125f,0f,0.9527751227228963f,-0.30367674510961445f,0.7220045509759399f,-1.2246467991473532e-16f,-0.30367674510961445f,-0.9527751227228963f,-0.12578257873740134f,0f,0f,0f,1f],start_interpolation:0}
execute if entity @s[tag=aj.spawner.bone.bones_left] run data modify entity @s {} merge value {transformation:[-1f,-3.71896753873976e-17f,1.1668130043498216e-16f,-0.031250000000000056f,0f,0.9527751227228963f,0.30367674510961445f,0.7220045509759399f,-1.2246467991473532e-16f,0.30367674510961445f,-0.9527751227228963f,0.06328257873740134f,0f,0f,0f,1f],start_interpolation:0}
execute if entity @s[tag=aj.spawner.bone.t11] run data modify entity @s {} merge value {transformation:[-0.9996513591939247f,0.026269268571278478f,0.002774346827635833f,-0.19886254565796846f,0.026117584828545894f,0.9992135943644381f,-0.0421269181854819f,0.7198503507170004f,-0.00387708968977716f,-0.04205840790561789f,-0.9991084154204055f,0.14850605891896582f,0f,0f,0f,1f],start_interpolation:0}
execute if entity @s[tag=aj.spawner.bone.t12] run data modify entity @s {} merge value {transformation:[-0.9979344939553534f,0.06413784030402364f,0.0036170727402555216f,-0.18446103255061522f,0.06364446230009828f,0.9947660074696084f,-0.07993730544311886f,0.7861695922915395f,-0.008725147139395859f,-0.07954198780587943f,-0.9967933306274102f,0.1331340327411533f,0f,0f,0f,1f],start_interpolation:0}
execute if entity @s[tag=aj.spawner.bone.t13] run data modify entity @s {} merge value {transformation:[-0.9833294415037899f,0.1810952775731618f,-0.016361843189078417f,-0.16643575858217594f,0.1807605575108831f,0.9638065831251302f,-0.1959655356765981f,0.8408627802106976f,-0.019718780900432022f,-0.1956562566476237f,-0.9804742724388232f,0.11917531825289193f,0f,0f,0f,1f],start_interpolation:0}
execute if entity @s[tag=aj.spawner.bone.t14] run data modify entity @s {} merge value {transformation:[-0.9302271224548957f,0.35837896144003206f,-0.07900645952356469f,-0.16413458870655911f,0.36092579640808325f,0.8544599152413676f,-0.3736720791454802f,0.878298609687789f,-0.06640835893526904f,-0.3761153722501636f,-0.9241900002816766f,0.11146133571096427f,0f,0f,0f,1f],start_interpolation:0}
execute if entity @s[tag=aj.spawner.bone.t15] run data modify entity @s {} merge value {transformation:[-0.8424253034212984f,0.516498151108909f,-0.15345770771327163f,-0.14614007152593994f,0.5240357910583958f,0.7191449021651422f,-0.4563081189061723f,0.8880386984960394f,-0.12532397155107444f,-0.4648228367786666f,-0.8764893796069059f,0.09342143031457198f,0f,0f,0f,1f],start_interpolation:0}
execute if entity @s[tag=aj.spawner.bone.t21] run data modify entity @s {} merge value {transformation:[-0.9985783189429907f,-0.053264150404304746f,0.0028413409369908993f,0.13702902028384042f,-0.05330423001029821f,0.9978274849928687f,-0.053228448396234106f,0.7191474324741446f,-1.2229057419914782e-16f,-0.053339982847500245f,-0.9985783189429907f,0.14757801225926573f,0f,0f,0f,1f],start_interpolation:0}
execute if entity @s[tag=aj.spawner.bone.t22] run data modify entity @s {} merge value {transformation:[-0.9960535903114047f,-0.08829061921502825f,0.0090560359091203f,0.12721397604456627f,-0.0887456958877025f,0.9921467370192375f,-0.0881422355258114f,0.7857667303444893f,-0.001202783923992001f,-0.08859807436229677f,-0.9960667319663503f,0.13774009613439006f,0f,0f,0f,1f],start_interpolation:0}
execute if entity @s[tag=aj.spawner.bone.t23] run data modify entity @s {} merge value {transformation:[-0.9819336445580615f,-0.1858046113607406f,0.03581848799163008f,0.11476820336975191f,-0.18922549454721058f,0.964354077296899f,-0.18497277046692617f,0.8409494355845293f,-0.00017291120841178044f,-0.1884087577527401f,-0.982090683238459f,0.1242572038716675f,0f,0f,0f,1f],start_interpolation:0}
execute if entity @s[tag=aj.spawner.bone.t24] run data modify entity @s {} merge value {transformation:[-0.9363684285200683f,-0.3202105663450037f,0.14380319632007352f,0.10231319648949996f,-0.3501343258504224f,0.8810964579748457f,-0.31792292400116623f,0.8753673656647949f,-0.024902207374605165f,-0.3480434239361419f,-0.9371476165058945f,0.1105399432230903f,0f,0f,0f,1f],start_interpolation:0}
execute if entity @s[tag=aj.spawner.bone.t25] run data modify entity @s {} merge value {transformation:[-0.864144559009962f,-0.4288093202880316f,0.26339466199525485f,0.09464302644309316f,-0.49943791832483164f,0.7950080400039644f,-0.3442731213272594f,0.8892428621059216f,-0.06177335083057307f,-0.4290510262931105f,-0.9011655064215404f,0.09301359019598658f,0f,0f,0f,1f],start_interpolation:0}
execute if entity @s[tag=aj.spawner.bone.t31] run data modify entity @s {} merge value {transformation:[-0.9985783189429907f,0.053264150404304746f,0.0028413409369908993f,-0.1970246749886185f,0.05330423001029821f,0.9978274849928687f,0.053228448396234106f,0.7190805914161106f,-1.2229057419914782e-16f,0.053339982847500245f,-0.9985783189429907f,-0.21132840598037675f,0f,0f,0f,1f],start_interpolation:0}
execute if entity @s[tag=aj.spawner.bone.t32] run data modify entity @s {} merge value {transformation:[-0.9960536095836429f,0.08829040060473545f,0.009056047507136672f,-0.18720963074934444f,0.08874547942481324f,0.9921467370789511f,0.08814245279801827f,0.7856998892864552f,-0.0012027955172165988f,0.08859829154473668f,-0.9960667126343986f,-0.20149048985550105f,0f,0f,0f,1f],start_interpolation:0}
execute if entity @s[tag=aj.spawner.bone.t33] run data modify entity @s {} merge value {transformation:[-0.9819760309073166f,0.18779982786696006f,0.021314299816154614f,-0.1749804127418456f,0.18843178467178992f,0.9639704947500826f,0.18776141184142556f,0.841013306293007f,0.014715204684846954f,0.18839349751098472f,-0.9819833770724745f,-0.19023656705470504f,0f,0f,0f,1f],start_interpolation:0}
execute if entity @s[tag=aj.spawner.bone.t34] run data modify entity @s {} merge value {transformation:[-0.9366007046281928f,0.34317797284679985f,0.07076721728833081f,-0.16743993711083258f,0.34578580516056867f,0.8725625972903281f,0.34506041610044763f,0.8780440199535156f,0.056668307186909926f,0.347654128067995f,-0.9359088151085297f,-0.17442584694651625f,0f,0f,0f,1f],start_interpolation:0}
execute if entity @s[tag=aj.spawner.bone.t35] run data modify entity @s {} merge value {transformation:[-0.8646318558563735f,0.4863359346117931f,0.12605202316360117f,-0.14256799774753234f,0.49030288689643825f,0.7620733907244933f,0.42290332967558014f,0.8891751076087898f,0.1096121933882446f,0.4274593616414869f,-0.8973648428625174f,-0.1688004190114999f,0f,0f,0f,1f],start_interpolation:0}
execute if entity @s[tag=aj.spawner.bone.t41] run data modify entity @s {} merge value {transformation:[-0.9985783189429907f,-0.05322844839623411f,-0.0028413409369906547f,0.1417533650744702f,-0.05330423001029821f,0.9971586590630093f,0.053228448396234106f,0.7195930074539569f,-1.2229057419914782e-16f,0.0533042300102982f,-0.9985783189429907f,-0.21369572527097422f,0f,0f,0f,1f],start_interpolation:0}
execute if entity @s[tag=aj.spawner.bone.t42] run data modify entity @s {} merge value {transformation:[-0.9985783189429907f,-0.05322844839623411f,-0.0028413409369906547f,0.1318705531346916f,-0.05330423001029821f,0.9971586590630093f,0.053228448396234106f,0.7874818360244973f,-1.2229057419914782e-16f,0.0533042300102982f,-0.9985783189429907f,-0.2037899449643726f,0f,0f,0f,1f],start_interpolation:0}
execute if entity @s[tag=aj.spawner.bone.t43] run data modify entity @s {} merge value {transformation:[-0.9985783189429907f,-0.05322844839623411f,-0.0028413409369906547f,0.11920874094112072f,-0.05330423001029821f,0.9971586590630093f,0.053228448396234106f,0.8488055083558739f,-1.2229057419914782e-16f,0.0533042300102982f,-0.9985783189429907f,-0.19109675884863841f,0f,0f,0f,1f],start_interpolation:0}
execute if entity @s[tag=aj.spawner.bone.t44] run data modify entity @s {} merge value {transformation:[-0.9985783189429907f,-0.05322844839623411f,-0.0028413409369906547f,0.34519161219853955f,-0.05330423001029821f,0.9971586590630093f,0.053228448396234106f,0.16801958205740986f,-1.2229057419914782e-16f,0.0533042300102982f,-0.9985783189429907f,0.2826986411228983f,0f,0f,0f,1f],start_interpolation:0}
execute if entity @s[tag=aj.spawner.bone.t45] run data modify entity @s {} merge value {transformation:[-0.9985783189429907f,-0.05322844839623411f,-0.0028413409369906547f,0.09704555567750535f,-0.05330423001029821f,0.9971586590630093f,0.053228448396234106f,0.9122465576367609f,-1.2229057419914782e-16f,0.0533042300102982f,-0.9985783189429907f,-0.1688753252740317f,0f,0f,0f,1f],start_interpolation:0}
execute if entity @s[tag=aj.spawner.bone.v31] run data modify entity @s {} merge value {transformation:[-1f,0f,1.4170912961562232e-16f,-0.14883150298131478f,0f,1f,0f,0.5591048674991094f,-1.2246467991473532e-16f,0f,-1.1571428571428573f,-0.03125f,0f,0f,0f,1f],start_interpolation:0}
execute if entity @s[tag=aj.spawner.bone.v32] run data modify entity @s {} merge value {transformation:[-1f,0f,1.4170912961562232e-16f,0.08725808048805375f,0f,1f,0f,0.5591048674991094f,-1.2246467991473532e-16f,0f,-1.1571428571428573f,-0.03125f,0f,0f,0f,1f],start_interpolation:0}
execute if entity @s[tag=aj.spawner.bone.v41] run data modify entity @s {} merge value {transformation:[-1f,0f,1.277131661967954e-16f,-0.17228970872519958f,0f,1f,0f,0.4987821885213817f,-1.2246467991473532e-16f,0f,-1.042857142857143f,-0.03125f,0f,0f,0f,1f],start_interpolation:0}
execute if entity @s[tag=aj.spawner.bone.v42] run data modify entity @s {} merge value {transformation:[-1f,0f,1.277131661967954e-16f,0.11071628623193838f,0f,1f,0f,0.4987821885213818f,-1.2246467991473532e-16f,0f,-1.042857142857143f,-0.03125f,0f,0f,0f,1f],start_interpolation:0}
execute if entity @s[tag=aj.spawner.bone.heart] run data modify entity @s {} merge value {transformation:[-1.1222222222222222f,0f,1.2246467991473532e-16f,-0.03125f,0f,1f,0f,0.37499999999999994f,-1.3743258523764743e-16f,0f,-1f,-0.017116477272727693f,0f,0f,0f,1f],start_interpolation:0}