execute if entity @s[tag=aj.spawner.bone.bones_right] run data modify entity @s {} merge value {transformation:[-1f,4.044751960487857e-17f,1.1559236992306862e-16f,-0.03125f,0f,0.9438833303083676f,-0.3302790619551671f,0.7234554438330827f,-1.2246467991473532e-16f,-0.3302790619551671f,-0.9438833303083676f,-0.12589418588025847f,0f,0f,0f,1f],start_interpolation:0}
execute if entity @s[tag=aj.spawner.bone.bones_left] run data modify entity @s {} merge value {transformation:[-1f,-4.044751960487857e-17f,1.1559236992306862e-16f,-0.031250000000000056f,0f,0.9438833303083676f,0.3302790619551671f,0.7234554438330827f,-1.2246467991473532e-16f,0.3302790619551671f,-0.9438833303083676f,0.06339418588025847f,0f,0f,0f,1f],start_interpolation:0}
execute if entity @s[tag=aj.spawner.bone.t11] run data modify entity @s {} merge value {transformation:[-0.9971220330116812f,0.07599107320842946f,-0.00043080422993733644f,-0.1987699411194193f,0.0755248067478838f,0.9951614065668354f,-0.09279385044215269f,0.7196727081189446f,-0.006607181573590203f,-0.09277790955019045f,-0.9956852493272333f,0.14838155736308956f,0f,0f,0f,1f],start_interpolation:0}
execute if entity @s[tag=aj.spawner.bone.t12] run data modify entity @s {} merge value {transformation:[-0.9975093773575826f,0.07051772659727204f,0.001514040699673505f,-0.1841337741608481f,0.07011459006099835f,0.9936871269701975f,-0.08757761103325912f,0.7874357298634075f,-0.007680256783860116f,-0.08725333190925758f,-0.9961565488046881f,0.13266573716111846f,0f,0f,0f,1f],start_interpolation:0}
execute if entity @s[tag=aj.spawner.bone.t13] run data modify entity @s {} merge value {transformation:[-0.9996007106290657f,0.028116152174111207f,0.002810924543448197f,-0.17275543913450164f,0.027959982910104077f,0.9985806064133148f,-0.045332238538187505f,0.8495682926933951f,-0.004081502852311359f,-0.04523554445498214f,-0.998968010925439f,0.12652829784086678f,0f,0f,0f,1f],start_interpolation:0}
execute if entity @s[tag=aj.spawner.bone.t14] run data modify entity @s {} merge value {transformation:[-0.9996518971259666f,0.026266870915370524f,0.002477108146819187f,-0.17451950053806373f,0.026134533090265116f,0.9987134947574504f,-0.04345505228985282f,0.890091724947755f,-0.0036153495833201824f,-0.04337518739642823f,-0.9990523121267051f,0.12133496137092203f,0f,0f,0f,1f],start_interpolation:0}
execute if entity @s[tag=aj.spawner.bone.t15] run data modify entity @s {} merge value {transformation:[-0.9996995576815099f,0.02443844517034233f,0.0018859398319379182f,-0.16450491603050182f,0.02433648578315863f,0.9988030304872061f,-0.04242925581835326f,0.9145639214881885f,-0.0029205874613913796f,-0.04237061112645552f,-0.9990976936624621f,0.11096093188091638f,0f,0f,0f,1f],start_interpolation:0}
execute if entity @s[tag=aj.spawner.bone.t21] run data modify entity @s {} merge value {transformation:[-0.9956353771879272f,-0.0932921641917689f,0.006629377424280086f,0.1369457099313975f,-0.09330487772752681f,0.9933982401434215f,-0.09311227277677078f,0.719000771677601f,0.0020965409858061815f,-0.09352440698992937f,-0.995633545042206f,0.14748680599485203f,0f,0f,0f,1f],start_interpolation:0}
execute if entity @s[tag=aj.spawner.bone.t22] run data modify entity @s {} merge value {transformation:[-0.9956322742712135f,-0.09299653776965469f,0.008247326378192796f,0.12687641281556855f,-0.09336036119361293f,0.9912864229261639f,-0.09292508100641383f,0.7868342996096255f,0.00046624814141785534f,-0.09328918310880223f,-0.995638946068083f,0.1373917951534337f,0f,0f,0f,1f],start_interpolation:0}
execute if entity @s[tag=aj.spawner.bone.t23] run data modify entity @s {} merge value {transformation:[-0.9984268150178166f,-0.055982238051653914f,0.00314389505337883f,0.1077869286247286f,-0.056070447237191776f,0.9968561049466212f,-0.05598223805165392f,0.8480867609367965f,-1.2205517988494847e-16f,-0.05607044723719178f,-0.9984268150178166f,0.13076730840417852f,0f,0f,0f,1f],start_interpolation:0}
execute if entity @s[tag=aj.spawner.bone.t24] run data modify entity @s {} merge value {transformation:[-0.9984268150178166f,-0.055982238051653914f,0.00314389505337883f,0.09618187282921362f,-0.056070447237191776f,0.9968561049466212f,-0.05598223805165392f,0.8875335462756696f,-1.2205517988494847e-16f,-0.05607044723719178f,-0.9984268150178166f,0.11912919509437564f,0f,0f,0f,1f],start_interpolation:0}
execute if entity @s[tag=aj.spawner.bone.t25] run data modify entity @s {} merge value {transformation:[-0.9984268150178166f,-0.055982238051653914f,0.00314389505337883f,0.08545153950325562f,-0.056070447237191776f,0.9968561049466212f,-0.05598223805165392f,0.9114044549747522f,-1.2205517988494847e-16f,-0.05607044723719178f,-0.9984268150178166f,0.1083671825226538f,0f,0f,0f,1f],start_interpolation:0}
execute if entity @s[tag=aj.spawner.bone.t31] run data modify entity @s {} merge value {transformation:[-0.9956353771879272f,0.0932921641917689f,0.006629377424280086f,-0.19694136520432942f,0.09330487772752681f,0.9933982401434215f,0.09311227277677078f,0.7189304512730368f,0.0020965409858061815f,0.09352440698992937f,-0.995633545042206f,-0.21123701000670023f,0f,0f,0f,1f],start_interpolation:0}
execute if entity @s[tag=aj.spawner.bone.t32] run data modify entity @s {} merge value {transformation:[-0.995747873345031f,0.09202410996349908f,0.004211402886674143f,-0.18686135720111818f,0.0920197107702969f,0.9914821307705677f,0.09217134691652239f,0.7869547042251404f,0.00430645545651688f,0.0921669547510432f,-0.9957342551571279f,-0.2011312714011421f,0f,0f,0f,1f],start_interpolation:0}
execute if entity @s[tag=aj.spawner.bone.t33] run data modify entity @s {} merge value {transformation:[-0.9987496077698058f,0.049906722757525716f,0.0029223283974976924f,-0.18067625058166242f,0.04999040228518734f,0.997502711533757f,0.049892886889487835f,0.8484255095142628f,-0.0004250400269297881f,0.04997658958357958f,-0.9987502990410416f,-0.18160484872245986f,0f,0f,0f,1f],start_interpolation:0}
execute if entity @s[tag=aj.spawner.bone.t34] run data modify entity @s {} merge value {transformation:[-0.9988388115465773f,0.04806965561957416f,0.0032150827107179075f,-0.1766226739349166f,0.04816864966697892f,0.9976847696068062f,0.04800918332854463f,0.8879360214741002f,-0.0008998541443292793f,0.0481083018119482f,-0.9988417199733347f,-0.16307264391248194f,0f,0f,0f,1f],start_interpolation:0}
execute if entity @s[tag=aj.spawner.bone.t35] run data modify entity @s {} merge value {transformation:[-0.9989228030844449f,0.0462484281406786f,0.0037836982479943623f,-0.158609553827301f,0.04637524643983734f,0.9978191618224583f,0.04697080814262143f,0.9120770716150933f,-0.00160312056930921f,0.04709568127167379f,-0.9988890963515406f,-0.15902259621219184f,0f,0f,0f,1f],start_interpolation:0}
execute if entity @s[tag=aj.spawner.bone.t41] run data modify entity @s {} merge value {transformation:[-0.9984268150178166f,-0.05598223805165393f,-0.0031438950533785853f,0.14269285900201364f,-0.056070447237191776f,0.9968561049466212f,0.05598223805165392f,0.7195558417502776f,-1.2248886075394267e-16f,0.05607044723719177f,-0.9984268150178166f,-0.21411708735771304f,0f,0f,0f,1f],start_interpolation:0}
execute if entity @s[tag=aj.spawner.bone.t42] run data modify entity @s {} merge value {transformation:[-0.9984268150178166f,-0.05598223805165393f,-0.0031438950533785853f,0.13262356188618468f,-0.056070447237191776f,0.9968561049466212f,0.05598223805165392f,0.7873893696823018f,-1.2248886075394267e-16f,0.05607044723719177f,-0.9984268150178166f,-0.2040220765162948f,0f,0f,0f,1f],start_interpolation:0}
execute if entity @s[tag=aj.spawner.bone.t43] run data modify entity @s {} merge value {transformation:[-0.9984268150178166f,-0.05598223805165393f,-0.0031438950533785853f,0.11979389463328974f,-0.056070447237191776f,0.9968561049466212f,0.05598223805165392f,0.8486423823168826f,-1.2248886075394267e-16f,0.05607044723719177f,-0.9984268150178166f,-0.19115742217317827f,0f,0f,0f,1f],start_interpolation:0}
execute if entity @s[tag=aj.spawner.bone.t44] run data modify entity @s {} merge value {transformation:[-0.9984268150178166f,-0.05598223805165393f,-0.0031438950533785853f,0.34773536933184496f,-0.056070447237191776f,0.9968561049466212f,0.05598223805165392f,0.16717725425845287f,-1.2248886075394267e-16f,0.05607044723719177f,-0.9984268150178166f,0.2807194472901903f,0f,0f,0f,1f],start_interpolation:0}
execute if entity @s[tag=aj.spawner.bone.t45] run data modify entity @s {} merge value {transformation:[-0.9984268150178166f,-0.05598223805165393f,-0.0031438950533785853f,0.09745850551181674f,-0.056070447237191776f,0.9968561049466212f,0.05598223805165392f,0.9119600763548383f,-1.2248886075394267e-16f,0.05607044723719177f,-0.9984268150178166f,-0.1687572962916537f,0f,0f,0f,1f],start_interpolation:0}
execute if entity @s[tag=aj.spawner.bone.v41] run data modify entity @s {} merge value {transformation:[-1f,0f,1.2596367076944207e-16f,-0.17228970872519958f,0f,1f,0f,0.4987821885213817f,-1.2246467991473532e-16f,0f,-1.0285714285714287f,-0.03125f,0f,0f,0f,1f],start_interpolation:0}
execute if entity @s[tag=aj.spawner.bone.v42] run data modify entity @s {} merge value {transformation:[-1f,0f,1.2596367076944207e-16f,0.11071628623193838f,0f,1f,0f,0.4987821885213818f,-1.2246467991473532e-16f,0f,-1.0285714285714287f,-0.03125f,0f,0f,0f,1f],start_interpolation:0}
execute if entity @s[tag=aj.spawner.bone.v51] run data modify entity @s {} merge value {transformation:[-1f,0f,1.4345862504297566e-16f,-0.17228970872519955f,0f,1f,0f,0.40503218852138173f,-1.2246467991473532e-16f,0f,-1.1714285714285715f,-0.031250000000000056f,0f,0f,0f,1f],start_interpolation:0}
execute if entity @s[tag=aj.spawner.bone.v52] run data modify entity @s {} merge value {transformation:[-1f,0f,1.4345862504297566e-16f,0.11071628623193841f,0f,1f,0f,0.4050321885213818f,-1.2246467991473532e-16f,0f,-1.1714285714285715f,-0.03125f,0f,0f,0f,1f],start_interpolation:0}
execute if entity @s[tag=aj.spawner.bone.heart] run data modify entity @s {} merge value {transformation:[-1.1285714285714286f,0f,1.2246467991473532e-16f,-0.03125f,0f,1f,0f,0.37499999999999994f,-1.3821013876091557e-16f,0f,-1f,-0.017116477272727693f,0f,0f,0f,1f],start_interpolation:0}