execute if entity @s[tag=aj.spawner.bone.bones_right] run data modify entity @s {} merge value {transformation:[-1f,2.3891673840167784e-17f,1.2011155542966555e-16f,-0.03125f,0f,0.9807852804032304f,-0.19509032201612822f,0.7162009795473684f,-1.2246467991473532e-16f,-0.19509032201612822f,-0.9807852804032304f,-0.12533615016597277f,0f,0f,0f,1f],start_interpolation:0}
execute if entity @s[tag=aj.spawner.bone.bones_left] run data modify entity @s {} merge value {transformation:[-1f,-2.3891673840167784e-17f,1.2011155542966555e-16f,-0.031250000000000056f,0f,0.9807852804032304f,0.19509032201612822f,0.7162009795473684f,-1.2246467991473532e-16f,0.19509032201612822f,-0.9807852804032304f,0.06283615016597277f,0f,0f,0f,1f],start_interpolation:0}
execute if entity @s[tag=aj.spawner.bone.t11] run data modify entity @s {} merge value {transformation:[-0.994982411061475f,0.10027422709733794f,-0.0011400460895733496f,-0.1974401521388231f,0.09924940998511428f,0.9877908700821569f,-0.13749114547870894f,0.7168509065472137f,-0.012631559519742715f,-0.13723018108643975f,-0.9905023398305862f,0.14652861619580926f,0f,0f,0f,1f],start_interpolation:0}
execute if entity @s[tag=aj.spawner.bone.t12] run data modify entity @s {} merge value {transformation:[-0.9888850626743972f,0.14861937351844806f,-0.004314468036426163f,-0.18014494953246749f,0.14682512279220017f,0.9715520512888343f,-0.1858197916087348f,0.7809165799217175f,-0.02342469074520878f,-0.1843878885703784f,-0.9825743688963441f,0.12691883170154258f,0f,0f,0f,1f],start_interpolation:0}
execute if entity @s[tag=aj.spawner.bone.t13] run data modify entity @s {} merge value {transformation:[-0.9935238341646833f,0.11356638249413423f,-0.0036149293081327773f,-0.16288453990833057f,0.11280962790513498f,0.9821024815379307f,-0.1508267337342533f,0.8400139081228447f,-0.013578615489503752f,-0.15025775362434493f,-0.9885536043519105f,0.11385920452647783f,0f,0f,0f,1f],start_interpolation:0}
execute if entity @s[tag=aj.spawner.bone.t14] run data modify entity @s {} merge value {transformation:[-0.9949357859869332f,0.10041560898731355f,-0.004414434762272729f,-0.16320313702281744f,0.10006701009347771f,0.985438456884438f,-0.13746869165075176f,0.880380329638381f,-0.009453848608648403f,-0.13721426006404944f,-0.9904962754001452f,0.10630844286092866f,0f,0f,0f,1f],start_interpolation:0}
execute if entity @s[tag=aj.spawner.bone.t15] run data modify entity @s {} merge value {transformation:[-0.9961546770403581f,0.08740969927439765f,-0.0059501162492179675f,-0.15084180315594597f,0.08744010232906552f,0.9876529204944937f,-0.12998437268910423f,0.9023894979961379f,-0.005485245236303961f,-0.13000481957010962f,-0.9914981890922648f,0.09320062346465223f,0f,0f,0f,1f],start_interpolation:0}
execute if entity @s[tag=aj.spawner.bone.t21] run data modify entity @s {} merge value {transformation:[-0.9928199631836923f,-0.11924052544295377f,0.012206101261187412f,0.13575961031455716f,-0.11959911648953114f,0.9876990952236515f,-0.11907546271023753f,0.7167173522266627f,0.0021382326477056867f,-0.11992845319925469f,-0.9928101758505221f,0.1461279704576674f,0f,0f,0f,1f],start_interpolation:0}
execute if entity @s[tag=aj.spawner.bone.t22] run data modify entity @s {} merge value {transformation:[-0.9866476172390566f,-0.16096351243785031f,0.02484405482529532f,0.12304593626636653f,-0.16286099710637342f,0.9734900416755113f,-0.16060334485971578f,0.7820370933568482f,0.001665838530621789f,-0.16250503506747405f,-0.9867063081584657f,0.13332253930007382f,0f,0f,0f,1f],start_interpolation:0}
execute if entity @s[tag=aj.spawner.bone.t23] run data modify entity @s {} merge value {transformation:[-0.9899826711636607f,-0.140308531477918f,0.015742515369958042f,0.10472201493277508f,-0.14112416994751903f,0.979982030202438f,-0.1404250303077466f,0.8405542733587139f,0.004275447612477482f,-0.14123999601677237f,-0.9899661529935734f,0.12112971526953997f,0f,0f,0f,1f],start_interpolation:0}
execute if entity @s[tag=aj.spawner.bone.t24] run data modify entity @s {} merge value {transformation:[-0.9899826711636607f,-0.140308531477918f,0.015742515369958042f,0.09151945495238056f,-0.14112416994751903f,0.979982030202438f,-0.1404250303077466f,0.8789555777918638f,0.004275447612477482f,-0.14123999601677237f,-0.9899661529935734f,0.10781791213109983f,0f,0f,0f,1f],start_interpolation:0}
execute if entity @s[tag=aj.spawner.bone.t25] run data modify entity @s {} merge value {transformation:[-0.9899701331217897f,-0.14028989782945286f,0.016669735865568608f,0.08156344006192233f,-0.14123753597899702f,0.9799994997372188f,-0.14018894016784098f,0.9003352461892389f,0.0033307592839568814f,-0.14113725617923378f,-0.9899844347063188f,0.09463580245664857f,0f,0f,0f,1f],start_interpolation:0}
execute if entity @s[tag=aj.spawner.bone.t31] run data modify entity @s {} merge value {transformation:[-0.9928199631836923f,0.11924052544295377f,0.012206101261187412f,-0.19575529152244786f,0.11959911648953114f,0.9876990952236515f,0.11907546271023753f,0.716594026720317f,0.0021382326477056867f,0.11992845319925469f,-0.9928101758505221f,-0.20987411481106547f,0f,0f,0f,1f],start_interpolation:0}
execute if entity @s[tag=aj.spawner.bone.t32] run data modify entity @s {} merge value {transformation:[-0.9866730353830813f,0.16108587387388956f,0.022970905211205577f,-0.1830416174742573f,0.16267652904098837f,0.9734698456290097f,0.16091241888123034f,0.7819137678505024f,0.003559234062733444f,0.16250477189706586f,-0.9867013382800133f,-0.19706868365347183f,0f,0f,0f,1f],start_interpolation:0}
execute if entity @s[tag=aj.spawner.bone.t33] run data modify entity @s {} merge value {transformation:[-0.9899826711636607f,0.140308531477918f,0.015742515369958042f,-0.17099764668110706f,0.14112416994751903f,0.979982030202438f,0.1404250303077466f,0.8404338977231276f,0.004275447612477482f,0.14123999601677237f,-0.9899661529935734f,-0.178655955081237f,0f,0f,0f,1f],start_interpolation:0}
execute if entity @s[tag=aj.spawner.bone.t34] run data modify entity @s {} merge value {transformation:[-0.9899826711636607f,0.140308531477918f,0.015742515369958042f,-0.16532719663720816f,0.14112416994751903f,0.979982030202438f,0.1404250303077466f,0.8788998147802101f,0.004275447612477482f,0.14123999601677237f,-0.9899661529935734f,-0.1585011752243966f,0f,0f,0f,1f],start_interpolation:0}
execute if entity @s[tag=aj.spawner.bone.t35] run data modify entity @s {} merge value {transformation:[-0.9899884403990121f,0.1403716544496365f,0.014788052725206363f,-0.1446990965400337f,0.1410517516756448f,0.9799878431398437f,0.14045721999010702f,0.9002133956182731f,0.005224100454994606f,0.14113690490154915f,-0.9899763041857351f,-0.15527199453919616f,0f,0f,0f,1f],start_interpolation:0}
execute if entity @s[tag=aj.spawner.bone.t41] run data modify entity @s {} merge value {transformation:[-0.9951847266721969f,-0.09754516100806417f,-0.009607359798384656f,0.1457466196437796f,-0.09801714032956063f,0.9903926402016152f,0.09754516100806415f,0.7183215073371909f,-1.2100761726995554e-16f,0.09801714032956062f,-0.9951847266721969f,-0.21489788386397785f,0f,0f,0f,1f],start_interpolation:0}
execute if entity @s[tag=aj.spawner.bone.t42] run data modify entity @s {} merge value {transformation:[-0.9951847266721969f,-0.09754516100806417f,-0.009607359798384656f,0.1328805312815139f,-0.09801714032956063f,0.9903926402016152f,0.09754516100806415f,0.785188736967691f,-1.2100761726995554e-16f,0.09801714032956062f,-0.9951847266721969f,-0.20193930092461942f,0f,0f,0f,1f],start_interpolation:0}
execute if entity @s[tag=aj.spawner.bone.t43] run data modify entity @s {} merge value {transformation:[-0.9951847266721969f,-0.09754516100806417f,-0.009607359798384656f,0.11754417090406791f,-0.09801714032956063f,0.9903926402016152f,0.09754516100806415f,0.8452548804052515f,-1.2100761726995554e-16f,0.09801714032956062f,-0.9951847266721969f,-0.18648337284147004f,0f,0f,0f,1f],start_interpolation:0}
execute if entity @s[tag=aj.spawner.bone.t44] run data modify entity @s {} merge value {transformation:[-0.9951847266721969f,-0.09754516100806417f,-0.009607359798384656f,0.3758333768085083f,-0.09801714032956063f,0.9903926402016152f,0.09754516100806415f,0.15483842399876113f,-1.2100761726995554e-16f,0.09801714032956062f,-0.9951847266721969f,0.2558192604520155f,0f,0f,0f,1f],start_interpolation:0}
execute if entity @s[tag=aj.spawner.bone.t45] run data modify entity @s {} merge value {transformation:[-0.9951847266721969f,-0.09754516100806417f,-0.009607359798384656f,0.09266319408402973f,-0.09801714032956063f,0.9903926402016152f,0.09754516100806415f,0.9065826042684015f,-1.2100761726995554e-16f,0.09801714032956062f,-0.9951847266721969f,-0.16139128438223915f,0f,0f,0f,1f],start_interpolation:0}
execute if entity @s[tag=aj.spawner.bone.v11] run data modify entity @s {} merge value {transformation:[-1f,0f,1.3471114790620887e-16f,-0.030800627695997784f,0f,1f,0f,0.6526466891732801f,-1.2246467991473532e-16f,0f,-1.1f,-0.031250000000000056f,0f,0f,0f,1f],start_interpolation:0}
execute if entity @s[tag=aj.spawner.bone.v21] run data modify entity @s {} merge value {transformation:[-1f,0f,1.3471114790620887e-16f,-0.08549492101734665f,0f,1f,0f,0.6282246178250585f,-1.2246467991473532e-16f,0f,-1.1f,-0.03125f,0f,0f,0f,1f],start_interpolation:0}
execute if entity @s[tag=aj.spawner.bone.v22] run data modify entity @s {} merge value {transformation:[-1f,0f,1.3471114790620887e-16f,0.02392149852408563f,0f,1f,0f,0.6282246178250586f,-1.2246467991473532e-16f,0f,-1.1f,-0.03125f,0f,0f,0f,1f],start_interpolation:0}
execute if entity @s[tag=aj.spawner.bone.heart] run data modify entity @s {} merge value {transformation:[-1.2250000000000003f,0f,1.2246467991473532e-16f,-0.03125f,0f,1f,0f,0.37499999999999994f,-1.5001923289555082e-16f,0f,-1f,-0.017116477272727693f,0f,0f,0f,1f],start_interpolation:0}