execute if entity @s[tag=aj.spawner.bone.bones_right] run data modify entity @s {} merge value {transformation:[-1f,2.7250954951287987e-17f,1.1939423470528823e-16f,-0.03125f,0f,0.9749279121818236f,-0.22252093395631428f,0.7176518724045112f,-1.2246467991473532e-16f,-0.22252093395631428f,-0.9749279121818236f,-0.1254477573088299f,0f,0f,0f,1f],start_interpolation:0}
execute if entity @s[tag=aj.spawner.bone.bones_left] run data modify entity @s {} merge value {transformation:[-1f,-2.7250954951287987e-17f,1.1939423470528823e-16f,-0.031250000000000056f,0f,0.9749279121818236f,0.22252093395631428f,0.7176518724045112f,-1.2246467991473532e-16f,0.22252093395631428f,-0.9749279121818236f,0.0629477573088299f,0f,0f,0f,1f],start_interpolation:0}
execute if entity @s[tag=aj.spawner.bone.t11] run data modify entity @s {} merge value {transformation:[-0.999903016414223f,0.013791417475586779f,0.001961893889547311f,-0.19932616247415663f,0.013739137345934394f,0.9998882029948633f,-0.02305042777387125f,0.7207090803475904f,-0.002279006522105911f,-0.023026956014411088f,-0.9997323785652876f,0.14912237116419066f,0f,0f,0f,1f],start_interpolation:0}
execute if entity @s[tag=aj.spawner.bone.t12] run data modify entity @s {} merge value {transformation:[-0.9992494505556353f,0.038613909094777646f,0.0030824647088697798f,-0.18581008174270952f,0.03842247184160165f,0.9981152454870212f,-0.04785050035229134f,0.7879700882552091f,-0.004924349890341643f,-0.047696150272360065f,-0.9988497524789972f,0.13503642055034173f,0f,0f,0f,1f],start_interpolation:0}
execute if entity @s[tag=aj.spawner.bone.t13] run data modify entity @s {} merge value {transformation:[-0.9919139876096636f,0.1267853505530306f,-0.005667104149463672f,-0.17040234212263114f,0.12637816996847762f,0.9826657608054679f,-0.13563392162740676f,0.8450747440852762f,-0.011627525089816506f,-0.13525338230800762f,-0.9907428138697396f,0.12437086446125498f,0f,0f,0f,1f],start_interpolation:0}
execute if entity @s[tag=aj.spawner.bone.t14] run data modify entity @s {} merge value {transformation:[-0.9641479732774426f,0.263540859558426f,-0.031062855119996832f,-0.16972143952385246f,0.26180432717504487f,0.9255589298706959f,-0.2734943538887678f,0.8834771669662013f,-0.04332643416462945f,-0.2718214168895058f,-0.9613719038034966f,0.11812592265067787f,0f,0f,0f,1f],start_interpolation:0}
execute if entity @s[tag=aj.spawner.bone.t15] run data modify entity @s {} merge value {transformation:[-0.9169695208135653f,0.3941532212674704f,-0.06172629960897541f,-0.15408770046111248f,0.38992944690792525f,0.8527002701813602f,-0.3476453302817609f,0.8976889098721046f,-0.08439149443528082f,-0.3428490737877406f,-0.9355921057116015f,0.1024239425872288f,0f,0f,0f,1f],start_interpolation:0}
execute if entity @s[tag=aj.spawner.bone.t21] run data modify entity @s {} merge value {transformation:[-0.99924795250423f,-0.03876511092637324f,0.0015035294161040887f,0.13747666200144218f,-0.0387753712568167f,0.9989835420329614f,-0.03874621033596546f,0.7199095716479522f,-1.2237258065888518e-16f,-0.038794286072063935f,-0.99924795250423f,0.14806028169104732f,0f,0f,0f,1f],start_interpolation:0}
execute if entity @s[tag=aj.spawner.bone.t22] run data modify entity @s {} merge value {transformation:[-0.9979125929630724f,-0.0643521682911978f,0.0054088115088776955f,0.1286128335172252f,-0.06456696898099618f,0.9958415141025736f,-0.06427118566278738f,0.7871471603465806f,-0.0012503288864496778f,-0.06448625610248096f,-0.9979178119722891f,0.13918507833552377f,0f,0f,0f,1f],start_interpolation:0}
execute if entity @s[tag=aj.spawner.bone.t23] run data modify entity @s {} merge value {transformation:[-0.9904310448132462f,-0.1364742076245266f,0.02052160138485673f,0.11522332048730116f,-0.137999623171115f,0.9810433891520618f,-0.136051360175731f,0.8443672235606997f,-0.0015650797972055282f,-0.13758146406509061f,-0.990489218149766f,0.12845767583075177f,0f,0f,0f,1f],start_interpolation:0}
execute if entity @s[tag=aj.spawner.bone.t24] run data modify entity @s {} merge value {transformation:[-0.9661757995414475f,-0.2432039529942415f,0.08576806881595977f,0.10354428025065843f,-0.2570099103100145f,0.9354504131949397f,-0.24264878004196688f,0.880534508498716f,-0.021218632917385023f,-0.25648462273865724f,-0.9663153770460893f,0.11586858894373331f,0f,0f,0f,1f],start_interpolation:0}
execute if entity @s[tag=aj.spawner.bone.t25] run data modify entity @s {} merge value {transformation:[-0.9272968490113556f,-0.33735834423969224f,0.1622032718087538f,0.09529095563669453f,-0.3710392471039622f,0.8856806228854147f,-0.27910519764746144f,0.8974997105392977f,-0.049501827462589666f,-0.31899715017090197f,-0.9464620368829946f,0.10045510801386173f,0f,0f,0f,1f],start_interpolation:0}
execute if entity @s[tag=aj.spawner.bone.t31] run data modify entity @s {} merge value {transformation:[-0.99924795250423f,0.03876511092637324f,0.0015035294161040887f,-0.1974723148835539f,0.0387753712568167f,0.9989835420329614f,0.03874621033596546f,0.7198609816250514f,-1.2237258065888518e-16f,0.038794286072063935f,-0.99924795250423f,-0.21181151390983502f,0f,0f,0f,1f],start_interpolation:0}
execute if entity @s[tag=aj.spawner.bone.t32] run data modify entity @s {} merge value {transformation:[-0.9979126031670931f,0.06435200954060492f,0.00540881764913728f,-0.18860848639933697f,0.06456681115410215f,0.9958415141230522f,0.06427134389832757f,0.7870985703236798f,-0.00125033502159968f,0.06448641420634636f,-0.9979178017477899f,-0.20293631055431147f,0f,0f,0f,1f],start_interpolation:0}
execute if entity @s[tag=aj.spawner.bone.t33] run data modify entity @s {} merge value {transformation:[-0.9904473605490179f,0.13754017800703183f,0.009834907995381142f,-0.1787904009308855f,0.137579409812985f,0.9808951417862803f,0.13753772869865122f,0.844387927345259f,0.009269950215310928f,0.13757696120305557f,-0.9904477006733563f,-0.19042453670578213f,0f,0f,0f,1f],start_interpolation:0}
execute if entity @s[tag=aj.spawner.bone.t34] run data modify entity @s {} merge value {transformation:[-0.9662652279877697f,0.2558264563837108f,0.029737743624839493f,-0.17275930026220238f,0.25470740464777814f,0.9321078798840224f,0.2574859962710703f,0.8824318565504796f,0.03815294483177354f,0.25637418838928766f,-0.9658243258110647f,-0.17446403495934631f,0f,0f,0f,1f],start_interpolation:0}
execute if entity @s[tag=aj.spawner.bone.t35] run data modify entity @s {} merge value {transformation:[-0.9274844341190548f,0.3703741874667698f,0.050946891222000995f,-0.14992543986566179f,0.36620051444674917f,0.8725574019005713f,0.32332764126727725f,0.8974509642971784f,0.07529812538033483f,0.31853813217078875f,-0.9449146261262721f,-0.16955945426392227f,0f,0f,0f,1f],start_interpolation:0}
execute if entity @s[tag=aj.spawner.bone.t41] run data modify entity @s {} merge value {transformation:[-0.99924795250423f,-0.03874621033596547f,-0.001503529416103844f,0.14091786962387534f,-0.0387753712568167f,0.998496470583896f,0.03874621033596546f,0.7201586006294363f,-1.2237258065888518e-16f,0.038775371256816696f,-0.99924795250423f,-0.213534355207256f,0f,0f,0f,1f],start_interpolation:0}
execute if entity @s[tag=aj.spawner.bone.t42] run data modify entity @s {} merge value {transformation:[-0.99924795250423f,-0.03874621033596547f,-0.001503529416103844f,0.1320181650189769f,-0.0387753712568167f,0.998496470583896f,0.03874621033596546f,0.7883207230971234f,-1.2237258065888518e-16f,0.038775371256816696f,-0.99924795250423f,-0.20462324873019846f,0f,0f,0f,1f],start_interpolation:0}
execute if entity @s[tag=aj.spawner.bone.t43] run data modify entity @s {} merge value {transformation:[-0.99924795250423f,-0.03874621033596547f,-0.001503529416103844f,0.12024267290652789f,-0.0387753712568167f,0.998496470583896f,0.03874621033596546f,0.8499999876811845f,-1.2237258065888518e-16f,0.038775371256816696f,-0.99924795250423f,-0.19283183847192026f,0f,0f,0f,1f],start_interpolation:0}
execute if entity @s[tag=aj.spawner.bone.t44] run data modify entity @s {} merge value {transformation:[-0.99924795250423f,-0.03874621033596547f,-0.001503529416103844f,0.33603032952521983f,-0.0387753712568167f,0.998496470583896f,0.03874621033596546f,0.1729581666994653f,-1.2237258065888518e-16f,0.038775371256816696f,-0.99924795250423f,0.2909758469514972f,0f,0f,0f,1f],start_interpolation:0}
execute if entity @s[tag=aj.spawner.bone.t45] run data modify entity @s {} merge value {transformation:[-0.99924795250423f,-0.03874621033596547f,-0.001503529416103844f,0.0989922449203278f,-0.0387753712568167f,0.998496470583896f,0.03874621033596546f,0.9140727889083875f,-1.2237258065888518e-16f,0.038775371256816696f,-0.99924795250423f,-0.17155130562373755f,0f,0f,0f,1f],start_interpolation:0}
execute if entity @s[tag=aj.spawner.bone.v31] run data modify entity @s {} merge value {transformation:[-1f,0f,1.364606433335622e-16f,-0.14883150298131478f,0f,1f,0f,0.5591048674991094f,-1.2246467991473532e-16f,0f,-1.1142857142857143f,-0.03125f,0f,0f,0f,1f],start_interpolation:0}
execute if entity @s[tag=aj.spawner.bone.v32] run data modify entity @s {} merge value {transformation:[-1f,0f,1.364606433335622e-16f,0.08725808048805375f,0f,1f,0f,0.5591048674991094f,-1.2246467991473532e-16f,0f,-1.1142857142857143f,-0.03125f,0f,0f,0f,1f],start_interpolation:0}
execute if entity @s[tag=aj.spawner.bone.v41] run data modify entity @s {} merge value {transformation:[-1f,0f,1.3296165247885551e-16f,-0.17228970872519958f,0f,1f,0f,0.4987821885213817f,-1.2246467991473532e-16f,0f,-1.0857142857142859f,-0.03125f,0f,0f,0f,1f],start_interpolation:0}
execute if entity @s[tag=aj.spawner.bone.v42] run data modify entity @s {} merge value {transformation:[-1f,0f,1.3296165247885551e-16f,0.11071628623193838f,0f,1f,0f,0.4987821885213818f,-1.2246467991473532e-16f,0f,-1.0857142857142859f,-0.03125f,0f,0f,0f,1f],start_interpolation:0}
execute if entity @s[tag=aj.spawner.bone.heart] run data modify entity @s {} merge value {transformation:[-1.088888888888889f,0f,1.2246467991473532e-16f,-0.03125f,0f,1f,0f,0.37499999999999994f,-1.3335042924048959e-16f,0f,-1f,-0.017116477272727693f,0f,0f,0f,1f],start_interpolation:0}