execute if entity @s[tag=aj.spawner.bone.bones_right] run data modify entity @s {} merge value {transformation:[-1f,2.9307716225558026e-17f,1.1890607888691283e-16f,-0.03125f,0f,0.970941817426052f,-0.23931566428755785f,0.7185447295473684f,-1.2246467991473532e-16f,-0.23931566428755785f,-0.970941817426052f,-0.12551643862751122f,0f,0f,0f,1f],start_interpolation:0}
execute if entity @s[tag=aj.spawner.bone.bones_left] run data modify entity @s {} merge value {transformation:[-1f,-2.9307716225558026e-17f,1.1890607888691283e-16f,-0.031250000000000056f,0f,0.970941817426052f,0.23931566428755785f,0.7185447295473684f,-1.2246467991473532e-16f,0.23931566428755785f,-0.970941817426052f,0.06301643862751122f,0f,0f,0f,1f],start_interpolation:0}
execute if entity @s[tag=aj.spawner.bone.t11] run data modify entity @s {} merge value {transformation:[-0.9979349926807712f,0.0642659184940573f,0.0021956337878150244f,-0.19764856824969934f,0.06366647007300127f,0.9942019683097324f,-0.09851760689512278f,0.7173312488898136f,-0.008504761705818674f,-0.09828365202844853f,-0.9951328857614584f,0.14682844704524323f,0f,0f,0f,1f],start_interpolation:0}
execute if entity @s[tag=aj.spawner.bone.t12] run data modify entity @s {} merge value {transformation:[-0.9908026512150543f,0.13530998748393347f,-0.0011461380010198334f,-0.18085425083013823f,0.13354900915443182f,0.976473876361005f,-0.1693027788855878f,0.7809156815472399f,-0.02178918307530356f,-0.16789870777230698f,-0.9855634202979027f,0.12795859289257502f,0f,0f,0f,1f],start_interpolation:0}
execute if entity @s[tag=aj.spawner.bone.t13] run data modify entity @s {} merge value {transformation:[-0.9739549604916389f,0.22505391195787844f,-0.02761288913145341f,-0.15930132677926517f,0.22448037768083323f,0.9399094289163421f,-0.25725245474130265f,0.8338159722326333f,-0.03194205644602258f,-0.25675085617503013f,-0.9659496378607884f,0.10985204272975467f,0f,0f,0f,1f],start_interpolation:0}
execute if entity @s[tag=aj.spawner.bone.t14] run data modify entity @s {} merge value {transformation:[-0.9280522968416897f,0.3639068523355451f,-0.07931416739839249f,-0.15642369936982015f,0.36442038717243264f,0.8432364736910076f,-0.3951582352048972f,0.8713428641396579f,-0.07692019071712436f,-0.3956312073893948f,-0.9151826222124473f,0.10058060868421133f,0f,0f,0f,1f],start_interpolation:0}
execute if entity @s[tag=aj.spawner.bone.t15] run data modify entity @s {} merge value {transformation:[-0.8602499691817855f,0.4929292330311134f,-0.13034861620322286f,-0.1382264256716409f,0.49248640450284886f,0.7371140491972437f,-0.4627310448369544f,0.8808386021847783f,-0.13201186273435067f,-0.4622592883862926f,-0.8768632837552301f,0.08219716170138068f,0f,0f,0f,1f],start_interpolation:0}
execute if entity @s[tag=aj.spawner.bone.t21] run data modify entity @s {} merge value {transformation:[-0.9957604493106914f,-0.09170053075026781f,0.008461127588570117f,0.13592112159195752f,-0.09198438774362742f,0.9926876064709311f,-0.0915944152691633f,0.7170525130458727f,-1.2194548469658685e-16f,-0.09209095502211091f,-0.9957604493106914f,0.14632059280941198f,0f,0f,0f,1f],start_interpolation:0}
execute if entity @s[tag=aj.spawner.bone.t22] run data modify entity @s {} merge value {transformation:[-0.9882382340217365f,-0.15117809990202744f,0.023029870334242104f,0.12365480768538767f,-0.15292188270556642f,0.9766690369728834f,-0.15077297505934326f,0.7818929755775715f,0.0003010106050926756f,-0.15252138974082613f,-0.9883001239826609f,0.13397544382615234f,0f,0f,0f,1f],start_interpolation:0}
execute if entity @s[tag=aj.spawner.bone.t23] run data modify entity @s {} merge value {transformation:[-0.973000081652078f,-0.22611412021440283f,0.046295202178154846f,0.11019514425739066f,-0.23069587422983182f,0.94661528717446f,-0.2251641883180988f,0.8361319511967474f,0.0070890562406633155f,-0.22976488575777024f,-0.9732203463524257f,0.11752575643335f,0f,0f,0f,1f],start_interpolation:0}
execute if entity @s[tag=aj.spawner.bone.t24] run data modify entity @s {} merge value {transformation:[-0.9342413333793265f,-0.3312015530938882f,0.13228250917568307f,0.09662928563722753f,-0.35656738231056456f,0.8749793934950443f,-0.32752215624478936f,0.8706139659295168f,-0.007268622827608484f,-0.35315236398365063f,-0.9355375860621257f,0.10289249863470165f,0f,0f,0f,1f],start_interpolation:0}
execute if entity @s[tag=aj.spawner.bone.t25] run data modify entity @s {} merge value {transformation:[-0.8791085893642402f,-0.4209637846626747f,0.22351192386200094f,0.08906889120715801f,-0.47554677404590484f,0.806174360540558f,-0.35204852804912484f,0.8845113433650765f,-0.03198990154015508f,-0.41577925923439174f,-0.9089027746629182f,0.08513416581452134f,0f,0f,0f,1f],start_interpolation:0}
execute if entity @s[tag=aj.spawner.bone.t31] run data modify entity @s {} merge value {transformation:[-0.9957604493106914f,0.09170053075026781f,0.008461127588570117f,-0.19591679627218148f,0.09198438774362742f,0.9926876064709311f,0.0915944152691633f,0.7169368442817735f,-1.2194548469658685e-16f,0.09209095502211091f,-0.9957604493106914f,-0.2100674580676791f,0f,0f,0f,1f],start_interpolation:0}
execute if entity @s[tag=aj.spawner.bone.t32] run data modify entity @s {} merge value {transformation:[-0.9882382912724152f,0.15117772041531088f,0.023029904754627684f,-0.1836504823656117f,0.15292151279780306f,0.9766690373692101f,0.15077334767103806f,0.7817773068134722f,0.0003009760928858402f,0.1525217633465154f,-0.9883000663356555f,-0.19772230908441943f,0f,0f,0f,1f],start_interpolation:0}
execute if entity @s[tag=aj.spawner.bone.t33] run data modify entity @s {} merge value {transformation:[-0.973098906437219f,0.22770682664023853f,0.03504453441152786f,-0.1682433521982151f,0.22962621637236935f,0.9462386466413061f,0.22782498624369366f,0.8361916755918688f,0.018716811833168676f,0.2297433888142632f,-0.9730712493188461f,-0.1851024695735815f,0f,0f,0f,1f],start_interpolation:0}
execute if entity @s[tag=aj.spawner.bone.t34] run data modify entity @s {} merge value {transformation:[-0.9347828608938579f,0.34728513685678164f,0.07465947158573194f,-0.16008243124787364f,0.35070632723801193f,0.8688929893022372f,0.3493279908290296f,0.8728161607177423f,0.05644532765711206f,0.35272936773082647f,-0.9340213692019539f,-0.16727523116621884f,0f,0f,0f,1f],start_interpolation:0}
execute if entity @s[tag=aj.spawner.bone.t35] run data modify entity @s {} merge value {transformation:[-0.8802586714615998f,0.46140672820477746f,0.11067295281152482f,-0.13506339967099817f,0.4630950665647615f,0.7845975139106751f,0.41224956093192744f,0.8843902374847471f,0.10338099748038085f,0.414138349265738f,-0.9043239447385052f,-0.16276422964490883f,0f,0f,0f,1f],start_interpolation:0}
execute if entity @s[tag=aj.spawner.bone.t41] run data modify entity @s {} merge value {transformation:[-0.9957604493106914f,-0.09159441526916332f,-0.008461127588569874f,0.14403081464423853f,-0.09198438774362742f,0.99153887241143f,0.0915944152691633f,0.7182955889385061f,-1.2194548469658685e-16f,0.09198438774362741f,-0.9957604493106914f,-0.21414492542477015f,0f,0f,0f,1f],start_interpolation:0}
execute if entity @s[tag=aj.spawner.bone.t42] run data modify entity @s {} merge value {transformation:[-0.9957604493106914f,-0.09159441526916332f,-0.008461127588569874f,0.1315630778337203f,-0.09198438774362742f,0.99153887241143f,0.0915944152691633f,0.7853165188979612f,-1.2194548469658685e-16f,0.09198438774362741f,-0.9957604493106914f,-0.201597495959204f,0f,0f,0f,1f],start_interpolation:0}
execute if entity @s[tag=aj.spawner.bone.t43] run data modify entity @s {} merge value {transformation:[-0.9957604493106914f,-0.09159441526916332f,-0.008461127588569874f,0.11658249573825272f,-0.09198438774362742f,0.99153887241143f,0.0915944152691633f,0.8455666471454305f,-1.2194548469658685e-16f,0.09198438774362741f,-0.9957604493106914f,-0.18651321751293956f,0f,0f,0f,1f],start_interpolation:0}
execute if entity @s[tag=aj.spawner.bone.t44] run data modify entity @s {} merge value {transformation:[-0.9957604493106914f,-0.09159441526916332f,-0.008461127588569874f,0.3704351830604211f,-0.09198438774362742f,0.99153887241143f,0.0915944152691633f,0.15627967731304193f,-1.2194548469658685e-16f,0.09198438774362741f,-0.9957604493106914f,0.26009858589197543f,0f,0f,0f,1f],start_interpolation:0}
execute if entity @s[tag=aj.spawner.bone.t45] run data modify entity @s {} merge value {transformation:[-0.9957604493106914f,-0.09159441526916332f,-0.008461127588569874f,0.09205974995392413f,-0.09198438774362742f,0.99153887241143f,0.0915944152691633f,0.9071942830909403f,-1.2194548469658685e-16f,0.09198438774362741f,-0.9957604493106914f,-0.16180623364268878f,0f,0f,0f,1f],start_interpolation:0}
execute if entity @s[tag=aj.spawner.bone.v21] run data modify entity @s {} merge value {transformation:[-1f,0f,1.3188503990817648e-16f,-0.08549492101734665f,0f,1f,0f,0.6282246178250585f,-1.2246467991473532e-16f,0f,-1.0769230769230769f,-0.03125f,0f,0f,0f,1f],start_interpolation:0}
execute if entity @s[tag=aj.spawner.bone.v22] run data modify entity @s {} merge value {transformation:[-1f,0f,1.3188503990817648e-16f,0.02392149852408563f,0f,1f,0f,0.6282246178250586f,-1.2246467991473532e-16f,0f,-1.0769230769230769f,-0.03125f,0f,0f,0f,1f],start_interpolation:0}
execute if entity @s[tag=aj.spawner.bone.v31] run data modify entity @s {} merge value {transformation:[-1f,0f,1.3753725590424124e-16f,-0.14883150298131478f,0f,1f,0f,0.5591048674991094f,-1.2246467991473532e-16f,0f,-1.1230769230769233f,-0.03125f,0f,0f,0f,1f],start_interpolation:0}
execute if entity @s[tag=aj.spawner.bone.v32] run data modify entity @s {} merge value {transformation:[-1f,0f,1.3753725590424124e-16f,0.08725808048805375f,0f,1f,0f,0.5591048674991094f,-1.2246467991473532e-16f,0f,-1.1230769230769233f,-0.03125f,0f,0f,0f,1f],start_interpolation:0}
execute if entity @s[tag=aj.spawner.bone.heart] run data modify entity @s {} merge value {transformation:[-1.2111111111111112f,0f,1.2246467991473532e-16f,-0.03125f,0f,1f,0f,0.37499999999999994f,-1.483183345634017e-16f,0f,-1f,-0.017116477272727693f,0f,0f,0f,1f],start_interpolation:0}