execute if entity @s[tag=aj.spawner.bone.bones_right] run data modify entity @s {} merge value {transformation:[-1f,1.7119379186387104e-17f,1.2126221457194023e-16f,-0.03125f,0f,0.9901811253364456f,-0.1397903395354994f,0.7132991938330827f,-1.2246467991473532e-16f,-0.1397903395354994f,-0.9901811253364456f,-0.12511293588025846f,0f,0f,0f,1f],start_interpolation:0}
execute if entity @s[tag=aj.spawner.bone.bones_left] run data modify entity @s {} merge value {transformation:[-1f,-1.7119379186387104e-17f,1.2126221457194023e-16f,-0.031250000000000056f,0f,0.9901811253364456f,0.1397903395354994f,0.7132991938330827f,-1.2246467991473532e-16f,0.1397903395354994f,-0.9901811253364456f,0.06261293588025849f,0f,0f,0f,1f],start_interpolation:0}
execute if entity @s[tag=aj.spawner.bone.t11] run data modify entity @s {} merge value {transformation:[-0.9997295093538944f,0.023268831707134566f,0.0005079418607287201f,-0.1997277140181266f,0.023229778846065897f,1.0000957711119902f,-0.02693025574238129f,0.7214148024526044f,-0.0011337997109561364f,-0.026930786539853285f,-0.9996371858433019f,0.14964771487910308f,0f,0f,0f,1f],start_interpolation:0}
execute if entity @s[tag=aj.spawner.bone.t12] run data modify entity @s {} merge value {transformation:[-0.9999120020580277f,0.013251421886074404f,0.0006228629896453618f,-0.18696266590040353f,0.013238973382760531f,0.9997688718001048f,-0.01693908389837854f,0.7902934932392999f,-0.0008471859755448078f,-0.016929347227315567f,-0.9998563294185719f,0.13665071269985968f,0f,0f,0f,1f],start_interpolation:0}
execute if entity @s[tag=aj.spawner.bone.t13] run data modify entity @s {} merge value {transformation:[-0.9999583178776696f,-0.009130262703129768f,0.000028464597348225318f,-0.17770788923296119f,-0.009129974763380936f,0.9999436623277774f,0.00541440036677826f,0.8532865576883379f,-0.000077897891447678f,0.005413914802024394f,-0.9999853416217835f,0.1335390408677068f,0f,0f,0f,1f],start_interpolation:0}
execute if entity @s[tag=aj.spawner.bone.t14] run data modify entity @s {} merge value {transformation:[-0.9996901370974632f,-0.02460803377176814f,-0.0037515948532323993f,-0.18087785863204556f,-0.024681837117899782f,0.9994728323092786f,0.021091808650612907f,0.8941320987942613f,0.0032305891940551455f,0.021177869334664506f,-0.999770504237799f,0.13019251046157035f,0f,0f,0f,1f],start_interpolation:0}
execute if entity @s[tag=aj.spawner.bone.t15] run data modify entity @s {} merge value {transformation:[-0.9991673322826378f,-0.039818527968429614f,-0.008895331900737713f,-0.17212364521533394f,-0.04006470527394197f,0.9987625923467248f,0.02946359652456328f,0.9202545593095963f,0.0077111277067014655f,0.029795451989816844f,-0.999526272566266f,0.12135737838080381f,0f,0f,0f,1f],start_interpolation:0}
execute if entity @s[tag=aj.spawner.bone.t21] run data modify entity @s {} merge value {transformation:[-0.9992413231531275f,-0.03896352092063127f,0.0011530424833488778f,0.13796943952917062f,-0.03894413246792045f,0.9993742491663804f,-0.03893018187566304f,0.720702377531232f,0.00036421080168686144f,-0.038980323500355726f,-0.9992412678788638f,0.14857747304249547f,0f,0f,0f,1f],start_interpolation:0}
execute if entity @s[tag=aj.spawner.bone.t22] run data modify entity @s {} merge value {transformation:[-0.9992413037013763f,-0.03890326273949772f,0.0018311541156983788f,0.13011811903539752f,-0.038945056871245935f,0.9984843176018938f,-0.03888894506637706f,0.789122699889315f,-0.00031547182005783495f,-0.0389307545688737f,-0.9992418610257623f,0.14072229927484248f,0f,0f,0f,1f],start_interpolation:0}
execute if entity @s[tag=aj.spawner.bone.t23] run data modify entity @s {} merge value {transformation:[-0.9997268184041314f,-0.023366431742101162f,0.0005462885635530639f,0.11303869266571273f,-0.023372816765485104f,0.999453711436447f,-0.023366431742101165f,0.8511503364929378f,-1.2243122481803868e-16f,-0.023372816765485107f,-0.9997268184041314f,0.13613735191948673f,0f,0f,0f,1f],start_interpolation:0}
execute if entity @s[tag=aj.spawner.bone.t24] run data modify entity @s {} merge value {transformation:[-0.9997268184041314f,-0.023366431742101162f,0.0005462885635530639f,0.10272211390893451f,-0.023372816765485104f,0.999453711436447f,-0.023366431742101165f,0.8913149630652845f,-1.2243122481803868e-16f,-0.023372816765485107f,-0.9997268184041314f,0.12581539231585023f,0f,0f,0f,1f],start_interpolation:0}
execute if entity @s[tag=aj.spawner.bone.t25] run data modify entity @s {} merge value {transformation:[-0.9997268184041314f,-0.023366431742101162f,0.0005462885635530639f,0.09277063564812653f,-0.023372816765485104f,0.999453711436447f,-0.023366431742101165f,0.915863125396437f,-1.2243122481803868e-16f,-0.023372816765485107f,-0.9997268184041314f,0.11585863297417436f,0f,0f,0f,1f],start_interpolation:0}
execute if entity @s[tag=aj.spawner.bone.t31] run data modify entity @s {} merge value {transformation:[-0.9992413231531275f,0.03896352092063127f,0.0011530424833488778f,-0.19796509179653102f,0.03894413246792045f,0.9993742491663804f,0.03893018187566304f,0.7206731027046442f,0.00036421080168686144f,0.038980323500355726f,-0.9992412678788638f,-0.21232930488467086f,0f,0f,0f,1f],start_interpolation:0}
execute if entity @s[tag=aj.spawner.bone.t32] run data modify entity @s {} merge value {transformation:[-0.999569838072723f,0.02931592491879657f,-0.0008457904148002207f,-0.19010538889341172f,0.02927848667822146f,0.9991402009219157f,0.02935351971309831f,0.7894519663335708f,0.0017055887849929275f,0.029316129483093867f,-0.999568734764662f,-0.20446574641712592f,0f,0f,0f,1f],start_interpolation:0}
execute if entity @s[tag=aj.spawner.bone.t33] run data modify entity @s {} merge value {transformation:[-0.9999751553057135f,0.0069574802074089444f,0.0011323605776695335f,-0.18634867858016602f,0.0069651818337759f,0.9999516196757533f,0.006945829673972732f,0.8520660258092778f,-0.0010839803212169229f,0.006953544204282774f,-0.9999752362982106f,-0.1864226066786147f,0f,0f,0f,1f],start_interpolation:0}
execute if entity @s[tag=aj.spawner.bone.t34] run data modify entity @s {} merge value {transformation:[-0.9999529655218699f,-0.0085061757827618f,0.004659583411722527f,-0.18387654859989244f,-0.008546904983133898f,0.9999248234887043f,-0.00879191596256024f,0.8924785170728875f,-0.004584447537852735f,-0.00883132745606216f,-0.9999504940226474f,-0.16899049457462245f,0f,0f,0f,1f],start_interpolation:0}
execute if entity @s[tag=aj.spawner.bone.t35] run data modify entity @s {} merge value {transformation:[-0.9996720042820989f,-0.02371535642566661f,0.009667767281774545f,-0.16721094322993016f,-0.02387964499335039f,0.9995660440855224f,-0.01724778438556135f,0.918314066625501f,-0.009254534542726192f,-0.017472990036706708f,-0.9998045049956389f,-0.1659804667678702f,0f,0f,0f,1f],start_interpolation:0}
execute if entity @s[tag=aj.spawner.bone.t41] run data modify entity @s {} merge value {transformation:[-0.9997268184041314f,-0.02336643174210117f,-0.0005462885635528191f,0.14037128835136886f,-0.023372816765485104f,0.999453711436447f,0.023366431742101165f,0.7208159056767232f,-1.2243122481803868e-16f,0.0233728167654851f,-0.9997268184041314f,-0.21353089961832955f,0f,0f,0f,1f],start_interpolation:0}
execute if entity @s[tag=aj.spawner.bone.t42] run data modify entity @s {} merge value {transformation:[-0.9997268184041314f,-0.02336643174210117f,-0.0005462885635528191f,0.13251996785759573f,-0.023372816765485104f,0.999453711436447f,0.023366431742101165f,0.7892362280348058f,-1.2243122481803868e-16f,0.0233728167654851f,-0.9997268184041314f,-0.20567572585067667f,0f,0f,0f,1f],start_interpolation:0}
execute if entity @s[tag=aj.spawner.bone.t43] run data modify entity @s {} merge value {transformation:[-0.9997268184041314f,-0.02336643174210117f,-0.0005462885635528191f,0.121692248406459f,-0.023372816765485104f,0.999453711436447f,0.023366431742101165f,0.8512639045448249f,-1.2243122481803868e-16f,0.0233728167654851f,-0.9997268184041314f,-0.19484248588029512f,0f,0f,0f,1f],start_interpolation:0}
execute if entity @s[tag=aj.spawner.bone.t44] run data modify entity @s {} merge value {transformation:[-0.9997268184041314f,-0.02336643174210117f,-0.0005462885635528191f,0.32684523021211076f,-0.023372816765485104f,0.999453711436447f,0.023366431742101165f,0.1785117986476661f,-1.2243122481803868e-16f,0.0233728167654851f,-0.9997268184041314f,0.29946174700587097f,0f,0f,0f,1f],start_interpolation:0}
execute if entity @s[tag=aj.spawner.bone.t45] run data modify entity @s {} merge value {transformation:[-0.9997268184041314f,-0.02336643174210117f,-0.0005462885635528191f,0.10142419138887276f,-0.023372816765485104f,0.999453711436447f,0.023366431742101165f,0.915976693448324f,-1.2243122481803868e-16f,0.0233728167654851f,-0.9997268184041314f,-0.17456376693498288f,0f,0f,0f,1f],start_interpolation:0}
execute if entity @s[tag=aj.spawner.bone.v41] run data modify entity @s {} merge value {transformation:[-1f,0f,1.382101387609156e-16f,-0.17228970872519958f,0f,1f,0f,0.4987821885213817f,-1.2246467991473532e-16f,0f,-1.1285714285714288f,-0.03125f,0f,0f,0f,1f],start_interpolation:0}
execute if entity @s[tag=aj.spawner.bone.v42] run data modify entity @s {} merge value {transformation:[-1f,0f,1.382101387609156e-16f,0.11071628623193838f,0f,1f,0f,0.4987821885213818f,-1.2246467991473532e-16f,0f,-1.1285714285714288f,-0.03125f,0f,0f,0f,1f],start_interpolation:0}
execute if entity @s[tag=aj.spawner.bone.v51] run data modify entity @s {} merge value {transformation:[-1f,0f,1.3121215705150213e-16f,-0.17228970872519955f,0f,1f,0f,0.40503218852138173f,-1.2246467991473532e-16f,0f,-1.0714285714285714f,-0.031250000000000056f,0f,0f,0f,1f],start_interpolation:0}
execute if entity @s[tag=aj.spawner.bone.v52] run data modify entity @s {} merge value {transformation:[-1f,0f,1.3121215705150213e-16f,0.11071628623193841f,0f,1f,0f,0.4050321885213818f,-1.2246467991473532e-16f,0f,-1.0714285714285714f,-0.03125f,0f,0f,0f,1f],start_interpolation:0}
execute if entity @s[tag=aj.spawner.bone.heart] run data modify entity @s {} merge value {transformation:[-1.0535714285714286f,0f,1.2246467991473532e-16f,-0.03125f,0f,1f,0f,0.37499999999999994f,-1.2902528776731043e-16f,0f,-1f,-0.017116477272727693f,0f,0f,0f,1f],start_interpolation:0}