execute if entity @s[tag=aj.spawner.bone.bones_right] run data modify entity @s {} merge value {transformation:[-1f,0f,1.2246467991473532e-16f,-0.03125f,0f,1f,0f,0.7060447295473684f,-1.2246467991473532e-16f,0f,-1f,-0.12455490016597276f,0f,0f,0f,1f],start_interpolation:0}
execute if entity @s[tag=aj.spawner.bone.bones_left] run data modify entity @s {} merge value {transformation:[-1f,0f,1.2246467991473532e-16f,-0.031250000000000056f,0f,1f,0f,0.7060447295473684f,-1.2246467991473532e-16f,0f,-1f,0.06205490016597276f,0f,0f,0f,1f],start_interpolation:0}
execute if entity @s[tag=aj.spawner.bone.t11] run data modify entity @s {} merge value {transformation:[-0.9961946980917457f,0.08732313131976269f,-3.979469319607919e-15f,-0.19709915389075577f,0.08641011328638198f,0.9895690062792821f,-0.13052619222005404f,0.7160278212931515f,-0.011376107230958225f,-0.13027923121174778f,-0.99144486137381f,0.1460285170615257f,0f,0f,0f,1f],start_interpolation:0}
execute if entity @s[tag=aj.spawner.bone.t12] run data modify entity @s {} merge value {transformation:[-0.9848366585554351f,0.17331778579600773f,-0.007596123493894222f,-0.17917617322131707f,0.1708435350368467f,0.9613056796860169f,-0.21611079736912475f,0.7781863340549745f,-0.03015364822834948f,-0.21413158414903286f,-0.9763392966424872f,0.1254894888430065f,0f,0f,0f,1f],start_interpolation:0}
execute if entity @s[tag=aj.spawner.bone.t13] run data modify entity @s {} merge value {transformation:[-0.9848077530122084f,0.17298739392508722f,-0.01513443590134242f,-0.1581867101634687f,0.1721625934348031f,0.9612910484157597f,-0.21512685015481553f,0.8342012906960196f,-0.022665635416811714f,-0.21446417364850584f,-0.9764688357507451f,0.10840692615337902f,0f,0f,0f,1f],start_interpolation:0}
execute if entity @s[tag=aj.spawner.bone.t14] run data modify entity @s {} merge value {transformation:[-0.9848077530122084f,0.17298739392508722f,-0.01513443590134242f,-0.15775911654588176f,0.1721625934348031f,0.9612910484157597f,-0.21512685015481553f,0.8741876075948564f,-0.022665635416811714f,-0.21446417364850584f,-0.9764688357507451f,0.09999066216251311f,0f,0f,0f,1f],start_interpolation:0}
execute if entity @s[tag=aj.spawner.bone.t15] run data modify entity @s {} merge value {transformation:[-0.9847987672775714f,0.17319414296470906f,-0.013235437706985787f,-0.14340015094713016f,0.17195443514744102f,0.9613001272224351f,-0.21525272968130948f,0.8930812312774519f,-0.024557284086398533f,-0.21425651505811982f,-0.9764686812967682f,0.08489540740897096f,0f,0f,0f,1f],start_interpolation:0}
execute if entity @s[tag=aj.spawner.bone.t21] run data modify entity @s {} merge value {transformation:[-0.9914448613738104f,-0.1296225748139972f,0.017037086855465972f,0.1349434813888325f,-0.13052619222005157f,0.9845812057454428f,-0.12940952255126037f,0.7148733771488083f,-1.2315170107722963e-16f,-0.1307410829023651f,-0.9914448613738104f,0.1451063099122739f,0f,0f,0f,1f],start_interpolation:0}
execute if entity @s[tag=aj.spawner.bone.t22] run data modify entity @s {} merge value {transformation:[-0.9763067198051546f,-0.21206986980561982f,0.043029747662829354f,0.1203609328806664f,-0.2163578876850981f,0.9531682266660572f,-0.21132817159746226f,0.7777557201065973f,0.0038017495632665446f,-0.21563093932669175f,-0.976467533871632f,0.1303439981642467f,0f,0f,0f,1f],start_interpolation:0}
execute if entity @s[tag=aj.spawner.bone.t23] run data modify entity @s {} merge value {transformation:[-0.9763933312943206f,-0.21302292859493263f,0.03573925708261475f,0.10354216959307587f,-0.2157003634402331f,0.9528846047013859f,-0.213270446463721f,0.8336822457485726f,0.011376107230962077f,-0.21594481243114355f,-0.9763392966424879f,0.1132992099258017f,0f,0f,0f,1f],start_interpolation:0}
execute if entity @s[tag=aj.spawner.bone.t24] run data modify entity @s {} merge value {transformation:[-0.9763933312943206f,-0.21302292859493263f,0.03573925708261475f,0.08914983485332152f,-0.2157003634402331f,0.9528846047013859f,-0.213270446463721f,0.8711782167690879f,0.011376107230962077f,-0.21594481243114355f,-0.9763392966424879f,0.09870178779148273f,0f,0f,0f,1f],start_interpolation:0}
execute if entity @s[tag=aj.spawner.bone.t25] run data modify entity @s {} merge value {transformation:[-0.9763501281999347f,-0.21290956850157922f,0.03754920511066018f,0.08033543474961968f,-0.21598673295642243f,0.952955588965735f,-0.21266258873102298f,0.8902471227608585f,0.009495175131726553f,-0.21574327590782638f,-0.9764039535713573f,0.08345346656949644f,0f,0f,0f,1f],start_interpolation:0}
execute if entity @s[tag=aj.spawner.bone.t31] run data modify entity @s {} merge value {transformation:[-0.9914448613738104f,0.1296225748139972f,0.017037086855465972f,-0.19493922520985116f,0.13052619222005157f,0.9845812057454428f,0.12940952255126037f,0.7147085373913127f,-1.2315170107722963e-16f,0.1307410829023651f,-0.9914448613738104f,-0.20884777130390705f,0f,0f,0f,1f],start_interpolation:0}
execute if entity @s[tag=aj.spawner.bone.t32] run data modify entity @s {} merge value {transformation:[-0.9763068346532782f,0.2120693271056665f,0.04302981652582623f,-0.18035667670168515f,0.21635737065716795f,0.9531682280552518f,0.21132869466385398f,0.7775908803491016f,0.003801680104018001f,0.21563146692206453f,-0.9764674176343138f,-0.1940854595558798f,0f,0f,0f,1f],start_interpolation:0}
execute if entity @s[tag=aj.spawner.bone.t33] run data modify entity @s {} merge value {transformation:[-0.9763933312943206f,0.21302292859493263f,0.03573925708261475f,-0.16353791341409468f,0.2157003634402331f,0.9528846047013859f,0.213270446463721f,0.833517405991077f,0.011376107230962077f,0.21594481243114355f,-0.9763392966424879f,-0.177040671317435f,0f,0f,0f,1f],start_interpolation:0}
execute if entity @s[tag=aj.spawner.bone.t34] run data modify entity @s {} merge value {transformation:[-0.9763933312943206f,0.21302292859493263f,0.03573925708261475f,-0.1567007189402638f,0.2157003634402331f,0.9528846047013859f,0.213270446463721f,0.8711027760757704f,0.011376107230962077f,0.21594481243114355f,-0.9763392966424879f,-0.15562598810371317f,0f,0f,0f,1f],start_interpolation:0}
execute if entity @s[tag=aj.spawner.bone.t35] run data modify entity @s {} merge value {transformation:[-0.9764150439932032f,0.21323219954954614f,0.033848056650469784f,-0.1340281663942055f,0.21549392643351542f,0.9528842999152379f,0.21348039405367783f,0.8900753038179332f,0.013267612219895362f,0.215739518981362f,-0.9763608095451564f,-0.15339145834471601f,0f,0f,0f,1f],start_interpolation:0}
execute if entity @s[tag=aj.spawner.bone.t41] run data modify entity @s {} merge value {transformation:[-0.9914448613738104f,-0.1294095225512604f,-0.01703708685546573f,0.14636137669335242f,-0.13052619222005157f,0.9829629131445341f,0.12940952255126037f,0.7173075047496258f,-1.1968225412527602e-16f,0.13052619222005155f,-0.9914448613738104f,-0.21461695476448725f,0f,0f,0f,1f],start_interpolation:0}
execute if entity @s[tag=aj.spawner.bone.t42] run data modify entity @s {} merge value {transformation:[-0.9914448613738104f,-0.1294095225512604f,-0.01703708685546573f,0.13137442342721364f,-0.13052619222005157f,0.9829629131445341f,0.12940952255126037f,0.783261606810991f,-1.1968225412527602e-16f,0.13052619222005155f,-0.9914448613738104f,-0.1994467486657725f,0f,0f,0f,1f],start_interpolation:0}
execute if entity @s[tag=aj.spawner.bone.t43] run data modify entity @s {} merge value {transformation:[-0.9914448613738104f,-0.1294095225512604f,-0.01703708685546573f,0.11415125538165041f,-0.13052619222005157f,0.9829629131445341f,0.12940952255126037f,0.8422598915565432f,-1.1968225412527602e-16f,0.13052619222005155f,-0.9914448613738104f,-0.18199406607663982f,0f,0f,0f,1f],start_interpolation:0}
execute if entity @s[tag=aj.spawner.bone.t44] run data modify entity @s {} merge value {transformation:[-0.9914448613738104f,-0.1294095225512604f,-0.01703708685546573f,0.39673111695244245f,-0.13052619222005157f,0.9829629131445341f,0.12940952255126037f,0.14669431923012655f,-1.1968225412527602e-16f,0.13052619222005155f,-0.9914448613738104f,0.23676239418498962f,0f,0f,0f,1f],start_interpolation:0}
execute if entity @s[tag=aj.spawner.bone.t45] run data modify entity @s {} merge value {transformation:[-0.9914448613738104f,-0.1294095225512604f,-0.01703708685546573f,0.08738860969200503f,-0.13052619222005157f,0.9829629131445341f,0.12940952255126037f,0.9018930380796907f,-1.1968225412527602e-16f,0.13052619222005155f,-0.9914448613738104f,-0.15483869356144023f,0f,0f,0f,1f],start_interpolation:0}
execute if entity @s[tag=aj.spawner.bone.v51] run data modify entity @s {} merge value {transformation:[-1f,0f,1.2246467991473532e-16f,-0.17228970872519955f,0f,1f,0f,0.40503218852138173f,-1.2246467991473532e-16f,0f,-1f,-0.031250000000000056f,0f,0f,0f,1f],start_interpolation:0}
execute if entity @s[tag=aj.spawner.bone.v52] run data modify entity @s {} merge value {transformation:[-1f,0f,1.2246467991473532e-16f,0.11071628623193841f,0f,1f,0f,0.4050321885213818f,-1.2246467991473532e-16f,0f,-1f,-0.03125f,0f,0f,0f,1f],start_interpolation:0}
execute if entity @s[tag=aj.spawner.bone.v61] run data modify entity @s {} merge value {transformation:[-1f,0f,1.469576158976824e-16f,-0.09963345872519982f,0f,1f,0f,0.38940718852138173f,-1.2246467991473532e-16f,0f,-1.2000000000000002f,-0.03125f,0f,0f,0f,1f],start_interpolation:0}
execute if entity @s[tag=aj.spawner.bone.v62] run data modify entity @s {} merge value {transformation:[-1f,0f,1.469576158976824e-16f,0.03806003325170601f,0f,1f,0f,0.38940718852138173f,-1.2246467991473532e-16f,0f,-1.2000000000000002f,-0.03125f,0f,0f,0f,1f],start_interpolation:0}
execute if entity @s[tag=aj.spawner.bone.heart] run data modify entity @s {} merge value {transformation:[-1.3000000000000003f,0f,1.2246467991473532e-16f,-0.03125f,0f,1f,0f,0.37499999999999994f,-1.5920408388915596e-16f,0f,-1f,-0.017116477272727693f,0f,0f,0f,1f],start_interpolation:0}