execute if entity @s[tag=aj.spawner.bone.bones_right] run data modify entity @s {} merge value {transformation:[-1f,3.434675797630916e-18f,1.22416505540649e-16f,-0.03125f,0f,0.9996066263830529f,-0.028046256275868854f,0.7074956224045112f,-1.2246467991473532e-16f,-0.028046256275868854f,-0.9996066263830529f,-0.12466650730882989f,0f,0f,0f,1f],start_interpolation:0}
execute if entity @s[tag=aj.spawner.bone.bones_left] run data modify entity @s {} merge value {transformation:[-1f,-3.434675797630916e-18f,1.22416505540649e-16f,-0.031250000000000056f,0f,0.9996066263830529f,0.028046256275868854f,0.7074956224045112f,-1.2246467991473532e-16f,0.028046256275868854f,-0.9996066263830529f,0.06216650730882989f,0f,0f,0f,1f],start_interpolation:0}
execute if entity @s[tag=aj.spawner.bone.t11] run data modify entity @s {} merge value {transformation:[-0.9999973473438314f,0.0023030989231413576f,0.000037778802977031f,-0.19998783208799187f,0.0023029147940769883f,1.0000307485500874f,-0.0024668468099613965f,0.7218547355738021f,-0.000043459773041052475f,-0.002466843161156721f,-0.999996956615158f,0.149984320417073f,0f,0f,0f,1f],start_interpolation:0}
execute if entity @s[tag=aj.spawner.bone.t12] run data modify entity @s {} merge value {transformation:[-0.9999998230265423f,-0.0005819159530148365f,-0.00012377684613244368f,-0.1877150590218971f,-0.0005819676471303229f,0.9999997432887666f,0.00041801442384594833f,0.7906984323214686f,0.00012353356509571057f,0.00041808638398840343f,-0.9999999049716124f,0.13770130205023323f,0f,0f,0f,1f],start_interpolation:0}
execute if entity @s[tag=aj.spawner.bone.t13] run data modify entity @s {} merge value {transformation:[-0.9999862046664119f,-0.005245247248732814f,-0.00027903075953870406f,-0.1783250501943995f,-0.005246596234104014f,0.9999733530723417f,0.00507605882691322f,0.8533937649718524f,0.00025239814062996766f,0.005077452762720584f,-0.9999870778008189f,0.1345996609408583f,0f,0f,0f,1f],start_interpolation:0}
execute if entity @s[tag=aj.spawner.bone.t14] run data modify entity @s {} merge value {transformation:[-0.999929729350828f,-0.011732073779884616f,-0.0017014127080631864f,-0.1815811087853839f,-0.011751100680966688f,0.99986318954805f,0.011641040313739366f,0.8941145719308876f,0.0015646063931862414f,0.01166021576231181f,-0.9999307932928211f,0.1315509186856498f,0f,0f,0f,1f],start_interpolation:0}
execute if entity @s[tag=aj.spawner.bone.t15] run data modify entity @s {} merge value {transformation:[-0.9998289393600646f,-0.018138966426236594f,-0.003615233756772447f,-0.17249358697824882f,-0.018191933717490838f,0.9997189606489009f,0.015200436398327069f,0.919595776523159f,0.003338497528329973f,0.015263604294825917f,-0.9998779309586667f,0.12245999002128033f,0f,0f,0f,1f],start_interpolation:0}
execute if entity @s[tag=aj.spawner.bone.t21] run data modify entity @s {} merge value {transformation:[-0.9999696454200336f,-0.007792803888162936f,0.000046138727378004275f,0.13859229308287288f,-0.007791535550804193f,1.0001178515884397f,-0.007791423917095262f,0.7216434283681097f,0.000014570271860890412f,-0.007792938250890844f,-0.9999696453315781f,0.14921349091489805f,0f,0f,0f,1f],start_interpolation:0}
execute if entity @s[tag=aj.spawner.bone.t22] run data modify entity @s {} merge value {transformation:[-0.9999696565228707f,-0.007787997663975563f,0.00018200526863757936f,0.13202109716183494f,-0.007789178948509267f,0.9999393406829137f,-0.007787403028483639f,0.7903334889806723f,-0.00012134595172801085f,-0.007788584403204938f,-0.9999696611538542f,0.14264215488561444f,0f,0f,0f,1f],start_interpolation:0}
execute if entity @s[tag=aj.spawner.bone.t23] run data modify entity @s {} merge value {transformation:[-0.9999890722585104f,-0.004674920951919619f,0.000021855363563736f,0.11610415364631185f,-0.00467497203880553f,0.9999781446364364f,-0.0046749209519196195f,0.8527444674543683f,-1.224633416523716e-16f,-0.004674972038805531f,-0.9999890722585104f,0.13922500328238122f,0f,0f,0f,1f],start_interpolation:0}
execute if entity @s[tag=aj.spawner.bone.t24] run data modify entity @s {} merge value {transformation:[-0.9999890722585104f,-0.004674920951919619f,0.000021855363563736f,0.10653954232425003f,-0.00467497203880553f,0.9999781446364364f,-0.0046749209519196195f,0.893280924333435f,-1.224633416523716e-16f,-0.004674972038805531f,-0.9999890722585104f,0.12966018499088128f,0f,0f,0f,1f],start_interpolation:0}
execute if entity @s[tag=aj.spawner.bone.t25] run data modify entity @s {} merge value {transformation:[-0.9999890722585104f,-0.004674920951919619f,0.000021855363563736f,0.09704797664206188f,-0.00467497203880553f,0.9999781446364364f,-0.0046749209519196195f,0.9181927227025579f,-1.224633416523716e-16f,-0.004674972038805531f,-0.9999890722585104f,0.12016841313748758f,0f,0f,0f,1f],start_interpolation:0}
execute if entity @s[tag=aj.spawner.bone.t31] run data modify entity @s {} merge value {transformation:[-0.9999696454200336f,0.007792803888162936f,0.000046138727378004275f,-0.19858794525693532f,0.007791535550804193f,1.0001178515884397f,0.007791423917095262f,0.7216375744261089f,0.000014570271860890412f,0.007792938250890844f,-0.9999696453315781f,-0.21296565114450852f,0f,0f,0f,1f],start_interpolation:0}
execute if entity @s[tag=aj.spawner.bone.t32] run data modify entity @s {} merge value {transformation:[-0.9999928446914389f,0.0037693903336607f,-0.0003197849839825032f,-0.19201626484951054f,0.003768157850109532f,0.9999857904616948f,0.0037709231119603145f,0.790431267977768f,0.0003339945211127248f,0.0037696911295441483f,-0.9999928389125833f,-0.20639383062354355f,0f,0f,0f,1f],start_interpolation:0}
execute if entity @s[tag=aj.spawner.bone.t33] run data modify entity @s {} merge value {transformation:[-0.9999995501579654f,-0.000893266411962543f,0.0003189968402976365f,-0.18885391415794572f,-0.0008935498863050624f,0.9999992050818985f,-0.0008896089992481348f,0.8530418856883892f,-0.0003182019288824659f,-0.000889893638654991f,-0.9999995534183225f,-0.19017238145920096f,0f,0f,0f,1f],start_interpolation:0}
execute if entity @s[tag=aj.spawner.bone.t34] run data modify entity @s {} merge value {transformation:[-0.9999712997846039f,-0.007380102228434115f,0.0017128041883756574f,-0.1869354447263221f,-0.007392686417959614f,0.9999448398641744f,-0.007460925983835721f,0.8936777253915362f,-0.0016576473133844958f,-0.007473374077912958f,-0.9999707000133934f,-0.17363486982824905f,0f,0f,0f,1f],start_interpolation:0}
execute if entity @s[tag=aj.spawner.bone.t35] run data modify entity @s {} merge value {transformation:[-0.9998984293468455f,-0.013787337814311263f,0.0036111363454403764f,-0.17023544823223874f,-0.013826412158860846f,0.9998435856430041f,-0.011028806615131656f,0.9190769512906706f,-0.0034585136293793484f,-0.01107761547151415f,-0.9999326602921521f,-0.17110565496327823f,0f,0f,0f,1f],start_interpolation:0}
execute if entity @s[tag=aj.spawner.bone.t41] run data modify entity @s {} merge value {transformation:[-0.9999890722585104f,-0.00467492095191962f,-0.000021855363563491073f,0.13907302443951103f,-0.00467497203880553f,0.9999781446364364f,0.0046749209519196195f,0.7216526535439576f,-1.224633416523716e-16f,0.004674972038805529f,-0.9999890722585104f,-0.2132060331330321f,0f,0f,0f,1f],start_interpolation:0}
execute if entity @s[tag=aj.spawner.bone.t42] run data modify entity @s {} merge value {transformation:[-0.9999890722585104f,-0.00467492095191962f,-0.000021855363563491073f,0.13250182851847309f,-0.00467497203880553f,0.9999781446364364f,0.0046749209519196195f,0.7903427141565197f,-1.224633416523716e-16f,0.004674972038805529f,-0.9999890722585104f,-0.20663469710374854f,0f,0f,0f,1f],start_interpolation:0}
execute if entity @s[tag=aj.spawner.bone.t43] run data modify entity @s {} merge value {transformation:[-0.9999890722585104f,-0.00467492095191962f,-0.000021855363563491073f,0.12283495330058797f,-0.00467497203880553f,0.9999781446364364f,0.0046749209519196195f,0.8527536929495089f,-1.224633416523716e-16f,0.004674972038805529f,-0.9999890722585104f,-0.19696761379889965f,0f,0f,0f,1f],start_interpolation:0}
execute if entity @s[tag=aj.spawner.bone.t44] run data modify entity @s {} merge value {transformation:[-0.9999890722585104f,-0.00467492095191962f,-0.000021855363563491073f,0.3153286004880505f,-0.00467497203880553f,0.9999781446364364f,0.0046749209519196195f,0.18564433832583283f,-1.224633416523716e-16f,0.004674972038805529f,-0.9999890722585104f,0.30991612173425426f,0f,0f,0f,1f],start_interpolation:0}
execute if entity @s[tag=aj.spawner.bone.t45] run data modify entity @s {} merge value {transformation:[-0.9999890722585104f,-0.00467492095191962f,-0.000021855363563491073f,0.10377877629633799f,-0.00467497203880553f,0.9999781446364364f,0.0046749209519196195f,0.9182019481976984f,-1.224633416523716e-16f,0.004674972038805529f,-0.9999890722585104f,-0.17791102365400616f,0f,0f,0f,1f],start_interpolation:0}
execute if entity @s[tag=aj.spawner.bone.v41] run data modify entity @s {} merge value {transformation:[-1f,0f,1.4520812047032904e-16f,-0.17228970872519958f,0f,1f,0f,0.4987821885213817f,-1.2246467991473532e-16f,0f,-1.185714285714286f,-0.03125f,0f,0f,0f,1f],start_interpolation:0}
execute if entity @s[tag=aj.spawner.bone.v42] run data modify entity @s {} merge value {transformation:[-1f,0f,1.4520812047032904e-16f,0.11071628623193838f,0f,1f,0f,0.4987821885213818f,-1.2246467991473532e-16f,0f,-1.185714285714286f,-0.03125f,0f,0f,0f,1f],start_interpolation:0}
execute if entity @s[tag=aj.spawner.bone.v51] run data modify entity @s {} merge value {transformation:[-1f,0f,1.2421417534208868e-16f,-0.17228970872519955f,0f,1f,0f,0.40503218852138173f,-1.2246467991473532e-16f,0f,-1.0142857142857142f,-0.031250000000000056f,0f,0f,0f,1f],start_interpolation:0}
execute if entity @s[tag=aj.spawner.bone.v52] run data modify entity @s {} merge value {transformation:[-1f,0f,1.2421417534208868e-16f,0.11071628623193841f,0f,1f,0f,0.4050321885213818f,-1.2246467991473532e-16f,0f,-1.0142857142857142f,-0.03125f,0f,0f,0f,1f],start_interpolation:0}
execute if entity @s[tag=aj.spawner.bone.heart] run data modify entity @s {} merge value {transformation:[-1.0107142857142857f,0f,1.2246467991473532e-16f,-0.03125f,0f,1f,0f,0.37499999999999994f,-1.2377680148525035e-16f,0f,-1f,-0.017116477272727693f,0f,0f,0f,1f],start_interpolation:0}