execute if entity @s[tag=aj.spawner.bone.bones_right] run data modify entity @s {} merge value {transformation:[-1f,1.3711693727812639e-17f,1.2169464771194024e-16f,-0.03125f,0f,0.9937122098932426f,-0.11196447610330794f,0.7118483009759399f,-1.2246467991473532e-16f,-0.11196447610330794f,-0.9937122098932426f,-0.12500132873740133f,0f,0f,0f,1f],start_interpolation:0}
execute if entity @s[tag=aj.spawner.bone.bones_left] run data modify entity @s {} merge value {transformation:[-1f,-1.3711693727812639e-17f,1.2169464771194024e-16f,-0.031250000000000056f,0f,0.9937122098932426f,0.11196447610330794f,0.7118483009759399f,-1.2246467991473532e-16f,0.11196447610330794f,-0.9937122098932426f,0.06250132873740133f,0f,0f,0f,1f],start_interpolation:0}
execute if entity @s[tag=aj.spawner.bone.t11] run data modify entity @s {} merge value {transformation:[-0.9998615829123062f,0.0166412226109209f,0.000398786063529969f,-0.19982049792411827f,0.01662236281934585f,1.00017572958752f,-0.01905445744401471f,0.7215732217515506f,-0.0007155909440310348f,-0.019054630522471642f,-0.9998183678154696f,0.14976809837367872f,0f,0f,0f,1f],start_interpolation:0}
execute if entity @s[tag=aj.spawner.bone.t12] run data modify entity @s {} merge value {transformation:[-0.9999699464995745f,0.007746472818434382f,0.00031345894688246883f,-0.18723200426367032f,0.007742883742137989f,0.999918278602881f,-0.01017270206027838f,0.7904922643901948f,-0.00039223589057936807f,-0.010169969258789038f,-0.9999482075969142f,0.1370272100494152f,0f,0f,0f,1f],start_interpolation:0}
execute if entity @s[tag=aj.spawner.bone.t13] run data modify entity @s {} merge value {transformation:[-0.9999454885671076f,-0.010438146465362343f,-0.00025493657254100656f,-0.17805480209939054f,-0.010439850674875453f,0.9999135702811972f,0.007991338147988473f,0.853475877666189f,0.0001714997804017882f,0.007993564028444193f,-0.9999680362501335f,0.13406796509201255f,0f,0f,0f,1f],start_interpolation:0}
execute if entity @s[tag=aj.spawner.bone.t14] run data modify entity @s {} merge value {transformation:[-0.9996611072812831f,-0.025724921105206255f,-0.003987357933508741f,-0.1813237092634346f,-0.025811595322238742f,0.9993912544623491f,0.02347087665796099f,0.8943227893372385f,0.003381144196863627f,0.023565842618144348f,-0.9997165692963266f,0.13087351984358805f,0f,0f,0f,1f],start_interpolation:0}
execute if entity @s[tag=aj.spawner.bone.t15] run data modify entity @s {} merge value {transformation:[-0.9991284316656793f,-0.04075270691351728f,-0.009032935098907648f,-0.1725922727627397f,-0.041020302112526455f,0.9986540928409704f,0.031738583247765774f,0.9204483852791943f,0.00772734442594451f,0.03208145463035086f,-0.9994553859062061f,0.12208910648048596f,0f,0f,0f,1f],start_interpolation:0}
execute if entity @s[tag=aj.spawner.bone.t21] run data modify entity @s {} merge value {transformation:[-0.9995144017845595f,-0.031173750367331762f,0.0007380493481324527f,0.1381226249096069f,-0.03115936916674695f,0.999742436732027f,-0.031152225768264853f,0.7209398284375595f,0.00023310595150515106f,-0.031182352666165897f,-0.9995143791426129f,0.14873561995156945f,0f,0f,0f,1f],start_interpolation:0}
execute if entity @s[tag=aj.spawner.bone.t22] run data modify entity @s {} merge value {transformation:[-0.9995144368538866f,-0.031132779659143673f,0.0012808400965734273f,0.13059058064818974f,-0.031157567698672183f,0.9990297975274446f,-0.03112345783128346f,0.7894320747673538f,-0.00031063766745278597f,-0.03114825328920114f,-0.9995147271657739f,0.1412011656287402f,0f,0f,0f,1f],start_interpolation:0}
execute if entity @s[tag=aj.spawner.bone.t23] run data modify entity @s {} merge value {transformation:[-0.9998251609127464f,-0.01869559713816282f,0.00034964760580084663f,0.11380093033656102f,-0.01869886643090228f,0.9996503523941993f,-0.018695597138162823f,0.8515596282629513f,-1.2247037335619036e-16f,-0.018698866430902284f,-0.9998251609127464f,0.13690803284895645f,0f,0f,0f,1f],start_interpolation:0}
execute if entity @s[tag=aj.spawner.bone.t24] run data modify entity @s {} merge value {transformation:[-0.9998251609127464f,-0.01869559713816282f,0.00034964760580084663f,0.1036713387655706f,-0.01869886643090228f,0.9996503523941993f,-0.018695597138162823f,0.8918198507330052f,-1.2247037335619036e-16f,-0.018698866430902284f,-0.9998251609127464f,0.12677503051664413f,0f,0f,0f,1f],start_interpolation:0}
execute if entity @s[tag=aj.spawner.bone.t25] run data modify entity @s {} merge value {transformation:[-0.9998251609127464f,-0.01869559713816282f,0.00034964760580084663f,0.09383386589986388f,-0.01869886643090228f,0.9996503523941993f,-0.018695597138162823f,0.9164605364469003f,-1.2247037335619036e-16f,-0.018698866430902284f,-0.9998251609127464f,0.11693419797231454f,0f,0f,0f,1f],start_interpolation:0}
execute if entity @s[tag=aj.spawner.bone.t31] run data modify entity @s {} merge value {transformation:[-0.9995144017845595f,0.031173750367331762f,0.0007380493481324527f,-0.19811827712179714f,0.03115936916674695f,0.999742436732027f,0.031152225768264853f,0.7209164101110882f,0.00023310595150515106f,0.031182352666165897f,-0.9995143791426129f,-0.2124875749356687f,0f,0f,0f,1f],start_interpolation:0}
execute if entity @s[tag=aj.spawner.bone.t32] run data modify entity @s {} merge value {transformation:[-0.9997653133387209f,0.021645988331324518f,-0.0008771738079823692f,-0.19058027125414978f,0.021621909277432783f,0.999531334022023f,0.021670379492612052f,0.7897274224971305f,0.0013458394880942503f,0.02164632757110355f,-0.9997647849463176f,-0.20494715796410506f,0f,0f,0f,1f],start_interpolation:0}
execute if entity @s[tag=aj.spawner.bone.t33] run data modify entity @s {} merge value {transformation:[-0.9999934777439708f,0.003473840423294704f,0.0009883836461023784f,-0.18703439730692542f,0.0034772492002657883f,0.999987939808245f,0.003468281427631968f,0.8523993462675615f,-0.0009763234697834084f,0.003471695662855486f,-0.9999934970397092f,-0.18728061553558928f,0f,0f,0f,1f],start_interpolation:0}
execute if entity @s[tag=aj.spawner.bone.t34] run data modify entity @s {} merge value {transformation:[-0.9999201636407706f,-0.011805560123640353f,0.004505007744911896f,-0.18474548831642534f,-0.011859164325906557f,0.999856904320771f,-0.012063627297616647f,0.8929011186361593f,-0.004361945220397504f,-0.012116089808670492f,-0.9999170834632453f,-0.17004073956445498f,0f,0f,0f,1f],start_interpolation:0}
execute if entity @s[tag=aj.spawner.bone.t35] run data modify entity @s {} merge value {transformation:[-0.9995953518388953f,-0.026834943512588694f,0.009434955683581207f,-0.16815598796448633f,-0.027022993506804704f,0.9994265694796801f,-0.02040318700617934f,0.9187766366631495f,-0.00888202702124677f,-0.02064989164025102f,-0.9997473138604773f,-0.16718843089365878f,0f,0f,0f,1f],start_interpolation:0}
execute if entity @s[tag=aj.spawner.bone.t41] run data modify entity @s {} merge value {transformation:[-0.9998251609127464f,-0.018695597138162826f,-0.0003496476058006017f,0.14004459158443822f,-0.01869886643090228f,0.9996503523941993f,0.018695597138162823f,0.7210171744708158f,-1.2241616324756608e-16f,0.018698866430902277f,-0.9998251609127464f,-0.21344894528270006f,0f,0f,0f,1f],start_interpolation:0}
execute if entity @s[tag=aj.spawner.bone.t42] run data modify entity @s {} merge value {transformation:[-0.9998251609127464f,-0.018695597138162826f,-0.0003496476058006017f,0.13251254732302106f,-0.01869886643090228f,0.9996503523941993f,0.018695597138162823f,0.7895094208006096f,-1.2241616324756608e-16f,0.018698866430902277f,-0.9998251609127464f,-0.2059144909598709f,0f,0f,0f,1f],start_interpolation:0}
execute if entity @s[tag=aj.spawner.bone.t43] run data modify entity @s {} merge value {transformation:[-0.9998251609127464f,-0.018695597138162826f,-0.0003496476058006017f,0.12197398956463329f,-0.01869886643090228f,0.9996503523941993f,0.018695597138162823f,0.851636994729287f,-1.2241616324756608e-16f,0.018698866430902277f,-0.9998251609127464f,-0.1953724509243825f,0f,0f,0f,1f],start_interpolation:0}
execute if entity @s[tag=aj.spawner.bone.t44] run data modify entity @s {} merge value {transformation:[-0.9998251609127464f,-0.018695597138162826f,-0.0003496476058006017f,0.32393628338362573f,-0.01869886643090228f,0.9996503523941993f,0.018695597138162823f,0.1802510112357768f,-1.2241616324756608e-16f,0.018698866430902277f,-0.9998251609127464f,0.30209303493952794f,0f,0f,0f,1f],start_interpolation:0}
execute if entity @s[tag=aj.spawner.bone.t45] run data modify entity @s {} merge value {transformation:[-0.9998251609127464f,-0.018695597138162826f,-0.0003496476058006017f,0.1020069251279361f,-0.01869886643090228f,0.9996503523941993f,0.018695597138162823f,0.9165379029132358f,-1.2241616324756608e-16f,0.018698866430902277f,-0.9998251609127464f,-0.17539861604774074f,0f,0f,0f,1f],start_interpolation:0}
execute if entity @s[tag=aj.spawner.bone.v41] run data modify entity @s {} merge value {transformation:[-1f,0f,1.3995963418826896e-16f,-0.17228970872519958f,0f,1f,0f,0.4987821885213817f,-1.2246467991473532e-16f,0f,-1.142857142857143f,-0.03125f,0f,0f,0f,1f],start_interpolation:0}
execute if entity @s[tag=aj.spawner.bone.v42] run data modify entity @s {} merge value {transformation:[-1f,0f,1.3995963418826896e-16f,0.11071628623193838f,0f,1f,0f,0.4987821885213818f,-1.2246467991473532e-16f,0f,-1.142857142857143f,-0.03125f,0f,0f,0f,1f],start_interpolation:0}
execute if entity @s[tag=aj.spawner.bone.v51] run data modify entity @s {} merge value {transformation:[-1f,0f,1.2946266162414877e-16f,-0.17228970872519955f,0f,1f,0f,0.40503218852138173f,-1.2246467991473532e-16f,0f,-1.0571428571428572f,-0.031250000000000056f,0f,0f,0f,1f],start_interpolation:0}
execute if entity @s[tag=aj.spawner.bone.v52] run data modify entity @s {} merge value {transformation:[-1f,0f,1.2946266162414877e-16f,0.11071628623193841f,0f,1f,0f,0.4050321885213818f,-1.2246467991473532e-16f,0f,-1.0571428571428572f,-0.03125f,0f,0f,0f,1f],start_interpolation:0}
execute if entity @s[tag=aj.spawner.bone.heart] run data modify entity @s {} merge value {transformation:[-1.042857142857143f,0f,1.2246467991473532e-16f,-0.03125f,0f,1f,0f,0.37499999999999994f,-1.277131661967954e-16f,0f,-1f,-0.017116477272727693f,0f,0f,0f,1f],start_interpolation:0}