execute if entity @s[tag=aj.spawner.bone.bones_right] run data modify entity @s {} merge value {transformation:[-1f,4.0447519604878603e-17f,1.1559236992306862e-16f,-0.03125f,0f,0.9438833303083675f,-0.3302790619551673f,0.7234554438330827f,-1.2246467991473532e-16f,-0.3302790619551673f,-0.9438833303083675f,-0.12589418588025847f,0f,0f,0f,1f],start_interpolation:0}
execute if entity @s[tag=aj.spawner.bone.bones_left] run data modify entity @s {} merge value {transformation:[-1f,-4.0447519604878603e-17f,1.1559236992306862e-16f,-0.031250000000000056f,0f,0.9438833303083675f,0.3302790619551673f,0.7234554438330827f,-1.2246467991473532e-16f,0.3302790619551673f,-0.9438833303083675f,0.06339418588025847f,0f,0f,0f,1f],start_interpolation:0}
execute if entity @s[tag=aj.spawner.bone.t11] run data modify entity @s {} merge value {transformation:[-0.9955394017609744f,0.09457355790580353f,-0.0011995838208150355f,-0.19815101012706862f,0.0937961087367086f,0.9907344171307825f,-0.12045291597878441f,0.7184270748171385f,-0.010177894048021534f,-0.12032647773436975f,-0.9927183165585617f,0.1475356884109874f,0f,0f,0f,1f],start_interpolation:0}
execute if entity @s[tag=aj.spawner.bone.t12] run data modify entity @s {} merge value {transformation:[-0.9946047034180905f,0.10373755386095664f,0.00006210923702006967f,-0.18227084417784337f,0.10285056582219683f,0.9861783001900919f,-0.1299004285760248f,0.7849171045766207f,-0.013536803487757279f,-0.1291931892675697f,-0.9915270418895329f,0.13000439416067983f,0f,0f,0f,1f],start_interpolation:0}
execute if entity @s[tag=aj.spawner.bone.t13] run data modify entity @s {} merge value {transformation:[-0.9981523813948325f,0.060721877457787975f,0.0021626635952305025f,-0.16875537892719855f,0.06030326310097047f,0.9943731323550917f,-0.08709529326948937f,0.8460293515821367f,-0.007439084298479719f,-0.08680395871344007f,-0.9961976374075957f,0.1212031375056217f,0f,0f,0f,1f],start_interpolation:0}
execute if entity @s[tag=aj.spawner.bone.t14] run data modify entity @s {} merge value {transformation:[-0.9982637508234917f,0.058871148799985826f,0.00191614998990532f,-0.16976102960421657f,0.05849411565205866f,0.9946440841280612f,-0.08521493028298462f,0.8864182485761656f,-0.006922588092431378f,-0.08495489243133837f,-0.9963607499425507f,0.11488199169802976f,0f,0f,0f,1f],start_interpolation:0}
execute if entity @s[tag=aj.spawner.bone.t15] run data modify entity @s {} merge value {transformation:[-0.998370152918749f,0.05704541050690246f,0.0016908285226596748f,-0.1588081240633199f,0.05670104734724215f,0.9948378144903506f,-0.08415886221776205f,0.9098373472995381f,-0.00648297699516678f,-0.08392582439369561f,-0.9964509155041801f,0.10338957180231828f,0f,0f,0f,1f],start_interpolation:0}
execute if entity @s[tag=aj.spawner.bone.t21] run data modify entity @s {} merge value {transformation:[-0.9937200231758319f,-0.11173377515700678f,0.009759359271794195f,0.13640002481057942f,-0.11186021509288122f,0.9897945876013327f,-0.11152091901022942f,0.7179986675231781f,0.002794247447577863f,-0.11217838705048949f,-0.9937141638971025f,0.1468767218130282f,0f,0f,0f,1f],start_interpolation:0}
execute if entity @s[tag=aj.spawner.bone.t22] run data modify entity @s {} merge value {transformation:[-0.992241098031908f,-0.123486905732727f,0.014442558256417572f,0.12511234520942327f,-0.12432450502845219f,0.9845470702706571f,-0.12333079044138243f,0.7849879715556685f,0.0010103592746084867f,-0.12416944283527415f,-0.9922605145021713f,0.1355398657955016f,0f,0f,0f,1f],start_interpolation:0}
execute if entity @s[tag=aj.spawner.bone.t23] run data modify entity @s {} merge value {transformation:[-0.9961973030590558f,-0.08687042285010114f,0.006668059066048669f,0.1058195320289607f,-0.0871209818746459f,0.9924003316555705f,-0.08689946056858514f,0.8452946497416064f,0.0009316088563930459f,-0.08714993610874355f,-0.9961947704847585f,0.12689597419588394f,0f,0f,0f,1f],start_interpolation:0}
execute if entity @s[tag=aj.spawner.bone.t24] run data modify entity @s {} merge value {transformation:[-0.9961973030590558f,-0.08687042285010114f,0.006668059066048669f,0.09349568090075337f,-0.0871209818746459f,0.9924003316555705f,-0.08689946056858514f,0.8842935456492304f,0.0009316088563930459f,-0.08714993610874355f,-0.9961947704847585f,0.11451127854536197f,0f,0f,0f,1f],start_interpolation:0}
execute if entity @s[tag=aj.spawner.bone.t25] run data modify entity @s {} merge value {transformation:[-0.9961952280343359f,-0.0868732139425264f,0.00693630599912033f,0.08281716422577798f,-0.08714717841894437f,0.992402682872173f,-0.08684632589655104f,0.9073108585606252f,0.0006610107669840824f,-0.08712037492693266f,-0.9961975724410075f,0.10288242198945155f,0f,0f,0f,1f],start_interpolation:0}
execute if entity @s[tag=aj.spawner.bone.t31] run data modify entity @s {} merge value {transformation:[-0.9937200231758319f,0.11173377515700678f,0.009759359271794195f,-0.19639568677492739f,0.11186021509288122f,0.9897945876013327f,0.11152091901022942f,0.717904830794585f,0.002794247447577863f,0.11217838705048949f,-0.9937141638971025f,-0.21062539439384617f,0f,0f,0f,1f],start_interpolation:0}
execute if entity @s[tag=aj.spawner.bone.t32] run data modify entity @s {} merge value {transformation:[-0.9921213280837113f,0.12479986979459844f,0.01096644247985806f,-0.18509985981957072f,0.1251889208708478f,0.9842372546709534f,0.1249190162024087f,0.7850028537133484f,0.0047962957170475185f,0.12530769735749f,-0.9921063332780202f,-0.19928036817658346f,0f,0f,0f,1f],start_interpolation:0}
execute if entity @s[tag=aj.spawner.bone.t33] run data modify entity @s {} merge value {transformation:[-0.996584301624077f,0.08233967286166353f,0.006317280228454344f,-0.17682481638080227f,0.08258009943518514f,0.9931758333547355f,0.08235466724722744f,0.8455010703630026f,0.0005068863043373253f,0.08259505017348708f,-0.9965830626461165f,-0.17963803704747108f,0f,0f,0f,1f],start_interpolation:0}
execute if entity @s[tag=aj.spawner.bone.t34] run data modify entity @s {} merge value {transformation:[-0.9967326498568194f,0.08050762465807274f,0.006522812377946061f,-0.17205956137428177f,0.08077143496064712f,0.993479136461566f,0.08046850756649537f,0.8845763973459572f,-0.0000019496045839735468f,0.08073244569252223f,-0.9967358086317071f,-0.160367182889534f,0f,0f,0f,1f],start_interpolation:0}
execute if entity @s[tag=aj.spawner.bone.t35] run data modify entity @s {} merge value {transformation:[-0.9968761772179305f,0.07869345676632374f,0.006725113941922139f,-0.15313901942528174f,0.0789791046012262f,0.993708603478957f,0.07940725664754875f,0.9077981041460699f,-0.0004339720655380634f,0.07969034592764572f,-0.9968195726580505f,-0.15638539613613694f,0f,0f,0f,1f],start_interpolation:0}
execute if entity @s[tag=aj.spawner.bone.t41] run data modify entity @s {} merge value {transformation:[-0.9972037971811801f,-0.07452113308808722f,-0.005584586887435601f,0.14404235119608286f,-0.07473009358642423f,0.9944154131125643f,0.07452113308808721f,0.71895344755839f,-1.2168856296255766e-16f,0.07473009358642421f,-0.9972037971811801f,-0.21446079361377363f,0f,0f,0f,1f],start_interpolation:0}
execute if entity @s[tag=aj.spawner.bone.t42] run data modify entity @s {} merge value {transformation:[-0.9972037971811801f,-0.07452113308808722f,-0.005584586887435601f,0.13272140323194095f,-0.07473009358642423f,0.9944154131125643f,0.07452113308808721f,0.7863866870431623f,-1.2168856296255766e-16f,0.07473009358642421f,-0.9972037971811801f,-0.2030905759473247f,0f,0f,0f,1f],start_interpolation:0}
execute if entity @s[tag=aj.spawner.bone.t43] run data modify entity @s {} merge value {transformation:[-0.9972037971811801f,-0.07452113308808722f,-0.005584586887435601f,0.11876740231743166f,-0.07473009358642423f,0.9944154131125643f,0.07452113308808721f,0.847138420112624f,-1.2168856296255766e-16f,0.07473009358642421f,-0.9972037971811801f,-0.1890711594995996f,0f,0f,0f,1f],start_interpolation:0}
execute if entity @s[tag=aj.spawner.bone.t44] run data modify entity @s {} merge value {transformation:[-0.9972037971811801f,-0.07452113308808722f,-0.005584586887435601f,0.3600619781688291f,-0.07473009358642423f,0.9944154131125643f,0.07452113308808721f,0.16137665089962172f,-1.2168856296255766e-16f,0.07473009358642421f,-0.9972037971811801f,0.2697616424365094f,0f,0f,0f,1f],start_interpolation:0}
execute if entity @s[tag=aj.spawner.bone.t45] run data modify entity @s {} merge value {transformation:[-0.9972037971811801f,-0.07452113308808722f,-0.005584586887435601f,0.09528409276551823f,-0.07473009358642423f,0.9944154131125643f,0.07452113308808721f,0.9095984710979883f,-1.2168856296255766e-16f,0.07473009358642421f,-0.9972037971811801f,-0.1654694259108436f,0f,0f,0f,1f],start_interpolation:0}
execute if entity @s[tag=aj.spawner.bone.v51] run data modify entity @s {} merge value {transformation:[-1f,0f,1.434586250429757e-16f,-0.17228970872519955f,0f,1f,0f,0.40503218852138173f,-1.2246467991473532e-16f,0f,-1.1714285714285717f,-0.031250000000000056f,0f,0f,0f,1f],start_interpolation:0}
execute if entity @s[tag=aj.spawner.bone.v52] run data modify entity @s {} merge value {transformation:[-1f,0f,1.434586250429757e-16f,0.11071628623193841f,0f,1f,0f,0.4050321885213818f,-1.2246467991473532e-16f,0f,-1.1714285714285717f,-0.03125f,0f,0f,0f,1f],start_interpolation:0}
execute if entity @s[tag=aj.spawner.bone.v61] run data modify entity @s {} merge value {transformation:[-1f,0f,1.2596367076944204e-16f,-0.09963345872519982f,0f,1f,0f,0.38940718852138173f,-1.2246467991473532e-16f,0f,-1.0285714285714285f,-0.03125f,0f,0f,0f,1f],start_interpolation:0}
execute if entity @s[tag=aj.spawner.bone.v62] run data modify entity @s {} merge value {transformation:[-1f,0f,1.2596367076944204e-16f,0.03806003325170601f,0f,1f,0f,0.38940718852138173f,-1.2246467991473532e-16f,0f,-1.0285714285714285f,-0.03125f,0f,0f,0f,1f],start_interpolation:0}
execute if entity @s[tag=aj.spawner.bone.heart] run data modify entity @s {} merge value {transformation:[-1.1714285714285715f,0f,1.2246467991473532e-16f,-0.03125f,0f,1f,0f,0.37499999999999994f,-1.4345862504297566e-16f,0f,-1f,-0.017116477272727693f,0f,0f,0f,1f],start_interpolation:0}