execute if entity @s[tag=aj.spawner.bone.bones_right] run data modify entity @s {} merge value {transformation:[-1f,1.371169372781263e-17f,1.2169464771194024e-16f,-0.03125f,0f,0.9937122098932426f,-0.11196447610330787f,0.7118483009759399f,-1.2246467991473532e-16f,-0.11196447610330787f,-0.9937122098932426f,-0.12500132873740133f,0f,0f,0f,1f],start_interpolation:0}
execute if entity @s[tag=aj.spawner.bone.bones_left] run data modify entity @s {} merge value {transformation:[-1f,-1.371169372781263e-17f,1.2169464771194024e-16f,-0.031250000000000056f,0f,0.9937122098932426f,0.11196447610330787f,0.7118483009759399f,-1.2246467991473532e-16f,0.11196447610330787f,-0.9937122098932426f,0.06250132873740133f,0f,0f,0f,1f],start_interpolation:0}
execute if entity @s[tag=aj.spawner.bone.t11] run data modify entity @s {} merge value {transformation:[-0.9997751039419286f,0.021204629231576583f,0.000845093533651307f,-0.1996523203037999f,0.021161277236470696f,1.000117920871951f,-0.02590312880667113f,0.7212848228121572f,-0.0013935148464222103f,-0.0258969622090282f,-0.9996641004532194f,0.14954962659271942f,0f,0f,0f,1f],start_interpolation:0}
execute if entity @s[tag=aj.spawner.bone.t12] run data modify entity @s {} merge value {transformation:[-0.9998254155487529f,0.018645570007637263f,0.001217021714584797f,-0.18674579990488763f,0.018612063460314f,0.9995537437684585f,-0.023364597411645226f,0.7898293261631812f,-0.0016521248477998334f,-0.023337867030843073f,-0.9997262697588465f,0.13634750840813906f,0f,0f,0f,1f],start_interpolation:0}
execute if entity @s[tag=aj.spawner.bone.t13] run data modify entity @s {} merge value {transformation:[-0.9999762418069393f,0.006802718530139202f,0.0011130329146941803f,-0.1767147303947782f,0.0067894331792997635f,0.9999104348629274f,-0.01153368325104278f,0.8522784258282905f,-0.0011913936265212342f,-0.011525852368968723f,-0.9999328654006704f,0.13228617538377616f,0f,0f,0f,1f],start_interpolation:0}
execute if entity @s[tag=aj.spawner.bone.t14] run data modify entity @s {} merge value {transformation:[-0.9999762418069393f,0.006802718530139202f,0.0011130329146941803f,-0.17945633807048889f,0.0067894331792997635f,0.9999104348629274f,-0.01153368325104278f,0.8928828044642287f,-0.0011913936265212342f,-0.011525852368968723f,-0.9999328654006704f,0.12858618917545203f,0f,0f,0f,1f],start_interpolation:0}
execute if entity @s[tag=aj.spawner.bone.t15] run data modify entity @s {} merge value {transformation:[-0.9999763092774531f,0.006801656852870278f,0.0010575196920871008f,-0.16992809154456986f,0.0067890049701764855f,0.9999103722577238f,-0.011539361461316053f,0.917752988347569f,-0.0011359116859457942f,-0.011531908579059669f,-0.9999328601407026f,0.11896166466358506f,0f,0f,0f,1f],start_interpolation:0}
execute if entity @s[tag=aj.spawner.bone.t21] run data modify entity @s {} merge value {transformation:[-0.9995144017845595f,-0.031173750367331745f,0.000738049348132452f,0.1381226249096069f,-0.031159369166746935f,0.999742436732027f,-0.03115222576826484f,0.7209398284375595f,0.00023310595150515085f,-0.031182352666165876f,-0.9995143791426129f,0.14873561995156945f,0f,0f,0f,1f],start_interpolation:0}
execute if entity @s[tag=aj.spawner.bone.t22] run data modify entity @s {} merge value {transformation:[-0.9995144368538866f,-0.031132779659143656f,0.001280840096573426f,0.13059058064818974f,-0.031157567698672166f,0.9990297975274446f,-0.03112345783128344f,0.7894320747673538f,-0.00031063766745278597f,-0.031148253289201122f,-0.9995147271657739f,0.1412011656287402f,0f,0f,0f,1f],start_interpolation:0}
execute if entity @s[tag=aj.spawner.bone.t23] run data modify entity @s {} merge value {transformation:[-0.9998251609127464f,-0.01869559713816281f,0.00034964760580084625f,0.11380093033656102f,-0.01869886643090227f,0.9996503523941993f,-0.018695597138162812f,0.8515596282629513f,-1.2244326830187822e-16f,-0.018698866430902274f,-0.9998251609127464f,0.13690803284895645f,0f,0f,0f,1f],start_interpolation:0}
execute if entity @s[tag=aj.spawner.bone.t24] run data modify entity @s {} merge value {transformation:[-0.9998251609127464f,-0.01869559713816281f,0.00034964760580084625f,0.1036713387655706f,-0.01869886643090227f,0.9996503523941993f,-0.018695597138162812f,0.8918198507330052f,-1.2244326830187822e-16f,-0.018698866430902274f,-0.9998251609127464f,0.12677503051664413f,0f,0f,0f,1f],start_interpolation:0}
execute if entity @s[tag=aj.spawner.bone.t25] run data modify entity @s {} merge value {transformation:[-0.9998251609127464f,-0.01869559713816281f,0.00034964760580084625f,0.09383386589986388f,-0.01869886643090227f,0.9996503523941993f,-0.018695597138162812f,0.9164605364469003f,-1.2244326830187822e-16f,-0.018698866430902274f,-0.9998251609127464f,0.11693419797231454f,0f,0f,0f,1f],start_interpolation:0}
execute if entity @s[tag=aj.spawner.bone.t31] run data modify entity @s {} merge value {transformation:[-0.9995144017845595f,0.031173750367331745f,0.000738049348132452f,-0.19811827712179714f,0.031159369166746935f,0.999742436732027f,0.03115222576826484f,0.7209164101110882f,0.00023310595150515085f,0.031182352666165876f,-0.9995143791426129f,-0.2124875749356687f,0f,0f,0f,1f],start_interpolation:0}
execute if entity @s[tag=aj.spawner.bone.t32] run data modify entity @s {} merge value {transformation:[-0.9995148133540293f,0.03114643057337746f,0.00019428946945496643f,-0.19058623286038007f,0.031137360041022882f,0.9990293757921844f,0.031157200033924047f,0.7894086564408823f,0.0007763346803248595f,0.031148132637704346f,-0.9995144777028735f,-0.2049531206128394f,0f,0f,0f,1f],start_interpolation:0}
execute if entity @s[tag=aj.spawner.bone.t33] run data modify entity @s {} merge value {transformation:[-0.9998251609127464f,0.01869559713816281f,0.00034964760580084625f,-0.1862987676552333f,0.01869886643090227f,0.9996503523941993f,0.018695597138162812f,0.8515362508026392f,-1.2244326830187822e-16f,0.018698866430902274f,-0.9998251609127464f,-0.18816217332164656f,0f,0f,0f,1f],start_interpolation:0}
execute if entity @s[tag=aj.spawner.bone.t34] run data modify entity @s {} merge value {transformation:[-0.9998251609127464f,0.01869559713816281f,0.00034964760580084625f,-0.18367244253138848f,0.01869886643090227f,0.9996503523941993f,0.018695597138162812f,0.8918082028690087f,-1.2244326830187822e-16f,0.018698866430902274f,-0.9998251609127464f,-0.17115428624157997f,0f,0f,0f,1f],start_interpolation:0}
execute if entity @s[tag=aj.spawner.bone.t35] run data modify entity @s {} merge value {transformation:[-0.9998251609127464f,0.01869559713816281f,0.00034964760580084625f,-0.16633170321853613f,0.01869886643090227f,0.9996503523941993f,0.018695597138162812f,0.9164371589865884f,-1.2244326830187822e-16f,0.018698866430902274f,-0.9998251609127464f,-0.1681883384450046f,0f,0f,0f,1f],start_interpolation:0}
execute if entity @s[tag=aj.spawner.bone.t41] run data modify entity @s {} merge value {transformation:[-0.9998251609127464f,-0.018695597138162816f,-0.00034964760580060133f,0.14004459158443822f,-0.01869886643090227f,0.9996503523941993f,0.018695597138162812f,0.7210171744708158f,-1.2244326830187822e-16f,0.018698866430902267f,-0.9998251609127464f,-0.21344894528270006f,0f,0f,0f,1f],start_interpolation:0}
execute if entity @s[tag=aj.spawner.bone.t42] run data modify entity @s {} merge value {transformation:[-0.9998251609127464f,-0.018695597138162816f,-0.00034964760580060133f,0.13251254732302106f,-0.01869886643090227f,0.9996503523941993f,0.018695597138162812f,0.7895094208006096f,-1.2244326830187822e-16f,0.018698866430902267f,-0.9998251609127464f,-0.2059144909598709f,0f,0f,0f,1f],start_interpolation:0}
execute if entity @s[tag=aj.spawner.bone.t43] run data modify entity @s {} merge value {transformation:[-0.9998251609127464f,-0.018695597138162816f,-0.00034964760580060133f,0.12197398956463329f,-0.01869886643090227f,0.9996503523941993f,0.018695597138162812f,0.851636994729287f,-1.2244326830187822e-16f,0.018698866430902267f,-0.9998251609127464f,-0.1953724509243825f,0f,0f,0f,1f],start_interpolation:0}
execute if entity @s[tag=aj.spawner.bone.t44] run data modify entity @s {} merge value {transformation:[-0.9998251609127464f,-0.018695597138162816f,-0.00034964760580060133f,0.32393628338362573f,-0.01869886643090227f,0.9996503523941993f,0.018695597138162812f,0.18025101123577691f,-1.2244326830187822e-16f,0.018698866430902267f,-0.9998251609127464f,0.30209303493952794f,0f,0f,0f,1f],start_interpolation:0}
execute if entity @s[tag=aj.spawner.bone.t45] run data modify entity @s {} merge value {transformation:[-0.9998251609127464f,-0.018695597138162816f,-0.00034964760580060133f,0.1020069251279361f,-0.01869886643090227f,0.9996503523941993f,0.018695597138162812f,0.9165379029132358f,-1.2244326830187822e-16f,0.018698866430902267f,-0.9998251609127464f,-0.17539861604774074f,0f,0f,0f,1f],start_interpolation:0}
execute if entity @s[tag=aj.spawner.bone.v11] run data modify entity @s {} merge value {transformation:[-1f,0f,1.2946266162414877e-16f,-0.030800627695997784f,0f,1f,0f,0.6526466891732801f,-1.2246467991473532e-16f,0f,-1.0571428571428572f,-0.031250000000000056f,0f,0f,0f,1f],start_interpolation:0}
execute if entity @s[tag=aj.spawner.bone.heart] run data modify entity @s {} merge value {transformation:[-1.042857142857143f,0f,1.2246467991473532e-16f,-0.03125f,0f,1f,0f,0.37499999999999994f,-1.277131661967954e-16f,0f,-1f,-0.017116477272727693f,0f,0f,0f,1f],start_interpolation:0}