execute if entity @s[tag=aj.spawner.bone.bones_right] run data modify entity @s {} merge value {transformation:[-1f,4.367354184819249e-17f,1.1441249743385883e-16f,-0.03125f,0f,0.9342489402945998f,-0.356621532662313f,0.7249063366902255f,-1.2246467991473532e-16f,-0.356621532662313f,-0.9342489402945998f,-0.1260057930231156f,0f,0f,0f,1f],start_interpolation:0}
execute if entity @s[tag=aj.spawner.bone.bones_left] run data modify entity @s {} merge value {transformation:[-1f,-4.367354184819249e-17f,1.1441249743385883e-16f,-0.031250000000000056f,0f,0.9342489402945998f,0.356621532662313f,0.7249063366902255f,-1.2246467991473532e-16f,0.356621532662313f,-0.9342489402945998f,0.06350579302311563f,0f,0f,0f,1f],start_interpolation:0}
execute if entity @s[tag=aj.spawner.bone.t11] run data modify entity @s {} merge value {transformation:[-0.9961448343159248f,0.08793551869686345f,-0.0009294467147281213f,-0.19841808570715935f,0.08729001744438883f,0.9925558133157327f,-0.10982324088041623f,0.7189775750776649f,-0.008713318555919173f,-0.10975134649041884f,-0.9939506989239086f,0.14790378763077633f,0f,0f,0f,1f],start_interpolation:0}
execute if entity @s[tag=aj.spawner.bone.t12] run data modify entity @s {} merge value {transformation:[-0.9963734318104402f,0.08508153829076692f,0.0010565151975516925f,-0.1830697382196234f,0.08447763424743931f,0.9906333971665672f,-0.10728001552098254f,0.7862356476358949f,-0.010174167987691284f,-0.10680170532488306f,-0.9942282846738243f,0.13114942519316058f,0f,0f,0f,1f],start_interpolation:0}
execute if entity @s[tag=aj.spawner.bone.t13] run data modify entity @s {} merge value {transformation:[-0.9991139556165046f,0.04198237168061333f,0.0029638084303993304f,-0.17084110134065109f,0.041704812459116905f,0.9970535578850105f,-0.06438098575349818f,0.84799707711381f,-0.005657942213486871f,-0.06420033626791286f,-0.9979209911175313f,0.12384354729688102f,0f,0f,0f,1f],start_interpolation:0}
execute if entity @s[tag=aj.spawner.bone.t14] run data modify entity @s {} merge value {transformation:[-0.9991139556165046f,0.04198237168061333f,0.0029638084303993304f,-0.17213913848674256f,0.041704812459116905f,0.9970535578850105f,-0.06438098575349818f,0.8884196395023356f,-0.005657942213486871f,-0.06420033626791286f,-0.9979209911175313f,0.11799090477293779f,0f,0f,0f,1f],start_interpolation:0}
execute if entity @s[tag=aj.spawner.bone.t15] run data modify entity @s {} merge value {transformation:[-0.9991141745737799f,0.041981271451958034f,0.0029049979399810915f,-0.16172204601320467f,0.04170746821734026f,0.997053192802703f,-0.06438491917239086f,0.9124005317286235f,-0.00559939824033194f,-0.06420672526466964f,-0.9979209102780306f,0.10710913408801127f,0f,0f,0f,1f],start_interpolation:0}
execute if entity @s[tag=aj.spawner.bone.t21] run data modify entity @s {} merge value {transformation:[-0.9948789498136644f,-0.10100788720580571f,0.007777318674373729f,0.1368065580395372f,-0.10104366696190777f,0.9920601438129648f,-0.10079885291058503f,0.7187522172236176f,0.002460200103875946f,-0.10130312904095443f,-0.9948764267818127f,0.14733337461142604f,0f,0f,0f,1f],start_interpolation:0}
execute if entity @s[tag=aj.spawner.bone.t22] run data modify entity @s {} merge value {transformation:[-0.9948748074798428f,-0.10066445314767275f,0.009528132787993004f,0.1264231628754292f,-0.10111199394662754f,0.9897775137355524f,-0.10058249342507572f,0.7864900785499505f,0.0006943501154227226f,-0.10103039728689697f,-0.9948830970028432f,0.1369192136850516f,0f,0f,0f,1f],start_interpolation:0}
execute if entity @s[tag=aj.spawner.bone.t23] run data modify entity @s {} merge value {transformation:[-0.9981537766946486f,-0.06062531705753076f,0.003689038070209709f,0.10704945604244906f,-0.060737451956841146f,0.9963109619297904f,-0.06062531705753077f,0.8476210368679316f,-1.2202174233409724e-16f,-0.06073745195684115f,-0.9981537766946486f,0.13000389238557825f,0f,0f,0f,1f],start_interpolation:0}
execute if entity @s[tag=aj.spawner.bone.t24] run data modify entity @s {} merge value {transformation:[-0.9981537766946486f,-0.06062531705753076f,0.003689038070209709f,0.09526344561238281f,-0.060737451956841146f,0.9963109619297904f,-0.06062531705753077f,0.8869583937368192f,-1.2202174233409724e-16f,-0.06073745195684115f,-0.9981537766946486f,0.11817874174331934f,0f,0f,0f,1f],start_interpolation:0}
execute if entity @s[tag=aj.spawner.bone.t25] run data modify entity @s {} merge value {transformation:[-0.9981537766946486f,-0.06062531705753076f,0.003689038070209709f,0.0844247057613404f,-0.060737451956841146f,0.9963109619297904f,-0.06062531705753077f,0.9107283918255542f,-1.2202174233409724e-16f,-0.06073745195684115f,-0.9981537766946486f,0.10730261378788596f,0f,0f,0f,1f],start_interpolation:0}
execute if entity @s[tag=aj.spawner.bone.t31] run data modify entity @s {} merge value {transformation:[-0.9948789498136644f,0.10100788720580571f,0.007777318674373729f,-0.19680221448153562f,0.10104366696190777f,0.9920601438129648f,0.10079885291058503f,0.7186760229583368f,0.002460200103875946f,0.10130312904095443f,-0.9948764267818127f,-0.2110832367318087f,0f,0f,0f,1f],start_interpolation:0}
execute if entity @s[tag=aj.spawner.bone.t32] run data modify entity @s {} merge value {transformation:[-0.9948878036745984f,0.10080708431200545f,0.006015800199968129f,-0.1864188193174277f,0.10089816773594797f,0.9897630719301878f,0.10093870016424106f,0.7864138842846696f,0.004221119171762193f,0.10102966492981294f,-0.9948744588927326f,-0.20066907580543425f,0f,0f,0f,1f],start_interpolation:0}
execute if entity @s[tag=aj.spawner.bone.t33] run data modify entity @s {} merge value {transformation:[-0.9981537766946486f,0.06062531705753076f,0.003689038070209709f,-0.1795681476690084f,0.060737451956841146f,0.9963109619297904f,0.06062531705753077f,0.8475462442888922f,-1.2202174233409724e-16f,0.06073745195684115f,-0.9981537766946486f,-0.18127683229727803f,0f,0f,0f,1f],start_interpolation:0}
execute if entity @s[tag=aj.spawner.bone.t34] run data modify entity @s {} merge value {transformation:[-0.9981537766946486f,0.06062531705753076f,0.003689038070209709f,-0.17529582661022308f,0.060737451956841146f,0.9963109619297904f,0.06062531705753077f,0.8869223991335412f,-1.2202174233409724e-16f,0.06073745195684115f,-0.9981537766946486f,-0.16258828949048623f,0f,0f,0f,1f],start_interpolation:0}
execute if entity @s[tag=aj.spawner.bone.t35] run data modify entity @s {} merge value {transformation:[-0.9981537766946486f,0.06062531705753076f,0.003689038070209709f,-0.1569433973878997f,0.060737451956841146f,0.9963109619297904f,0.06062531705753077f,0.9106535992465151f,-1.2202174233409724e-16f,0.06073745195684115f,-0.9981537766946486f,-0.15857555369958568f,0f,0f,0f,1f],start_interpolation:0}
execute if entity @s[tag=aj.spawner.bone.t41] run data modify entity @s {} merge value {transformation:[-0.9981537766946486f,-0.06062531705753078f,-0.0036890380702094645f,0.1430288715826737f,-0.060737451956841146f,0.9963109619297904f,0.06062531705753077f,0.7193971938546424f,-1.2245542320309144e-16f,0.06073745195684114f,-0.9981537766946486f,-0.21420246728397935f,0f,0f,0f,1f],start_interpolation:0}
execute if entity @s[tag=aj.spawner.bone.t42] run data modify entity @s {} merge value {transformation:[-0.9981537766946486f,-0.06062531705753078f,-0.0036890380702094645f,0.13264547641856567f,-0.060737451956841146f,0.9963109619297904f,0.06062531705753077f,0.7871350551809748f,-1.2245542320309144e-16f,0.06073745195684114f,-0.9981537766946486f,-0.20378830635760506f,0f,0f,0f,1f],start_interpolation:0}
execute if entity @s[tag=aj.spawner.bone.t43] run data modify entity @s {} merge value {transformation:[-0.9981537766946486f,-0.06062531705753078f,-0.0036890380702094645f,0.1195332871778659f,-0.060737451956841146f,0.9963109619297904f,0.06062531705753077f,0.8482667143420769f,-1.2245542320309144e-16f,0.06073745195684114f,-0.9981537766946486f,-0.19063452395379013f,0f,0f,0f,1f],start_interpolation:0}
execute if entity @s[tag=aj.spawner.bone.t44] run data modify entity @s {} merge value {transformation:[-0.9981537766946486f,-0.06062531705753078f,-0.0036890380702094645f,0.35079162883195003f,-0.060737451956841146f,0.9963109619297904f,0.06062531705753077f,0.16568027563752408f,-1.2245542320309144e-16f,0.06073745195684114f,-0.9981537766946486f,0.2779966206514654f,0f,0f,0f,1f],start_interpolation:0}
execute if entity @s[tag=aj.spawner.bone.t45] run data modify entity @s {} merge value {transformation:[-0.9981537766946486f,-0.06062531705753078f,-0.0036890380702094645f,0.09690853689675723f,-0.060737451956841146f,0.9963109619297904f,0.06062531705753077f,0.9113740692996994f,-1.2245542320309144e-16f,0.06073745195684114f,-0.9981537766946486f,-0.167933245356098f,0f,0f,0f,1f],start_interpolation:0}
execute if entity @s[tag=aj.spawner.bone.v11] run data modify entity @s {} merge value {transformation:[-1f,0f,1.4520812047032904e-16f,-0.030800627695997784f,0f,1f,0f,0.6526466891732801f,-1.2246467991473532e-16f,0f,-1.185714285714286f,-0.031250000000000056f,0f,0f,0f,1f],start_interpolation:0}
execute if entity @s[tag=aj.spawner.bone.heart] run data modify entity @s {} merge value {transformation:[-1.1392857142857145f,0f,1.2246467991473532e-16f,-0.03125f,0f,1f,0f,0.37499999999999994f,-1.3952226033143062e-16f,0f,-1f,-0.017116477272727693f,0f,0f,0f,1f],start_interpolation:0}