execute if entity @s[tag=aj.spawner.bone.bones_right] run data modify entity @s {} merge value {transformation:[-1f,4.6865204053262974e-17f,1.1314261122877003e-16f,-0.03125f,0f,0.9238795325112867f,-0.3826834323650897f,0.7263572295473684f,-1.2246467991473532e-16f,-0.3826834323650897f,-0.9238795325112867f,-0.12611740016597278f,0f,0f,0f,1f],start_interpolation:0}
execute if entity @s[tag=aj.spawner.bone.bones_left] run data modify entity @s {} merge value {transformation:[-1f,-4.6865204053262974e-17f,1.1314261122877003e-16f,-0.031250000000000056f,0f,0.9238795325112867f,0.3826834323650897f,0.7263572295473684f,-1.2246467991473532e-16f,0.3826834323650897f,-0.9238795325112867f,0.06361740016597275f,0f,0f,0f,1f],start_interpolation:0}
execute if entity @s[tag=aj.spawner.bone.t11] run data modify entity @s {} merge value {transformation:[-0.9991750391770042f,0.04052237948272988f,0.003064920318377324f,-0.19837577984113333f,0.040218794410817556f,0.9978419522169305f,-0.06354151027846652f,0.7188917408701697f,-0.005629357136680772f,-0.063408621594573f,-0.9979744900221516f,0.14784580822281135f,0f,0f,0f,1f],start_interpolation:0}
execute if entity @s[tag=aj.spawner.bone.t12] run data modify entity @s {} merge value {transformation:[-0.9957795457180895f,0.09173254241060326f,0.0028700160909599574f,-0.18302910008496504f,0.09080056933167117f,0.989249294023571f,-0.11463459723360533f,0.7841713069174442f,-0.01335488444427255f,-0.11389018806180545f,-0.9934035796818566f,0.13109705720843778f,0f,0f,0f,1f],start_interpolation:0}
execute if entity @s[tag=aj.spawner.bone.t13] run data modify entity @s {} merge value {transformation:[-0.9757938150717343f,0.21715565126372452f,-0.025881529938889713f,-0.16304817159491655f,0.21698262303336094f,0.9465899122267353f,-0.23850802789873546f,0.8372697107841606f,-0.02729417097682922f,-0.23835050072279942f,-0.970795584577865f,0.11470248889758483f,0f,0f,0f,1f],start_interpolation:0}
execute if entity @s[tag=aj.spawner.bone.t14] run data modify entity @s {} merge value {transformation:[-0.9070086149262516f,0.4060082001165437f,-0.11177080964047387f,-0.15974632633847952f,0.41280644803465805f,0.8047756480069941f,-0.4265290058553247f,0.8741388278682971f,-0.0832238482081404f,-0.43300519374835106f,-0.8975412487882556f,0.10589794861493908f,0f,0f,0f,1f],start_interpolation:0}
execute if entity @s[tag=aj.spawner.bone.t15] run data modify entity @s {} merge value {transformation:[-0.796639965264682f,0.5667993752105768f,-0.21000769986832934f,-0.14053207225547382f,0.5850013316128413f,0.6355396727004932f,-0.5038479596415498f,0.8813325957416036f,-0.15211248388705284f,-0.5242402051394476f,-0.8378746920399619f,0.08666054315529667f,0f,0f,0f,1f],start_interpolation:0}
execute if entity @s[tag=aj.spawner.bone.t21] run data modify entity @s {} merge value {transformation:[-0.9976974499728977f,-0.06772341323471497f,0.004599798317577467f,0.13659872258785702f,-0.06782181299240933f,0.9962499335619075f,-0.06766564987506554f,0.7183722554853194f,-1.2218269886267858e-16f,-0.067879709662037f,-0.9976974499728977f,0.14710154356908056f,0f,0f,0f,1f],start_interpolation:0}
execute if entity @s[tag=aj.spawner.bone.t22] run data modify entity @s {} merge value {transformation:[-0.9936088972783738f,-0.1120581433363509f,0.013576883341319321f,0.1258494922502499f,-0.1128742500120066f,0.9872965502383425f,-0.11182542453169989f,0.784346305714597f,-0.0008734606350514697f,-0.11264321728128025f,-0.9936351154558908f,0.13631308131975944f,0f,0f,0f,1f],start_interpolation:0}
execute if entity @s[tag=aj.spawner.bone.t23] run data modify entity @s {} merge value {transformation:[-0.9707915177630168f,-0.23351914274444324f,0.05506940176975263f,0.11440809733754409f,-0.239913742990143f,0.9426437516963578f,-0.23208652117750167f,0.8374641798850008f,0.0022858179799965916f,-0.23851953244905474f,-0.9711350100148004f,0.1201289329236388f,0f,0f,0f,1f],start_interpolation:0}
execute if entity @s[tag=aj.spawner.bone.t24] run data modify entity @s {} merge value {transformation:[-0.8976158252852896f,-0.38587011278001127f,0.21304949251418037f,0.10122727224297992f,-0.43998788874054684f,0.8133283791762667f,-0.38066731589163655f,0.8700934401147908f,-0.02639105831611456f,-0.4354322033217666f,-0.8998346005524055f,0.1053263399773636f,0f,0f,0f,1f],start_interpolation:0}
execute if entity @s[tag=aj.spawner.bone.t25] run data modify entity @s {} merge value {transformation:[-0.7833352445128865f,-0.49441187105702195f,0.37675296476846837f,0.09423208877566557f,-0.6175177883182751f,0.6883074319469081f,-0.38066344746660175f,0.8808433253694611f,-0.07111733835318952f,-0.5308387522445466f,-0.8444835956376008f,0.08577174012796662f,0f,0f,0f,1f],start_interpolation:0}
execute if entity @s[tag=aj.spawner.bone.t31] run data modify entity @s {} merge value {transformation:[-0.9976974499728977f,0.06772341323471497f,0.004599798317577467f,-0.19659438140046626f,0.06782181299240933f,0.9962499335619075f,0.06766564987506554f,0.7182871352369733f,-1.2218269886267858e-16f,0.067879709662037f,-0.9976974499728977f,-0.21085083428904644f,0f,0f,0f,1f],start_interpolation:0}
execute if entity @s[tag=aj.spawner.bone.t32] run data modify entity @s {} merge value {transformation:[-0.9936089284541796f,0.11205786463031467f,0.013576902099934618f,-0.1858451510628592f,0.11287397543221674f,0.9872965503747728f,0.11182570048160187f,0.7842611854662508f,-0.0008734794012840012f,0.11264349334323609f,-0.9936350841436546f,-0.20006237203972532f,0f,0f,0f,1f],start_interpolation:0}
execute if entity @s[tag=aj.spawner.bone.t33] run data modify entity @s {} merge value {transformation:[-0.970878839233121f,0.23670837294034403f,0.036924594910205215f,-0.17125720287950333f,0.23862962321052533f,0.9418578899931134f,0.23655785335541696f,0.8375900267827725f,0.021217503523044905f,0.23848031624780963f,-0.9709155248046013f,-0.1901138327059355f,0f,0f,0f,1f],start_interpolation:0}
execute if entity @s[tag=aj.spawner.bone.t34] run data modify entity @s {} merge value {transformation:[-0.8980942419106127f,0.42120802692889603f,0.12653272579719538f,-0.16223489775394007f,0.4329536851493996f,0.7961495390274822f,0.42272570068767085f,0.8735844159325948f,0.077316487003461f,0.43443032762112055f,-0.8973808841737434f,-0.17447465123407607f,0f,0f,0f,1f],start_interpolation:0}
execute if entity @s[tag=aj.spawner.bone.t35] run data modify entity @s {} merge value {transformation:[-0.7843386834644442f,0.5776578188551191f,0.2261067755216736f,-0.1354346741828285f,0.6027489495784996f,0.6235091438130373f,0.4979257488456971f,0.880755277062665f,0.14665106001416198f,0.5268280477509519f,-0.837224984517091f,-0.1682278580349245f,0f,0f,0f,1f],start_interpolation:0}
execute if entity @s[tag=aj.spawner.bone.t41] run data modify entity @s {} merge value {transformation:[-0.9976974499728977f,-0.06766564987506556f,-0.004599798317577223f,0.14259967219875955f,-0.06782181299240933f,0.9954002016824226f,0.06766564987506554f,0.7190704178068245f,-1.2218269886267858e-16f,0.06782181299240932f,-0.9976974499728977f,-0.21386112831913692f,0f,0f,0f,1f],start_interpolation:0}
execute if entity @s[tag=aj.spawner.bone.t42] run data modify entity @s {} merge value {transformation:[-0.9976974499728977f,-0.06766564987506556f,-0.004599798317577223f,0.13174079844700304f,-0.06782181299240933f,0.9954002016824226f,0.06766564987506554f,0.7866573850295685f,-1.2218269886267858e-16f,0.06782181299240932f,-0.9976974499728977f,-0.20296276961357826f,0f,0f,0f,1f],start_interpolation:0}
execute if entity @s[tag=aj.spawner.bone.t43] run data modify entity @s {} merge value {transformation:[-0.9976974499728977f,-0.06766564987506556f,-0.004599798317577223f,0.11820140484554281f,-0.06782181299240933f,0.9954002016824226f,0.06766564987506554f,0.8475997026703372f,-1.2218269886267858e-16f,0.06782181299240932f,-0.9976974499728977f,-0.18937049270805675f,0f,0f,0f,1f],start_interpolation:0}
execute if entity @s[tag=aj.spawner.bone.t44] run data modify entity @s {} merge value {transformation:[-0.9976974499728977f,-0.06766564987506556f,-0.004599798317577223f,0.3545240408664959f,-0.06782181299240933f,0.9954002016824226f,0.06766564987506554f,0.16337049683628613f,-1.2218269886267858e-16f,0.06782181299240932f,-0.9976974499728977f,0.27431239695879844f,0f,0f,0f,1f],start_interpolation:0}
execute if entity @s[tag=aj.spawner.bone.t45] run data modify entity @s {} merge value {transformation:[-0.9976974499728977f,-0.06766564987506556f,-0.004599798317577223f,0.09514026560395439f,-0.06782181299240933f,0.9954002016824226f,0.06766564987506554f,0.9103824509769806f,-1.2218269886267858e-16f,0.06782181299240932f,-0.9976974499728977f,-0.16621285904343827f,0f,0f,0f,1f],start_interpolation:0}
execute if entity @s[tag=aj.spawner.bone.v21] run data modify entity @s {} merge value {transformation:[-1f,0f,1.2246467991473532e-16f,-0.08549492101734665f,0f,1f,0f,0.6282246178250585f,-1.2246467991473532e-16f,0f,-1f,-0.03125f,0f,0f,0f,1f],start_interpolation:0}
execute if entity @s[tag=aj.spawner.bone.v22] run data modify entity @s {} merge value {transformation:[-1f,0f,1.2246467991473532e-16f,0.02392149852408563f,0f,1f,0f,0.6282246178250586f,-1.2246467991473532e-16f,0f,-1f,-0.03125f,0f,0f,0f,1f],start_interpolation:0}
execute if entity @s[tag=aj.spawner.bone.v31] run data modify entity @s {} merge value {transformation:[-1f,0f,1.469576158976824e-16f,-0.14883150298131478f,0f,1f,0f,0.5591048674991094f,-1.2246467991473532e-16f,0f,-1.2000000000000002f,-0.03125f,0f,0f,0f,1f],start_interpolation:0}
execute if entity @s[tag=aj.spawner.bone.v32] run data modify entity @s {} merge value {transformation:[-1f,0f,1.469576158976824e-16f,0.08725808048805375f,0f,1f,0f,0.5591048674991094f,-1.2246467991473532e-16f,0f,-1.2000000000000002f,-0.03125f,0f,0f,0f,1f],start_interpolation:0}
execute if entity @s[tag=aj.spawner.bone.heart] run data modify entity @s {} merge value {transformation:[-1.1555555555555557f,0f,1.2246467991473532e-16f,-0.03125f,0f,1f,0f,0.37499999999999994f,-1.4151474123480527e-16f,0f,-1f,-0.017116477272727693f,0f,0f,0f,1f],start_interpolation:0}