execute if entity @s[tag=aj.spawner.bone.bones_right] run data modify entity @s {} merge value {transformation:[-1f,4.6865204053262974e-17f,1.1314261122877003e-16f,-0.03125f,0f,0.9238795325112867f,-0.3826834323650897f,0.7263572295473684f,-1.2246467991473532e-16f,-0.3826834323650897f,-0.9238795325112867f,-0.12611740016597278f,0f,0f,0f,1f],start_interpolation:0}
execute if entity @s[tag=aj.spawner.bone.bones_left] run data modify entity @s {} merge value {transformation:[-1f,-4.6865204053262974e-17f,1.1314261122877003e-16f,-0.031250000000000056f,0f,0.9238795325112867f,0.3826834323650897f,0.7263572295473684f,-1.2246467991473532e-16f,0.3826834323650897f,-0.9238795325112867f,0.06361740016597275f,0f,0f,0f,1f],start_interpolation:0}
execute if entity @s[tag=aj.spawner.bone.t11] run data modify entity @s {} merge value {transformation:[-0.9990214819354356f,0.04416325796655717f,0.0029533555132451542f,-0.19834925749091248f,0.04382889043784392f,0.9975290004092768f,-0.06756014930961632f,0.7188376726282159f,-0.005925115569647774f,-0.06741710750470134f,-0.9977108318127427f,0.1478093982604079f,0f,0f,0f,1f],start_interpolation:0}
execute if entity @s[tag=aj.spawner.bone.t12] run data modify entity @s {} merge value {transformation:[-0.9958542766608103f,0.09092035460434131f,0.002783662155370004f,-0.18294191144559158f,0.09000902376520645f,0.9893694766801208f,-0.11422090112820205f,0.7842432242523637f,-0.013139075203716218f,-0.11349681815947456f,-0.9934514769078892f,0.13097178141584526f,0f,0f,0f,1f],start_interpolation:0}
execute if entity @s[tag=aj.spawner.bone.t13] run data modify entity @s {} merge value {transformation:[-0.9756179428859789f,0.2179272699700009f,-0.026025651237834596f,-0.16292499254159465f,0.21773301627926445f,0.9461278995001932f,-0.23965460857093152f,0.8371472922160994f,-0.027603679842815223f,-0.2394779797617625f,-0.9705093168374841f,0.11452548852881769f,0f,0f,0f,1f],start_interpolation:0}
execute if entity @s[tag=aj.spawner.bone.t14] run data modify entity @s {} merge value {transformation:[-0.9066728002920521f,0.4066753889856798f,-0.11206944812889405f,-0.15959311490514788f,0.41343414151080804f,0.8039280391309263f,-0.4275183253760297f,0.8740031302269796f,-0.08376540959005645f,-0.43395257332161274f,-0.8970331767910038f,0.10567677663490607f,0f,0f,0f,1f],start_interpolation:0}
execute if entity @s[tag=aj.spawner.bone.t15] run data modify entity @s {} merge value {transformation:[-0.7961625618558279f,0.5673350780243269f,-0.210371301137527f,-0.14037215200613443f,0.5854573772080108f,0.6344534128095778f,-0.5046865625781971f,0.8811583262881857f,-0.15285560039423537f,-0.5249759768002821f,-0.8372785612988711f,0.08643168948102573f,0f,0f,0f,1f],start_interpolation:0}
execute if entity @s[tag=aj.spawner.bone.t21] run data modify entity @s {} merge value {transformation:[-0.9980145329807433f,-0.06290883563881851f,0.00396699195922898f,0.13674020450649346f,-0.06298406115223801f,0.9968225464008034f,-0.06285900837608138f,0.7186320697062617f,-1.2222153033174077e-16f,-0.06303398754217576f,-0.9980145329807433f,0.14725971569185495f,0f,0f,0f,1f],start_interpolation:0}
execute if entity @s[tag=aj.spawner.bone.t22] run data modify entity @s {} merge value {transformation:[-0.9944887714660245f,-0.10415720079386978f,0.011973343341891061f,0.12630043007574518f,-0.10483822845060385f,0.9890411721238017f,-0.1039543443022716f,0.7848241590485251f,-0.0010145360202178763f,-0.10463669225831689f,-0.9945099966063197f,0.13678673834111296f,0f,0f,0f,1f],start_interpolation:0}
execute if entity @s[tag=aj.spawner.bone.t23] run data modify entity @s {} merge value {transformation:[-0.9719426693828782f,-0.2290184754797763f,0.053646857520306075f,0.11511906458985238f,-0.23521343653672444f,0.9449076603060788f,-0.2276491879350252f,0.8379592727942251f,0.0014445433428025654f,-0.23388042112116014f,-0.9722642963262199f,0.12087076074553696f,0f,0f,0f,1f],start_interpolation:0}
execute if entity @s[tag=aj.spawner.bone.t24] run data modify entity @s {} merge value {transformation:[-0.899746727941848f,-0.3820548071709748f,0.21092640867252113f,0.10209208962193812f,-0.43549884307083764f,0.8172865754068598f,-0.3773372647164459f,0.8707232816720726f,-0.02822380629716775f,-0.4313661762091189f,-0.901735348525732f,0.10623050198116958f,0f,0f,0f,1f],start_interpolation:0}
execute if entity @s[tag=aj.spawner.bone.t25] run data modify entity @s {} merge value {transformation:[-0.7863419702838221f,-0.4912306257904971f,0.3746448692503782f,0.09514314228534299f,-0.6133621259173512f,0.6932563211424251f,-0.3783947352781461f,0.8816014374833292f,-0.07384584118488888f,-0.5273406351510828f,-0.8464388024294189f,0.08673042872337765f,0f,0f,0f,1f],start_interpolation:0}
execute if entity @s[tag=aj.spawner.bone.t31] run data modify entity @s {} merge value {transformation:[-0.9980145329807433f,0.06290883563881851f,0.00396699195922898f,-0.19673586161657525f,0.06298406115223801f,0.9968225464008034f,0.06285900837608138f,0.7185530461201253f,-1.2222153033174077e-16f,0.06303398754217576f,-0.9980145329807433f,-0.21100940345489153f,0f,0f,0f,1f],start_interpolation:0}
execute if entity @s[tag=aj.spawner.bone.t32] run data modify entity @s {} merge value {transformation:[-0.9942517909657471f,0.10629558267201501f,0.01283063777920027f,-0.18630698523826228f,0.10705786424154039f,0.9885799599173696f,0.10605789246355926f,0.7845724502700937f,-0.0014106259050961456f,0.10682187020544442f,-0.9942771737198673f,-0.20054734583735492f,0f,0f,0f,1f],start_interpolation:0}
execute if entity @s[tag=aj.spawner.bone.t33] run data modify entity @s {} merge value {transformation:[-0.9720179824413452f,0.23221146659077876f,0.03548065098636874f,-0.17197113258462432f,0.23402052440941815f,0.944137086513989f,0.23203352349179468f,0.8380762928193384f,0.020382246338365703f,0.2338439579134683f,-0.9720604751668315f,-0.19085803933970338f,0f,0f,0f,1f],start_interpolation:0}
execute if entity @s[tag=aj.spawner.bone.t34] run data modify entity @s {} merge value {transformation:[-0.9001593635489374f,0.41747529604851863f,0.12420747724824678f,-0.16311869007605856f,0.4289642735532334f,0.8002745848646893f,0.41898716070375736f,0.8741892418314826f,0.07551670166339833f,0.43043578616194456f,-0.8994566480720624f,-0.17539611150271697f,0f,0f,0f,1f],start_interpolation:0}
execute if entity @s[tag=aj.spawner.bone.t35] run data modify entity @s {} merge value {transformation:[-0.7872072889313999f,0.5747885639905085f,0.22343408638568202f,-0.13635164580280043f,0.5996424402367998f,0.6288436669717458f,0.4949591764745693f,0.8815200691576401f,0.1439917640704883f,0.5236160322366543f,-0.8396979353699827f,-0.1691928889798033f,0f,0f,0f,1f],start_interpolation:0}
execute if entity @s[tag=aj.spawner.bone.t41] run data modify entity @s {} merge value {transformation:[-0.9980145329807433f,-0.0628590083760814f,-0.003966991959228735f,0.14231644553963801f,-0.06298406115223801f,0.9960330080407711f,0.06285900837608138f,0.7192398216466743f,-1.2222153033174077e-16f,0.062984061152238f,-0.9980145329807433f,-0.21380556486194952f,0f,0f,0f,1f],start_interpolation:0}
execute if entity @s[tag=aj.spawner.bone.t42] run data modify entity @s {} merge value {transformation:[-0.9980145329807433f,-0.0628590083760814f,-0.003966991959228735f,0.13178209158239795f,-0.06298406115223801f,0.9960330080407711f,0.06285900837608138f,0.7869305717649245f,-1.2222153033174077e-16f,0.062984061152238f,-0.9980145329807433f,-0.20323781982660358f,0f,0f,0f,1f],start_interpolation:0}
execute if entity @s[tag=aj.spawner.bone.t43] run data modify entity @s {} merge value {transformation:[-0.9980145329807433f,-0.0628590083760814f,-0.003966991959228735f,0.11853420786181618f,-0.06298406115223801f,0.9960330080407711f,0.06285900837608138f,0.8480028559906445f,-1.2222153033174077e-16f,0.062984061152238f,-0.9980145329807433f,-0.18994492975789423f,0f,0f,0f,1f],start_interpolation:0}
execute if entity @s[tag=aj.spawner.bone.t44] run data modify entity @s {} merge value {transformation:[-0.9980145329807433f,-0.0628590083760814f,-0.003966991959228735f,0.3513947381097171f,-0.06298406115223801f,0.9960330080407711f,0.06285900837608138f,0.16488769207552934f,-1.2222153033174077e-16f,0.062984061152238f,-0.9980145329807433f,0.27711980115623186f,0f,0f,0f,1f],start_interpolation:0}
execute if entity @s[tag=aj.spawner.bone.t45] run data modify entity @s {} merge value {transformation:[-0.9980145329807433f,-0.0628590083760814f,-0.003966991959228735f,0.09577069404298244f,-0.06298406115223801f,0.9960330080407711f,0.06285900837608138f,0.9110079645896637f,-1.2222153033174077e-16f,0.062984061152238f,-0.9980145329807433f,-0.16709882825138989f,0f,0f,0f,1f],start_interpolation:0}
execute if entity @s[tag=aj.spawner.bone.v61] run data modify entity @s {} merge value {transformation:[-1f,0f,1.2246467991473532e-16f,-0.09963345872519982f,0f,1f,0f,0.38940718852138173f,-1.2246467991473532e-16f,0f,-1f,-0.03125f,0f,0f,0f,1f],start_interpolation:0}
execute if entity @s[tag=aj.spawner.bone.v62] run data modify entity @s {} merge value {transformation:[-1f,0f,1.2246467991473532e-16f,0.03806003325170601f,0f,1f,0f,0.38940718852138173f,-1.2246467991473532e-16f,0f,-1f,-0.03125f,0f,0f,0f,1f],start_interpolation:0}
execute if entity @s[tag=aj.spawner.bone.heart] run data modify entity @s {} merge value {transformation:[-1.1444444444444446f,0f,1.2246467991473532e-16f,-0.03125f,0f,1f,0f,0.37499999999999994f,-1.40154022569086e-16f,0f,-1f,-0.017116477272727693f,0f,0f,0f,1f],start_interpolation:0}