execute if entity @s[tag=aj.spawner.bone.bones_right] run data modify entity @s {} merge value {transformation:[-1f,1.3711693727812626e-17f,1.2169464771194024e-16f,-0.03125f,0f,0.9937122098932426f,-0.11196447610330784f,0.7118483009759399f,-1.2246467991473532e-16f,-0.11196447610330784f,-0.9937122098932426f,-0.12500132873740133f,0f,0f,0f,1f],start_interpolation:0}
execute if entity @s[tag=aj.spawner.bone.bones_left] run data modify entity @s {} merge value {transformation:[-1f,-1.3711693727812626e-17f,1.2169464771194024e-16f,-0.031250000000000056f,0f,0.9937122098932426f,0.11196447610330784f,0.7118483009759399f,-1.2246467991473532e-16f,0.11196447610330784f,-0.9937122098932426f,0.06250132873740133f,0f,0f,0f,1f],start_interpolation:0}
execute if entity @s[tag=aj.spawner.bone.t11] run data modify entity @s {} merge value {transformation:[-0.9954883999710242f,0.09508308978551812f,-0.0006145476921122927f,-0.19721726308015058f,0.09408118512725519f,0.9883085217633796f,-0.13614584596375415f,0.7163184382807728f,-0.01231162573266402f,-0.13587774290311122f,-0.9906886145292817f,0.1462031639012244f,0f,0f,0f,1f],start_interpolation:0}
execute if entity @s[tag=aj.spawner.bone.t12] run data modify entity @s {} merge value {transformation:[-0.9860198496520113f,0.16649065421927017f,-0.006761519789562332f,-0.17950616727139265f,0.16425997307824827f,0.9643903919848502f,-0.20729166189608253f,0.779196731183462f,-0.0279913796830092f,-0.20550434035549237f,-0.9782558196905836f,0.12597847372022608f,0f,0f,0f,1f],start_interpolation:0}
execute if entity @s[tag=aj.spawner.bone.t13] run data modify entity @s {} merge value {transformation:[-0.989791431573334f,0.14225774665206017f,-0.008698017100944f,-0.16026806056223974f,0.1414384435066559f,0.9729097091606992f,-0.18287116918546342f,0.8369493513554428f,-0.017552455167997482f,-0.182234550341921f,-0.9830984080849959f,0.11079692635906789f,0f,0f,0f,1f],start_interpolation:0}
execute if entity @s[tag=aj.spawner.bone.t14] run data modify entity @s {} merge value {transformation:[-0.9918631938123447f,0.12699842903124606f,-0.00887714954084241f,-0.16032645353407776f,0.12668521224166618f,0.9777157480918564f,-0.1674000386274322f,0.8772694455192784f,-0.012580213021205778f,-0.16716254053099738f,-0.9858490874791961f,0.10281901783395263f,0f,0f,0f,1f],start_interpolation:0}
execute if entity @s[tag=aj.spawner.bone.t15] run data modify entity @s {} merge value {transformation:[-0.9936727117219311f,0.11188408564287235f,-0.009823103330536613f,-0.1471151726675687f,0.11202044998337451f,0.9809491504079892f,-0.15871415532133998f,0.8982129034127422f,-0.008121623280249166f,-0.15881031356213154f,-0.987275707966924f,0.08882179796228767f,0f,0f,0f,1f],start_interpolation:0}
execute if entity @s[tag=aj.spawner.bone.t21] run data modify entity @s {} merge value {transformation:[-0.9922479829994043f,-0.1237072599427007f,0.014076401787072713f,0.135398166457901f,-0.12426581194991333f,0.9863888090945918f,-0.12354350066196196f,0.715933990182601f,0.001395784382614544f,-0.12457002832668328f,-0.9922393150631137f,0.14568626563346726f,0f,0f,0f,1f],start_interpolation:0}
execute if entity @s[tag=aj.spawner.bone.t22] run data modify entity @s {} merge value {transformation:[-0.9825725678872074f,-0.1830818757431846f,0.0321274899408026f,0.12186500757239943f,-0.18586380267750477f,0.9654649552106461f,-0.18257071811865816f,0.7802228206533173f,0.002407423892216684f,-0.18536031677374232f,-0.982667673873391f,0.1320279272951198f,0f,0f,0f,1f],start_interpolation:0}
execute if entity @s[tag=aj.spawner.bone.t23] run data modify entity @s {} merge value {transformation:[-0.9848516077331319f,-0.171828755339876f,0.023284964758709358f,0.10416417920502097f,-0.173258956253495f,0.9697404359581793f,-0.17200238645318244f,0.8376411662921839f,0.006974584103357035f,-0.17343115552284563f,-0.9848212982417651f,0.11773850236559676f,0f,0f,0f,1f],start_interpolation:0}
execute if entity @s[tag=aj.spawner.bone.t24] run data modify entity @s {} merge value {transformation:[-0.9848516077331319f,-0.171828755339876f,0.023284964758709358f,0.09044569617793195f,-0.173258956253495f,0.9697404359581793f,-0.17200238645318244f,0.875664155666988f,0.006974584103357035f,-0.17343115552284563f,-0.9848212982417651f,0.10387389355615083f,0f,0f,0f,1f],start_interpolation:0}
execute if entity @s[tag=aj.spawner.bone.t25] run data modify entity @s {} merge value {transformation:[-0.9848284864857985f,-0.17177844177202697f,0.02459713699734073f,0.08096009705626159f,-0.17343928078075335f,0.9697754102034127f,-0.17162304520972022f,0.8960554315605378f,0.005627440656870224f,-0.17328537361005694f,-0.9848555788563501f,0.08979054278003784f,0f,0f,0f,1f],start_interpolation:0}
execute if entity @s[tag=aj.spawner.bone.t31] run data modify entity @s {} merge value {transformation:[-0.9922479829994043f,0.1237072599427007f,0.014076401787072713f,-0.195393868138143f,0.12426581194991333f,0.9863888090945918f,0.12354350066196196f,0.7157929096445758f,0.001395784382614544f,0.12457002832668328f,-0.9922393150631137f,-0.2094305661397682f,0f,0f,0f,1f],start_interpolation:0}
execute if entity @s[tag=aj.spawner.bone.t32] run data modify entity @s {} merge value {transformation:[-0.9825920417371512f,0.18316117328879872f,0.031062261899082913f,-0.18186070925264147f,0.18574368118494022f,0.9654499101740033f,0.1827724154375494f,0.780081740115292f,0.00348775209609833f,0.1853603397290789f,-0.9826644290096375f,-0.19577222780142073f,0f,0f,0f,1f],start_interpolation:0}
execute if entity @s[tag=aj.spawner.bone.t33] run data modify entity @s {} merge value {transformation:[-0.9848516077331319f,0.171828755339876f,0.023284964758709358f,-0.16775362464884286f,0.173258956253495f,0.9697404359581793f,0.17200238645318244f,0.8375026000724628f,0.006974584103357035f,0.17343115552284563f,-0.9848212982417651f,-0.17793383069370772f,0f,0f,0f,1f],start_interpolation:0}
execute if entity @s[tag=aj.spawner.bone.t34] run data modify entity @s {} merge value {transformation:[-0.9848516077331319f,0.171828755339876f,0.023284964758709358f,-0.16157634236789722f,0.173258956253495f,0.9697404359581793f,0.17200238645318244f,0.875600529773312f,0.006974584103357035f,0.17343115552284563f,-0.9848212982417651f,-0.15723637031927856f,0f,0f,0f,1f],start_interpolation:0}
execute if entity @s[tag=aj.spawner.bone.t35] run data modify entity @s {} merge value {transformation:[-0.9848626090588605f,0.1719444962170849f,0.02192559003600891f,-0.14005736279560876f,0.1731365999539489f,0.9697461916873097f,0.1720931185851013f,0.8959137224429368f,0.00832820713962542f,0.17328419988161747f,-0.9848366499258784f,-0.15442208633088644f,0f,0f,0f,1f],start_interpolation:0}
execute if entity @s[tag=aj.spawner.bone.t41] run data modify entity @s {} merge value {transformation:[-0.9937122098932426f,-0.11126046697815724f,-0.012536043909088076f,0.1467760559346534f,-0.11196447610330787f,0.9874639560909118f,0.11126046697815722f,0.7180070927475858f,-1.2256200944992864e-16f,0.11196447610330786f,-0.9937122098932426f,-0.21516352119684445f,0f,0f,0f,1f],start_interpolation:0}
execute if entity @s[tag=aj.spawner.bone.t42] run data modify entity @s {} merge value {transformation:[-0.9937122098932426f,-0.11126046697815724f,-0.012536043909088076f,0.13299454779250416f,-0.11196447610330787f,0.9874639560909118f,0.11126046697815722f,0.784500083834576f,-1.2256200944992864e-16f,0.11196447610330786f,-0.9937122098932426f,-0.20125526215290937f,0f,0f,0f,1f],start_interpolation:0}
execute if entity @s[tag=aj.spawner.bone.t43] run data modify entity @s {} merge value {transformation:[-0.9937122098932426f,-0.11126046697815724f,-0.012536043909088076f,0.11684224205026789f,-0.11196447610330787f,0.9874639560909118f,0.11126046697815722f,0.8441238472488692f,-1.2256200944992864e-16f,0.11196447610330786f,-0.9937122098932426f,-0.18494143042870348f,0f,0f,0f,1f],start_interpolation:0}
execute if entity @s[tag=aj.spawner.bone.t44] run data modify entity @s {} merge value {transformation:[-0.9937122098932426f,-0.11126046697815724f,-0.012536043909088076f,0.3854754759069715f,-0.11196447610330787f,0.9874639560909118f,0.11126046697815722f,0.15130322164273513f,-1.2256200944992864e-16f,0.11196447610330786f,-0.9937122098932426f,0.2473265223325532f,0f,0f,0f,1f],start_interpolation:0}
execute if entity @s[tag=aj.spawner.bone.t45] run data modify entity @s {} merge value {transformation:[-0.9937122098932426f,-0.11126046697815724f,-0.012536043909088076f,0.09114372079262346f,-0.11196447610330787f,0.9874639560909118f,0.11126046697815722f,0.9047407016845572f,-1.2256200944992864e-16f,0.11196447610330786f,-0.9937122098932426f,-0.15896165774892584f,0f,0f,0f,1f],start_interpolation:0}
execute if entity @s[tag=aj.spawner.bone.v11] run data modify entity @s {} merge value {transformation:[-1f,0f,1.2946266162414877e-16f,-0.030800627695997784f,0f,1f,0f,0.6526466891732801f,-1.2246467991473532e-16f,0f,-1.0571428571428572f,-0.031250000000000056f,0f,0f,0f,1f],start_interpolation:0}
execute if entity @s[tag=aj.spawner.bone.v21] run data modify entity @s {} merge value {transformation:[-1f,0f,1.3995963418826896e-16f,-0.08549492101734665f,0f,1f,0f,0.6282246178250585f,-1.2246467991473532e-16f,0f,-1.142857142857143f,-0.03125f,0f,0f,0f,1f],start_interpolation:0}
execute if entity @s[tag=aj.spawner.bone.v22] run data modify entity @s {} merge value {transformation:[-1f,0f,1.3995963418826896e-16f,0.02392149852408563f,0f,1f,0f,0.6282246178250586f,-1.2246467991473532e-16f,0f,-1.142857142857143f,-0.03125f,0f,0f,0f,1f],start_interpolation:0}
execute if entity @s[tag=aj.spawner.bone.heart] run data modify entity @s {} merge value {transformation:[-1.2571428571428573f,0f,1.2246467991473532e-16f,-0.03125f,0f,1f,0f,0.37499999999999994f,-1.5395559760709585e-16f,0f,-1f,-0.017116477272727693f,0f,0f,0f,1f],start_interpolation:0}