execute if entity @s[tag=aj.spawner.bone.bones_right] run data modify entity @s {} merge value {transformation:[-1f,3.698804132091708e-18f,1.224088096282739e-16f,-0.03125f,0f,0.9995437844895334f,-0.030203027800888876f,0.7076072295473684f,-1.2246467991473532e-16f,-0.030203027800888876f,-0.9995437844895334f,-0.1246750924736651f,0f,0f,0f,1f],start_interpolation:0}
execute if entity @s[tag=aj.spawner.bone.bones_left] run data modify entity @s {} merge value {transformation:[-1f,-3.698804132091708e-18f,1.224088096282739e-16f,-0.031250000000000056f,0f,0.9995437844895334f,0.030203027800888876f,0.7076072295473684f,-1.2246467991473532e-16f,0.030203027800888876f,-0.9995437844895334f,0.062175092473665095f,0f,0f,0f,1f],start_interpolation:0}
execute if entity @s[tag=aj.spawner.bone.t11] run data modify entity @s {} merge value {transformation:[-0.9962924048153099f,0.0861813514181358f,0.0001126024010799211f,-0.19710924500300805f,0.08529559491841823f,0.9896585180703451f,-0.12923663020234574f,0.7160528909894243f,-0.011229674743268614f,-0.12897201591575427f,-0.991613775990754f,0.14604350112938635f,0f,0f,0f,1f],start_interpolation:0}
execute if entity @s[tag=aj.spawner.bone.t12] run data modify entity @s {} merge value {transformation:[-0.9850817226131902f,0.17193220015746527f,-0.007301939635694428f,-0.17920732030774184f,0.1694753941894041f,0.9618927270016356f,-0.21457043716622037f,0.7782388627580044f,-0.029867884722157984f,-0.21260691496367218f,-0.9766812218794081f,0.12553576950054424f,0f,0f,0f,1f],start_interpolation:0}
execute if entity @s[tag=aj.spawner.bone.t13] run data modify entity @s {} merge value {transformation:[-0.983557283753931f,0.17983515105876852f,-0.016564661730896664f,-0.1579729806391298f,0.1789959932025595f,0.9585478103253897f,-0.2216901660828235f,0.8338127487625956f,-0.023989664274816264f,-0.22100998566596602f,-0.9749764521484152f,0.10816246271663824f,0f,0f,0f,1f],start_interpolation:0}
execute if entity @s[tag=aj.spawner.bone.t14] run data modify entity @s {} merge value {transformation:[-0.9816072402349776f,0.19010822376164238f,-0.017495404438429424f,-0.15734128252950744f,0.18893226288101575f,0.954180692473574f,-0.23204268174909046f,0.8736103139035877f,-0.02741944494204182f,-0.23108022279901896f,-0.9725482531320623f,0.09963619623256985f,0f,0f,0f,1f],start_interpolation:0}
execute if entity @s[tag=aj.spawner.bone.t15] run data modify entity @s {} merge value {transformation:[-0.9795417502513746f,0.20067376952537555f,-0.015099593999516192f,-0.14263300486797298f,0.1984452073502751f,0.9507463830340298f,-0.2381193289664161f,0.8917037947025561f,-0.03342841896022131f,-0.23624426632658502f,-0.9711185238855417f,0.08423286725454254f,0f,0f,0f,1f],start_interpolation:0}
execute if entity @s[tag=aj.spawner.bone.t21] run data modify entity @s {} merge value {transformation:[-0.9920660160815423f,-0.12491829976513409f,0.015805019736097176f,0.135058339929926f,-0.12571801675216265f,0.9857552893789554f,-0.1247205720289906f,0.7151500726246621f,-1.1975832363773593e-16f,-0.1259173258031112f,-0.9920660160815423f,0.1452556731794288f,0f,0f,0f,1f],start_interpolation:0}
execute if entity @s[tag=aj.spawner.bone.t22] run data modify entity @s {} merge value {transformation:[-0.9780208187679182f,-0.20459367713579407f,0.040208274429339566f,0.12075748591197223f,-0.20848184715902174f,0.9565361078324095f,-0.20389701767801224f,0.7782865384806472f,0.003255374278468676f,-0.20779822349789184f,-0.9781662950896578f,0.13079046503317512f,0f,0f,0f,1f],start_interpolation:0}
execute if entity @s[tag=aj.spawner.bone.t23] run data modify entity @s {} merge value {transformation:[-0.9759787115054755f,-0.21473176749643988f,0.036821498013616366f,0.10436720925258873f,-0.2175844950932445f,0.9521086210637953f,-0.21481657568962415f,0.8340098863079638f,0.011069877286118196f,-0.21766819180544744f,-0.9759600484102908f,0.11383163285352636f,0f,0f,0f,1f],start_interpolation:0}
execute if entity @s[tag=aj.spawner.bone.t24] run data modify entity @s {} merge value {transformation:[-0.9722606258363418f,-0.22948164697137358f,0.04524874751450116f,0.09009251156638245f,-0.2336923047743701f,0.9448931298344352f,-0.22927032054090207f,0.871126683702483f,0.009858100099315831f,-0.23348478942961343f,-0.9723104807454463f,0.09924568346870126f,0f,0f,0f,1f],start_interpolation:0}
execute if entity @s[tag=aj.spawner.bone.t25] run data modify entity @s {} merge value {transformation:[-0.9682347679893603f,-0.24390861159720437f,0.05504564692429089f,0.08145894048683387f,-0.24997669526671604f,0.9391670608793316f,-0.23553531281489332f,0.8895414863318344f,0.0057520326947061665f,-0.24181360786358236f,-0.970305669967911f,0.08370848386711624f,0f,0f,0f,1f],start_interpolation:0}
execute if entity @s[tag=aj.spawner.bone.t31] run data modify entity @s {} merge value {transformation:[-0.9920660160815423f,0.12491829976513409f,0.015805019736097176f,-0.19505407092580868f,0.12571801675216265f,0.9857552893789554f,0.1247205720289906f,0.7149914028294234f,-1.1975832363773593e-16f,0.1259173258031112f,-0.9920660160815423f,-0.2089979123647829f,0f,0f,0f,1f],start_interpolation:0}
execute if entity @s[tag=aj.spawner.bone.t32] run data modify entity @s {} merge value {transformation:[-0.9780209253680584f,0.20459315498657174f,0.04020833837461271f,-0.18075321690785498f,0.20848134808674523f,0.9565361090449258f,0.20389752228295283f,0.7781278686854084f,0.0032553098378003244f,0.20779873201209514f,-0.9781661872770011f,-0.19453270421852922f,0f,0f,0f,1f],start_interpolation:0}
execute if entity @s[tag=aj.spawner.bone.t33] run data modify entity @s {} merge value {transformation:[-0.9760017839914794f,0.21486538775973935f,0.035403146587647885f,-0.16411686427357886f,0.21740243392548195f,0.9520788554151547f,0.21513259816830466f,0.8338809576490968f,0.012517961843930229f,0.21766652984376267f,-0.9759429196510667f,-0.17805082685430446f,0f,0f,0f,1f],start_interpolation:0}
execute if entity @s[tag=aj.spawner.bone.t34] run data modify entity @s {} merge value {transformation:[-0.9723870695144138f,0.23033843106990814f,0.03751791856465282f,-0.1571174381816608f,0.23269455537951098f,0.9446876404353658f,0.23112443813970146f,0.8713496504389213f,0.01779412650012479f,0.23347263047499628f,-0.972200545094058f,-0.15709007941461262f,0f,0f,0f,1f],start_interpolation:0}
execute if entity @s[tag=aj.spawner.bone.t35] run data modify entity @s {} merge value {transformation:[-0.9685562522994262f,0.246250163943564f,0.035491448117230096f,-0.13418637074364717f,0.2474401273452497f,0.9385656842925709f,0.2405573520967187f,0.8893756234256116f,0.025926232102964287f,0.24177533585166613f,-0.969985833640243f,-0.15460504528382776f,0f,0f,0f,1f],start_interpolation:0}
execute if entity @s[tag=aj.spawner.bone.t41] run data modify entity @s {} merge value {transformation:[-0.9920660160815423f,-0.12472057202899062f,-0.015805019736096933f,0.14606796790063412f,-0.12571801675216265f,0.984194980263903f,0.1247205720289906f,0.7174140185541068f,-1.2322777058968954e-16f,0.12571801675216263f,-0.9920660160815423f,-0.21455690297213623f,0f,0f,0f,1f],start_interpolation:0}
execute if entity @s[tag=aj.spawner.bone.t42] run data modify entity @s {} merge value {transformation:[-0.9920660160815423f,-0.12472057202899062f,-0.015805019736096933f,0.13139179734648201f,-0.12571801675216265f,0.984194980263903f,0.1247205720289906f,0.7835121822673671f,-1.2322777058968954e-16f,0.12571801675216263f,-0.9920660160815423f,-0.19971337671991551f,0f,0f,0f,1f],start_interpolation:0}
execute if entity @s[tag=aj.spawner.bone.t43] run data modify entity @s {} merge value {transformation:[-0.9920660160815423f,-0.12472057202899062f,-0.015805019736096933f,0.11444431475393158f,-0.12571801675216265f,0.984194980263903f,0.1247205720289906f,0.8426765067640376f,-1.2322777058968954e-16f,0.12571801675216263f,-0.9920660160815423f,-0.1825553817721409f,0f,0f,0f,1f],start_interpolation:0}
execute if entity @s[tag=aj.spawner.bone.t44] run data modify entity @s {} merge value {transformation:[-0.9920660160815423f,-0.12472057202899062f,-0.015805019736096933f,0.39339236788569676f,-0.12571801675216265f,0.984194980263903f,0.1247205720289906f,0.14777167184765794f,-1.2322777058968954e-16f,0.12571801675216263f,-0.9920660160815423f,0.23971830986141351f,0f,0f,0f,1f],start_interpolation:0}
execute if entity @s[tag=aj.spawner.bone.t45] run data modify entity @s {} merge value {transformation:[-0.9920660160815423f,-0.12472057202899062f,-0.015805019736096933f,0.087954633533052f,-0.12571801675216265f,0.984194980263903f,0.1247205720289906f,0.9025685788042092f,-1.2322777058968954e-16f,0.12571801675216263f,-0.9920660160815423f,-0.15570389912125154f,0f,0f,0f,1f],start_interpolation:0}
execute if entity @s[tag=aj.spawner.bone.v21] run data modify entity @s {} merge value {transformation:[-1f,0f,1.4507354389899417e-16f,-0.08549492101734665f,0f,1f,0f,0.6282246178250585f,-1.2246467991473532e-16f,0f,-1.1846153846153848f,-0.03125f,0f,0f,0f,1f],start_interpolation:0}
execute if entity @s[tag=aj.spawner.bone.v22] run data modify entity @s {} merge value {transformation:[-1f,0f,1.4507354389899417e-16f,0.02392149852408563f,0f,1f,0f,0.6282246178250586f,-1.2246467991473532e-16f,0f,-1.1846153846153848f,-0.03125f,0f,0f,0f,1f],start_interpolation:0}
execute if entity @s[tag=aj.spawner.bone.v31] run data modify entity @s {} merge value {transformation:[-1f,0f,1.2434875191342356e-16f,-0.14883150298131478f,0f,1f,0f,0.5591048674991094f,-1.2246467991473532e-16f,0f,-1.0153846153846153f,-0.03125f,0f,0f,0f,1f],start_interpolation:0}
execute if entity @s[tag=aj.spawner.bone.v32] run data modify entity @s {} merge value {transformation:[-1f,0f,1.2434875191342356e-16f,0.08725808048805375f,0f,1f,0f,0.5591048674991094f,-1.2246467991473532e-16f,0f,-1.0153846153846153f,-0.03125f,0f,0f,0f,1f],start_interpolation:0}
execute if entity @s[tag=aj.spawner.bone.heart] run data modify entity @s {} merge value {transformation:[-1.2888888888888892f,0f,1.2246467991473532e-16f,-0.03125f,0f,1f,0f,0.37499999999999994f,-1.5784336522343667e-16f,0f,-1f,-0.017116477272727693f,0f,0f,0f,1f],start_interpolation:0}