execute if entity @s[tag=aj.spawner.bone.bones_right] run data modify entity @s {} merge value {transformation:[-1f,6.8666493735787304e-18f,1.2227202031944557e-16f,-0.03125f,0f,0.9984268150178166f,-0.056070447237191644f,0.7089465152616541f,-1.2246467991473532e-16f,-0.056070447237191644f,-0.9984268150178166f,-0.12477811445168707f,0f,0f,0f,1f],start_interpolation:0}
execute if entity @s[tag=aj.spawner.bone.bones_left] run data modify entity @s {} merge value {transformation:[-1f,-6.8666493735787304e-18f,1.2227202031944557e-16f,-0.031250000000000056f,0f,0.9984268150178166f,0.056070447237191644f,0.7089465152616541f,-1.2246467991473532e-16f,0.056070447237191644f,-0.9984268150178166f,0.06227811445168707f,0f,0f,0f,1f],start_interpolation:0}
execute if entity @s[tag=aj.spawner.bone.t11] run data modify entity @s {} merge value {transformation:[-0.9964119557774883f,0.08478525331402108f,0.0002650233404821643f,-0.19713215940587384f,0.08391144146096856f,0.9900386817593946f,-0.12745571576452674f,0.716109649679205f,-0.011049179862006826f,-0.12720104159027787f,-0.9918442268227311f,0.1460774822870905f,0f,0f,0f,1f],start_interpolation:0}
execute if entity @s[tag=aj.spawner.bone.t12] run data modify entity @s {} merge value {transformation:[-0.9854657803056849f,0.16973552324453922f,-0.006859154132257888f,-0.1792774216779181f,0.16731397374326162f,0.962839169526734f,-0.21200652776579365f,0.778364412149035f,-0.029380776653225863f,-0.2100728106490023f,-0.9772441783859761f,0.12563985957289928f,0f,0f,0f,1f],start_interpolation:0}
execute if entity @s[tag=aj.spawner.bone.t13] run data modify entity @s {} merge value {transformation:[-0.9823595934919229f,0.18614425427471165f,-0.01788702532271657f,-0.15786879853363506f,0.18528929222406934f,0.9559861826348257f,-0.22750449841354126f,0.8335414591015788f,-0.02524890614437468f,-0.22680550084115036f,-0.9736127348831811f,0.10804347055197318f,0f,0f,0f,1f],start_interpolation:0}
execute if entity @s[tag=aj.spawner.bone.t14] run data modify entity @s {} merge value {transformation:[-0.9778280149668682f,0.20840222279050155f,-0.02051552295049795f,-0.15701252250589193f,0.20684506647230977f,0.9459216980987761f,-0.24989449682214576f,0.873123023306952f,-0.03267249029412967f,-0.24859737448715308f,-0.968055707992094f,0.09941047252383076f,0f,0f,0f,1f],start_interpolation:0}
execute if entity @s[tag=aj.spawner.bone.t15] run data modify entity @s {} merge value {transformation:[-0.9727702245130752f,0.23103667162800245f,-0.018443065467431158f,-0.14194539792732846f,0.22766358255866093f,0.9375825907243371f,-0.26288434481192663f,0.8903525183331711f,-0.04344402694660301f,-0.25992487748134985f,-0.964651063643724f,0.08369664890259658f,0f,0f,0f,1f],start_interpolation:0}
execute if entity @s[tag=aj.spawner.bone.t21] run data modify entity @s {} merge value {transformation:[-0.9926638528881818f,-0.12020285281251292f,0.014618475169190136f,0.13517532186153722f,-0.12090688635966942f,0.9868836308137837f,-0.12001989565450302f,0.7154255739235192f,-1.1983153753090228e-16f,-0.12109119563765673f,-0.9926638528881818f,0.145405735568678f,0f,0f,0f,1f],start_interpolation:0}
execute if entity @s[tag=aj.spawner.bone.t22] run data modify entity @s {} merge value {transformation:[-0.9796716393513752f,-0.197075894329878f,0.03747760564213844f,0.1211584502152134f,-0.20058906091903095f,0.959782164558714f,-0.1964235862482178f,0.7788135416781445f,0.0027400164616599434f,-0.1999482144683181f,-0.9798026351468551f,0.1312390843655977f,0f,0f,0f,1f],start_interpolation:0}
execute if entity @s[tag=aj.spawner.bone.t23] run data modify entity @s {} merge value {transformation:[-0.9757717854573932f,-0.21554064516748025f,0.03757197075051137f,0.10517255904628825f,-0.21852967721890856f,0.9517414528285306f,-0.21548314816346442f,0.8343672889256727f,0.01068657475015011f,-0.2184729668600312f,-0.9757844843363134f,0.11439282485514127f,0f,0f,0f,1f],start_interpolation:0}
execute if entity @s[tag=aj.spawner.bone.t24] run data modify entity @s {} merge value {transformation:[-0.9686285180141515f,-0.2426266079260286f,0.05376916603423767f,0.09101968534243808f,-0.24837509867778412f,0.9379478554056325f,-0.2419992373888305f,0.8711793514028197f,0.008282780119575107f,-0.24776228459207372f,-0.968785448841593f,0.09983955804730629f,0f,0f,0f,1f],start_interpolation:0}
execute if entity @s[tag=aj.spawner.bone.t25] run data modify entity @s {} merge value {transformation:[-0.9605286606593852f,-0.268894775410179f,0.071276165784902f,0.08254662512571219f,-0.2781730511267917f,0.9264954892877232f,-0.2534282185478044f,0.8890517875026174f,0.0021084778155779672f,-0.2632521758440217f,-0.9647247515404014f,0.08406204360123919f,0f,0f,0f,1f],start_interpolation:0}
execute if entity @s[tag=aj.spawner.bone.t31] run data modify entity @s {} merge value {transformation:[-0.9926638528881818f,0.12020285281251292f,0.014618475169190136f,-0.19517104142626618f,0.12090688635966942f,0.9868836308137837f,0.12001989565450302f,0.7152730668078902f,-1.1983153753090228e-16f,0.12109119563765673f,-0.9926638528881818f,-0.20914872334968565f,0f,0f,0f,1f],start_interpolation:0}
execute if entity @s[tag=aj.spawner.bone.t32] run data modify entity @s {} merge value {transformation:[-0.9788718076798518f,0.20070606532465246f,0.03907760831314454f,-0.1811770359389987f,0.20445717575061756f,0.9582300261730513f,0.19998119967755562f,0.7784732999327275f,0.0026921020895011045f,0.20374565586114862f,-0.9790201531654239f,-0.1950051072948982f,0f,0f,0f,1f],start_interpolation:0}
execute if entity @s[tag=aj.spawner.bone.t33] run data modify entity @s {} merge value {transformation:[-0.9753018850764502f,0.21792429203679584f,0.035989386026771f,-0.1644152994250888f,0.2204737559990761f,0.9506855791240914f,0.21814731848260493f,0.8339917863249697f,0.013325009642865834f,0.22069420605388018f,-0.9752520246235149f,-0.1793264848278444f,0f,0f,0f,1f],start_interpolation:0}
execute if entity @s[tag=aj.spawner.bone.t34] run data modify entity @s {} merge value {transformation:[-0.9700776024201722f,0.23958331903850438f,0.03936087551395012f,-0.1574515620677766f,0.24191837885305992f,0.9400245646705198f,0.24047726667838537f,0.8714931703827774f,0.020614151834063614f,0.24280372949049633f,-0.9698563840536741f,-0.15865815969983316f,0f,0f,0f,1f],start_interpolation:0}
execute if entity @s[tag=aj.spawner.bone.t35] run data modify entity @s {} merge value {transformation:[-0.9643881496847997f,0.26178746827938976f,0.03772026245131073f,-0.13429422047272557f,0.2626369189990841f,0.9309822923461065f,0.25356226082888855f,0.8890253168123927f,0.031262525908774985f,0.2544391730647155f,-0.9665833444064442f,-0.15634164926674127f,0f,0f,0f,1f],start_interpolation:0}
execute if entity @s[tag=aj.spawner.bone.t41] run data modify entity @s {} merge value {transformation:[-0.9926638528881818f,-0.12001989565450304f,-0.014618475169189894f,0.14577506241181196f,-0.12090688635966942f,0.98538152483081f,0.12001989565450302f,0.7175253945570564f,-1.233009844828559e-16f,0.12090688635966941f,-0.9926638528881818f,-0.21449712772947094f,0f,0f,0f,1f],start_interpolation:0}
execute if entity @s[tag=aj.spawner.bone.t42] run data modify entity @s {} merge value {transformation:[-0.9926638528881818f,-0.12001989565450304f,-0.014618475169189894f,0.13141091097482122f,-0.12090688635966942f,0.98538152483081f,0.12001989565450302f,0.7837645820015853f,-1.233009844828559e-16f,0.12090688635966941f,-0.9926638528881818f,-0.19998063021169266f,0f,0f,0f,1f],start_interpolation:0}
execute if entity @s[tag=aj.spawner.bone.t43] run data modify entity @s {} merge value {transformation:[-0.9926638528881818f,-0.12001989565450304f,-0.014618475169189894f,0.11474049208029924f,-0.12090688635966942f,0.98538152483081f,0.12001989565450302f,0.8430922387221279f,-1.233009844828559e-16f,0.12090688635966941f,-0.9926638528881818f,-0.18311772619338662f,0f,0f,0f,1f],start_interpolation:0}
execute if entity @s[tag=aj.spawner.bone.t44] run data modify entity @s {} merge value {transformation:[-0.9926638528881818f,-0.12001989565450304f,-0.014618475169189894f,0.3900677325270633f,-0.12090688635966942f,0.98538152483081f,0.12001989565450302f,0.148883862779721f,-1.233009844828559e-16f,0.12090688635966941f,-0.9926638528881818f,0.24266327152887984f,0f,0f,0f,1f],start_interpolation:0}
execute if entity @s[tag=aj.spawner.bone.t45] run data modify entity @s {} merge value {transformation:[-0.9926638528881818f,-0.12001989565450304f,-0.014618475169189894f,0.08852583559574143f,-0.12090688635966942f,0.98538152483081f,0.12001989565450302f,0.9032405241263837f,-1.233009844828559e-16f,0.12090688635966941f,-0.9926638528881818f,-0.15657076453438015f,0f,0f,0f,1f],start_interpolation:0}
execute if entity @s[tag=aj.spawner.bone.v61] run data modify entity @s {} merge value {transformation:[-1f,0f,1.434586250429757e-16f,-0.09963345872519982f,0f,1f,0f,0.38940718852138173f,-1.2246467991473532e-16f,0f,-1.1714285714285717f,-0.03125f,0f,0f,0f,1f],start_interpolation:0}
execute if entity @s[tag=aj.spawner.bone.v62] run data modify entity @s {} merge value {transformation:[-1f,0f,1.434586250429757e-16f,0.03806003325170601f,0f,1f,0f,0.38940718852138173f,-1.2246467991473532e-16f,0f,-1.1714285714285717f,-0.03125f,0f,0f,0f,1f],start_interpolation:0}
execute if entity @s[tag=aj.spawner.bone.heart] run data modify entity @s {} merge value {transformation:[-1.2777777777777781f,0f,1.2246467991473532e-16f,-0.03125f,0f,1f,0f,0.37499999999999994f,-1.564826465577174e-16f,0f,-1f,-0.017116477272727693f,0f,0f,0f,1f],start_interpolation:0}