execute if entity @s[tag=aj.spawner.bone.bones_right] run data modify entity @s {} merge value {transformation:[-1f,7.394233360552941e-18f,1.222412497466721e-16f,-0.03125f,0f,0.9981755542233175f,-0.06037849742228611f,0.7091697295473685f,-1.2246467991473532e-16f,-0.06037849742228611f,-0.9981755542233175f,-0.12479528478135737f,0f,0f,0f,1f],start_interpolation:0}
execute if entity @s[tag=aj.spawner.bone.bones_left] run data modify entity @s {} merge value {transformation:[-1f,-7.394233360552941e-18f,1.222412497466721e-16f,-0.031250000000000056f,0f,0.9981755542233175f,0.06037849742228611f,0.7091697295473685f,-1.2246467991473532e-16f,0.06037849742228611f,-0.9981755542233175f,0.062295284781357374f,0f,0f,0f,1f],start_interpolation:0}
execute if entity @s[tag=aj.spawner.bone.t11] run data modify entity @s {} merge value {transformation:[-0.9964400428965482f,0.08444343327512403f,0.0003020902158980026f,-0.19713857239387686f,0.0835828739381092f,0.9900085184456896f,-0.12701628946993723f,0.716125492942288f,-0.011006547895289945f,-0.12674828596285365f,-0.9919005852154693f,0.1460869816421771f,0f,0f,0f,1f],start_interpolation:0}
execute if entity @s[tag=aj.spawner.bone.t12] run data modify entity @s {} merge value {transformation:[-0.985521967857836f,0.16941180627552213f,-0.0067890179027214744f,-0.17929776209126416f,0.1669958717620275f,0.9629889885645595f,-0.21157643233084175f,0.7783910367000375f,-0.029305796083010236f,-0.20964695990610444f,-0.9773378753113323f,0.1256700504326485f,0f,0f,0f,1f],start_interpolation:0}
execute if entity @s[tag=aj.spawner.bone.t13] run data modify entity @s {} merge value {transformation:[-0.9821597259054021f,0.18717501357864866f,-0.018104891638947462f,-0.15786540162602686f,0.18631820024446594f,0.9555704629409131f,-0.22840888470581078f,0.8335101164598822f,-0.025451936411370037f,-0.22770727842280752f,-0.9733969356260526f,0.10804210737993755f,0f,0f,0f,1f],start_interpolation:0}
execute if entity @s[tag=aj.spawner.bone.t14] run data modify entity @s {} merge value {transformation:[-0.97711279242284f,0.21167097697394943f,-0.02111843721807626f,-0.1569698714578757f,0.2100486265948787f,0.9443776603920518f,-0.253042306775052f,0.8730522572014551f,-0.03361793195967378f,-0.2516867737075751f,-0.9672246908508005f,0.09939335219056362f,0f,0f,0f,1f],start_interpolation:0}
execute if entity @s[tag=aj.spawner.bone.t15] run data modify entity @s {} merge value {transformation:[-0.971428500088005f,0.23655371349067253f,-0.019209629109948043f,-0.1418392769200938f,0.23297427457409875f,0.9350215183044096f,-0.2673158201348901f,0.8901262972293448f,-0.04527313335126475f,-0.26415355561015885f,-0.9634174808747604f,0.08362547829733483f,0f,0f,0f,1f],start_interpolation:0}
execute if entity @s[tag=aj.spawner.bone.t21] run data modify entity @s {} merge value {transformation:[-0.9926638528881819f,-0.12020285281251286f,0.014618475169190123f,0.1351753218615372f,-0.12090688635966937f,0.9868836308137837f,-0.12001989565450297f,0.7154255739235192f,-1.206988992688907e-16f,-0.12109119563765668f,-0.9926638528881819f,0.145405735568678f,0f,0f,0f,1f],start_interpolation:0}
execute if entity @s[tag=aj.spawner.bone.t22] run data modify entity @s {} merge value {transformation:[-0.9796716393513754f,-0.1970758943298779f,0.03747760564213841f,0.1211584502152134f,-0.20058906091903086f,0.959782164558714f,-0.1964235862482177f,0.7788135416781445f,0.002740016461659938f,-0.199948214468318f,-0.9798026351468552f,0.1312390843655977f,0f,0f,0f,1f],start_interpolation:0}
execute if entity @s[tag=aj.spawner.bone.t23] run data modify entity @s {} merge value {transformation:[-0.9755613040346486f,-0.21642152966584505f,0.03797187863816659f,0.10519422698232078f,-0.2194668447524016f,0.9513301688584477f,-0.21634512676319428f,0.8343314047231554f,0.010697949553122152f,-0.2193915023806827f,-0.9755782503513011f,0.11436288814612587f,0f,0f,0f,1f],start_interpolation:0}
execute if entity @s[tag=aj.spawner.bone.t24] run data modify entity @s {} merge value {transformation:[-0.967799645993126f,-0.24551938534106452f,0.05553446350984101f,0.09103305404564214f,-0.25159114026908524f,0.9363570631333502f,-0.24482105395245035f,0.8710695923243238f,0.008108227530196277f,-0.25090970834551823f,-0.9679765363397429f,0.0997838366514719f,0f,0f,0f,1f],start_interpolation:0}
execute if entity @s[tag=aj.spawner.bone.t25] run data modify entity @s {} merge value {transformation:[-0.9589354562792224f,-0.2736895980637386f,0.07440964051968528f,0.08257336253212029f,-0.28361986335385003f,0.9238500527056683f,-0.2570230597181451f,0.8888322693456254f,0.0016011875914503128f,-0.2675725771215035f,-0.9635363782291014f,0.08395060080957042f,0f,0f,0f,1f],start_interpolation:0}
execute if entity @s[tag=aj.spawner.bone.t31] run data modify entity @s {} merge value {transformation:[-0.9926638528881819f,0.12020285281251286f,0.014618475169190123f,-0.19517104142626615f,0.12090688635966937f,0.9868836308137837f,0.12001989565450297f,0.7152730668078902f,-1.206988992688907e-16f,0.12109119563765668f,-0.9926638528881819f,-0.20914872334968565f,0f,0f,0f,1f],start_interpolation:0}
execute if entity @s[tag=aj.spawner.bone.t32] run data modify entity @s {} merge value {transformation:[-0.9796717379997744f,0.1970753926864719f,0.037477664841533954f,-0.18115416977994242f,0.20058857993648396f,0.9597821656117326f,0.19642407228422312f,0.7786610345625153f,0.0027399568548110613f,0.19994870384957697f,-0.9798025354454376f,-0.19498207214660535f,0f,0f,0f,1f],start_interpolation:0}
execute if entity @s[tag=aj.spawner.bone.t33] run data modify entity @s {} merge value {transformation:[-0.9756039851670544f,0.2167075696550678f,0.03513820400014962f,-0.16469864808396023f,0.21911644536080727f,0.9512658945391227f,0.21698198372013988f,0.8342361730425981f,0.013595863290226474f,0.21938784638369702f,-0.9755429900114689f,-0.17906036040106466f,0f,0f,0f,1f],start_interpolation:0}
execute if entity @s[tag=aj.spawner.bone.t34] run data modify entity @s {} merge value {transformation:[-0.9680335497263755f,0.2475805266931664f,0.04018618427379285f,-0.15753612957927496f,0.2496708633506474f,0.9358233410835203f,0.24879536626918833f,0.8715871744462675f,0.023989718587246044f,0.25087558088744216f,-0.9677220346341677f,-0.15855202209853683f,0f,0f,0f,1f],start_interpolation:0}
execute if entity @s[tag=aj.spawner.bone.t35] run data modify entity @s {} merge value {transformation:[-0.9594744260440303f,0.27902107720501707f,0.039446980148428526f,-0.13433648614638047f,0.27919515343049994f,0.9222859116294558f,0.26728030887205867f,0.8886725127867333f,0.03819544564994905f,0.26746202662280005f,-0.9628110781697656f,-0.1558067066189912f,0f,0f,0f,1f],start_interpolation:0}
execute if entity @s[tag=aj.spawner.bone.t41] run data modify entity @s {} merge value {transformation:[-0.9926638528881819f,-0.12001989565450298f,-0.01461847516918988f,0.14577506241181196f,-0.12090688635966937f,0.98538152483081f,0.12001989565450297f,0.7175253945570566f,-1.2243362274486752e-16f,0.12090688635966935f,-0.9926638528881819f,-0.21449712772947097f,0f,0f,0f,1f],start_interpolation:0}
execute if entity @s[tag=aj.spawner.bone.t42] run data modify entity @s {} merge value {transformation:[-0.9926638528881819f,-0.12001989565450298f,-0.01461847516918988f,0.13141091097482122f,-0.12090688635966937f,0.98538152483081f,0.12001989565450297f,0.7837645820015853f,-1.2243362274486752e-16f,0.12090688635966935f,-0.9926638528881819f,-0.19998063021169266f,0f,0f,0f,1f],start_interpolation:0}
execute if entity @s[tag=aj.spawner.bone.t43] run data modify entity @s {} merge value {transformation:[-0.9926638528881819f,-0.12001989565450298f,-0.01461847516918988f,0.11474049208029924f,-0.12090688635966937f,0.98538152483081f,0.12001989565450297f,0.8430922387221279f,-1.2243362274486752e-16f,0.12090688635966935f,-0.9926638528881819f,-0.18311772619338662f,0f,0f,0f,1f],start_interpolation:0}
execute if entity @s[tag=aj.spawner.bone.t44] run data modify entity @s {} merge value {transformation:[-0.9926638528881819f,-0.12001989565450298f,-0.01461847516918988f,0.3900677325270633f,-0.12090688635966937f,0.98538152483081f,0.12001989565450297f,0.148883862779721f,-1.2243362274486752e-16f,0.12090688635966935f,-0.9926638528881819f,0.24266327152887995f,0f,0f,0f,1f],start_interpolation:0}
execute if entity @s[tag=aj.spawner.bone.t45] run data modify entity @s {} merge value {transformation:[-0.9926638528881819f,-0.12001989565450298f,-0.01461847516918988f,0.08852583559574143f,-0.12090688635966937f,0.98538152483081f,0.12001989565450297f,0.9032405241263837f,-1.2243362274486752e-16f,0.12090688635966935f,-0.9926638528881819f,-0.15657076453438015f,0f,0f,0f,1f],start_interpolation:0}
execute if entity @s[tag=aj.spawner.bone.v21] run data modify entity @s {} merge value {transformation:[-1f,0f,1.4318947190030593e-16f,-0.08549492101734665f,0f,1f,0f,0.6282246178250585f,-1.2246467991473532e-16f,0f,-1.1692307692307693f,-0.03125f,0f,0f,0f,1f],start_interpolation:0}
execute if entity @s[tag=aj.spawner.bone.v22] run data modify entity @s {} merge value {transformation:[-1f,0f,1.4318947190030593e-16f,0.02392149852408563f,0f,1f,0f,0.6282246178250586f,-1.2246467991473532e-16f,0f,-1.1692307692307693f,-0.03125f,0f,0f,0f,1f],start_interpolation:0}
execute if entity @s[tag=aj.spawner.bone.v31] run data modify entity @s {} merge value {transformation:[-1f,0f,1.262328239121118e-16f,-0.14883150298131478f,0f,1f,0f,0.5591048674991094f,-1.2246467991473532e-16f,0f,-1.0307692307692309f,-0.03125f,0f,0f,0f,1f],start_interpolation:0}
execute if entity @s[tag=aj.spawner.bone.v32] run data modify entity @s {} merge value {transformation:[-1f,0f,1.262328239121118e-16f,0.08725808048805375f,0f,1f,0f,0.5591048674991094f,-1.2246467991473532e-16f,0f,-1.0307692307692309f,-0.03125f,0f,0f,0f,1f],start_interpolation:0}
execute if entity @s[tag=aj.spawner.bone.heart] run data modify entity @s {} merge value {transformation:[-1.277777777777778f,0f,1.2246467991473532e-16f,-0.03125f,0f,1f,0f,0.37499999999999994f,-1.5648264655771738e-16f,0f,-1f,-0.017116477272727693f,0f,0f,0f,1f],start_interpolation:0}