execute if entity @s[tag=aj.spawner.bone.bones_right] run data modify entity @s {} merge value {transformation:[-1f,1.371169372781264e-17f,1.2169464771194024e-16f,-0.03125f,0f,0.9937122098932426f,-0.11196447610330795f,0.7118483009759399f,-1.2246467991473532e-16f,-0.11196447610330795f,-0.9937122098932426f,-0.12500132873740133f,0f,0f,0f,1f],start_interpolation:0}
execute if entity @s[tag=aj.spawner.bone.bones_left] run data modify entity @s {} merge value {transformation:[-1f,-1.371169372781264e-17f,1.2169464771194024e-16f,-0.031250000000000056f,0f,0.9937122098932426f,0.11196447610330795f,0.7118483009759399f,-1.2246467991473532e-16f,0.11196447610330795f,-0.9937122098932426f,0.06250132873740133f,0f,0f,0f,1f],start_interpolation:0}
execute if entity @s[tag=aj.spawner.bone.t11] run data modify entity @s {} merge value {transformation:[-0.999996951289285f,0.002384565721178319f,0.0006418858181589927f,-0.19980778514583697f,0.002381175346648533f,1.0000514642616243f,-0.004988524155836558f,0.7215516153113095f,-0.0006537706813693219f,-0.004987313351035989f,-0.9999873512246757f,0.14975162519225638f,0f,0f,0f,1f],start_interpolation:0}
execute if entity @s[tag=aj.spawner.bone.t12] run data modify entity @s {} merge value {transformation:[-0.9999243850033009f,0.012229721064920485f,0.0012877105439400714f,-0.18719864887285292f,0.012209289597758907f,0.9998154714188965f,-0.014830925760984104f,0.7897875182589342f,-0.0014688510097319051f,-0.01481408228963259f,-0.9998891865815067f,0.1369809872961572f,0f,0f,0f,1f],start_interpolation:0}
execute if entity @s[tag=aj.spawner.bone.t13] run data modify entity @s {} merge value {transformation:[-0.9987542392621278f,0.04988997668978864f,0.0009796845515526028f,-0.1753232164236312f,0.049770106213330924f,0.9973839610978068f,-0.052422997552243826f,0.8501748735879204f,-0.003592503784544155f,-0.052308932035945346f,-0.998624488757319f,0.13078614905322433f,0f,0f,0f,1f],start_interpolation:0}
execute if entity @s[tag=aj.spawner.bone.t14] run data modify entity @s {} merge value {transformation:[-0.9941627838711057f,0.1078294848423665f,0.003627859462983054f,-0.1769702793104692f,0.10676308561845489f,0.9880662335796947f,-0.11102595015969403f,0.8899296208428304f,-0.015556436445400184f,-0.10999054622223786f,-0.9938108859470467f,0.12650490004924336f,0f,0f,0f,1f],start_interpolation:0}
execute if entity @s[tag=aj.spawner.bone.t15] run data modify entity @s {} merge value {transformation:[-0.9861607805116501f,0.1656120899038774f,0.007716907302998373f,-0.16502994274798258f,0.16277617347376616f,0.9760112257945216f,-0.14458908835840284f,0.9106310431205118f,-0.03147748925647362f,-0.14133195958715664f,-0.9894616944932043f,0.1145260581536928f,0f,0f,0f,1f],start_interpolation:0}
execute if entity @s[tag=aj.spawner.bone.t21] run data modify entity @s {} merge value {transformation:[-0.9998119704485015f,-0.019392414332220168f,0.00037602374788508824f,0.1380998235299162f,-0.019391331771824383f,0.9998677869780302f,-0.019387685628408365f,0.7209047416913553f,-1.2244165293589653e-16f,-0.019396061364939467f,-0.9998119704485015f,0.148712154475459f,0f,0f,0f,1f],start_interpolation:0}
execute if entity @s[tag=aj.spawner.bone.t22] run data modify entity @s {} merge value {transformation:[-0.9994782937245553f,-0.03224079077845256f,0.0019161898213934411f,0.1305294212564678f,-0.032285817874969425f,0.9989592170591776f,-0.0322196929944946f,0.7889237323220419f,-0.0008754071029344832f,-0.03226474953405385f,-0.9994789740659425f,0.14113915306925576f,0f,0f,0f,1f],start_interpolation:0}
execute if entity @s[tag=aj.spawner.bone.t23] run data modify entity @s {} merge value {transformation:[-0.9976053541108846f,-0.0688561977622787f,0.006510105914547531f,0.11597248981584352f,-0.06914122873333693f,0.9952357221067699f,-0.06874116620963618f,0.8488132323389804f,-0.0017458346259158852f,-0.06902667218067524f,-0.9976132870953156f,0.13416767824671116f,0f,0f,0f,1f],start_interpolation:0}
execute if entity @s[tag=aj.spawner.bone.t24] run data modify entity @s {} merge value {transformation:[-0.9915105070074784f,-0.12668377924090676f,0.02929393403103282f,0.10540376505988944f,-0.1294027126249776f,0.9834281473214008f,-0.12698038045814306f,0.8872483929932213f,-0.012722124786008192f,-0.1296930959351287f,-0.9914725656354244f,0.12314860628936111f,0f,0f,0f,1f],start_interpolation:0}
execute if entity @s[tag=aj.spawner.bone.t25] run data modify entity @s {} merge value {transformation:[-0.9816486743442508f,-0.18173477161828425f,0.05777848166077829f,0.09651229911904467f,-0.18863816338345224f,0.9698165270787803f,-0.15450419774288218f,0.9082707358702168f,-0.027955741333272076f,-0.162568067558496f,-0.9863012217050142f,0.11068177275045166f,0f,0f,0f,1f],start_interpolation:0}
execute if entity @s[tag=aj.spawner.bone.t31] run data modify entity @s {} merge value {transformation:[-0.9998119704485015f,0.019392414332220168f,0.00037602374788508824f,-0.19809547574809988f,0.019391331771824383f,0.9998677869780302f,0.019387685628408365f,0.7208804558059658f,-1.2244165293589653e-16f,0.019396061364939467f,-0.9998119704485015f,-0.212464092942803f,0f,0f,0f,1f],start_interpolation:0}
execute if entity @s[tag=aj.spawner.bone.t32] run data modify entity @s {} merge value {transformation:[-0.99947829627776f,0.03224071153665352f,0.0019161913570372104f,-0.19052507347465153f,0.03228573879322047f,0.9989592170613212f,0.03221977217188379f,0.7888994464366523f,-0.0008754086373951602f,0.032264828650443125f,-0.9994789715105943f,-0.20489109153659973f,0f,0f,0f,1f],start_interpolation:0}
execute if entity @s[tag=aj.spawner.bone.t33] run data modify entity @s {} merge value {transformation:[-0.9976073959471783f,0.06912492768777634f,0.0011081171641402427f,-0.18400503125190198f,0.06903607533810327f,0.9952171238290821f,0.06911509776656037f,0.8488062861865545f,0.0036747589582857873f,0.06902623276355997f,-0.9976080770207654f,-0.1907781026394232f,0f,0f,0f,1f],start_interpolation:0}
execute if entity @s[tag=aj.spawner.bone.t34] run data modify entity @s {} merge value {transformation:[-0.9915217030027068f,0.12994118797092513f,0.000011971496724624592f,-0.18002898418667915f,0.12882649711463715f,0.9830039574902277f,0.1307935518277685f,0.8881634411573663f,0.016983701474779615f,0.12968618749603006f,-0.9914096260663199f,-0.1746523014626741f,0f,0f,0f,1f],start_interpolation:0}
execute if entity @s[tag=aj.spawner.bone.t35] run data modify entity @s {} merge value {transformation:[-0.98167211704505f,0.19055491756930687f,-0.0029458456246741153f,-0.16008005131650133f,0.18742710252357422f,0.9681270532131903f,0.16613575797028832f,0.9082464630067683f,0.03450993850917932f,0.16253870993366254f,-0.986098489968012f,-0.17086295418047975f,0f,0f,0f,1f],start_interpolation:0}
execute if entity @s[tag=aj.spawner.bone.t41] run data modify entity @s {} merge value {transformation:[-0.9998119704485015f,-0.01938768562840837f,-0.0003760237478848433f,0.13982284226653774f,-0.019391331771824383f,0.9996239762521151f,0.019387685628408365f,0.7209791652982683f,-1.2244165293589653e-16f,0.01939133177182438f,-0.9998119704485015f,-0.21332599981387917f,0f,0f,0f,1f],start_interpolation:0}
execute if entity @s[tag=aj.spawner.bone.t42] run data modify entity @s {} merge value {transformation:[-0.9998119704485015f,-0.01938768562840837f,-0.0003760237478848433f,0.13224346421270577f,-0.019391331771824383f,0.9996239762521151f,0.019387685628408365f,0.789460944806849f,-1.2244165293589653e-16f,0.01939133177182438f,-0.9998119704485015f,-0.20574402093926317f,0f,0f,0f,1f],start_interpolation:0}
execute if entity @s[tag=aj.spawner.bone.t43] run data modify entity @s {} merge value {transformation:[-0.9998119704485015f,-0.01938768562840837f,-0.0003760237478848433f,0.12166202186061198f,-0.019391331771824383f,0.9996239762521151f,0.019387685628408365f,0.8515738900344789f,-1.2244165293589653e-16f,0.01939133177182438f,-0.9998119704485015f,-0.19515882548056943f,0f,0f,0f,1f],start_interpolation:0}
execute if entity @s[tag=aj.spawner.bone.t44] run data modify entity @s {} merge value {transformation:[-0.9998119704485015f,-0.01938768562840837f,-0.0003760237478848433f,0.3240959410265653f,-0.019391331771824383f,0.9996239762521151f,0.019387685628408365f,0.17998363139682605f,-1.2244165293589653e-16f,0.01939133177182438f,-0.9998119704485015f,0.3018390109896874f,0f,0f,0f,1f],start_interpolation:0}
execute if entity @s[tag=aj.spawner.bone.t45] run data modify entity @s {} merge value {transformation:[-0.9998119704485015f,-0.01938768562840837f,-0.0003760237478848433f,0.1016502809906111f,-0.019391331771824383f,0.9996239762521151f,0.019387685628408365f,0.916447106899769f,-1.2244165293589653e-16f,0.01939133177182438f,-0.9998119704485015f,-0.17513979488713424f,0f,0f,0f,1f],start_interpolation:0}
execute if entity @s[tag=aj.spawner.bone.v31] run data modify entity @s {} merge value {transformation:[-1f,0f,1.2946266162414877e-16f,-0.14883150298131478f,0f,1f,0f,0.5591048674991094f,-1.2246467991473532e-16f,0f,-1.0571428571428572f,-0.03125f,0f,0f,0f,1f],start_interpolation:0}
execute if entity @s[tag=aj.spawner.bone.v32] run data modify entity @s {} merge value {transformation:[-1f,0f,1.2946266162414877e-16f,0.08725808048805375f,0f,1f,0f,0.5591048674991094f,-1.2246467991473532e-16f,0f,-1.0571428571428572f,-0.03125f,0f,0f,0f,1f],start_interpolation:0}
execute if entity @s[tag=aj.spawner.bone.v41] run data modify entity @s {} merge value {transformation:[-1f,0f,1.3995963418826896e-16f,-0.17228970872519958f,0f,1f,0f,0.4987821885213817f,-1.2246467991473532e-16f,0f,-1.142857142857143f,-0.03125f,0f,0f,0f,1f],start_interpolation:0}
execute if entity @s[tag=aj.spawner.bone.v42] run data modify entity @s {} merge value {transformation:[-1f,0f,1.3995963418826896e-16f,0.11071628623193838f,0f,1f,0f,0.4987821885213818f,-1.2246467991473532e-16f,0f,-1.142857142857143f,-0.03125f,0f,0f,0f,1f],start_interpolation:0}
execute if entity @s[tag=aj.spawner.bone.heart] run data modify entity @s {} merge value {transformation:[-1.0444444444444445f,0f,1.2246467991473532e-16f,-0.03125f,0f,1f,0f,0.37499999999999994f,-1.2790755457761245e-16f,0f,-1f,-0.017116477272727693f,0f,0f,0f,1f],start_interpolation:0}