execute if entity @s[tag=aj.spawner.bone.bones_right] run data modify entity @s {} merge value {transformation:[-1f,3.058879644897931e-17f,1.185829808970136e-16f,-0.03125f,0f,0.9683035221222615f,-0.24977647816722687f,0.7191027652616542f,-1.2246467991473532e-16f,-0.24977647816722687f,-0.9683035221222615f,-0.12555936445168703f,0f,0f,0f,1f],start_interpolation:0}
execute if entity @s[tag=aj.spawner.bone.bones_left] run data modify entity @s {} merge value {transformation:[-1f,-3.058879644897931e-17f,1.185829808970136e-16f,-0.031250000000000056f,0f,0.9683035221222615f,0.24977647816722687f,0.7191027652616542f,-1.2246467991473532e-16f,0.24977647816722687f,-0.9683035221222615f,0.06305936445168706f,0f,0f,0f,1f],start_interpolation:0}
execute if entity @s[tag=aj.spawner.bone.t11] run data modify entity @s {} merge value {transformation:[-0.9998414796578436f,0.01766451143176847f,0.0022744298999566896f,-0.19917765594884007f,0.017585690483976405f,0.9997325851202474f,-0.029015466757301416f,0.7204393720446611f,-0.0027855063840569357f,-0.028979807464826587f,-0.9995763750997151f,0.148926163649993f,0f,0f,0f,1f],start_interpolation:0}
execute if entity @s[tag=aj.spawner.bone.t12] run data modify entity @s {} merge value {transformation:[-0.998901730964766f,0.04673228762394604f,0.003380113759527901f,-0.18537938830379014f,0.046457737356001505f,0.9972320329493978f,-0.05805127991157623f,0.7874022762800357f,-0.006083626825780222f,-0.05783049155112009f,-0.9983078802311443f,0.13443062402094458f,0f,0f,0f,1f],start_interpolation:0}
execute if entity @s[tag=aj.spawner.bone.t13] run data modify entity @s {} merge value {transformation:[-0.9892296569655038f,0.14610032153569852f,-0.008909647977190452f,-0.16905965769562625f,0.14567965959919094f,0.9768144425320195f,-0.15687887569690062f,0.8436585928634921f,-0.014216981359480234f,-0.1564871908752446f,-0.9875776610135524f,0.12261478470560415f,0f,0f,0f,1f],start_interpolation:0}
execute if entity @s[tag=aj.spawner.bone.t14] run data modify entity @s {} merge value {transformation:[-0.9530563362115717f,0.2992161923805897f,-0.04640355831439562f,-0.16779770991535614f,0.2984362848284163f,0.9023433258508714f,-0.3109860224997265f,0.8817161408077541f,-0.051180112395225984f,-0.3102357047627658f,-0.9492809929549638f,0.11585796857705184f,0f,0f,0f,1f],start_interpolation:0}
execute if entity @s[tag=aj.spawner.bone.t15] run data modify entity @s {} merge value {transformation:[-0.8921129704236787f,0.44240970990763534f,-0.09169567373264036f,-0.15129150694856677f,0.4409084219878229f,0.8081467997757549f,-0.3905105804359389f,0.8943151460901895f,-0.09866210732621093f,-0.3888089487031491f,-0.9160204091538044f,0.09928743904195941f,0f,0f,0f,1f],start_interpolation:0}
execute if entity @s[tag=aj.spawner.bone.t21] run data modify entity @s {} merge value {transformation:[-0.9990482215818578f,-0.04360178605933913f,0.001902650954127358f,0.1373255447517139f,-0.04361938736533602f,0.9986450853959589f,-0.04357787137382911f,0.7196570004270744f,-1.223481206754078e-16f,-0.04364332483401213f,-0.9990482215818578f,0.1478988869593016f,0f,0f,0f,1f],start_interpolation:0}
execute if entity @s[tag=aj.spawner.bone.t22] run data modify entity @s {} merge value {transformation:[-0.9973580878860123f,-0.07234806363634455f,0.006527037339316138f,0.12814279989435423f,-0.07263086324186438f,0.9947387509885669f,-0.07224662612501433f,0.7866915255682685f,-0.0012657934661633459f,-0.07252982124462631f,-0.9973654409478622f,0.13870143955488695f,0f,0f,0f,1f],start_interpolation:0}
execute if entity @s[tag=aj.spawner.bone.t23] run data modify entity @s {} merge value {transformation:[-0.987894139732452f,-0.15307363953480616f,0.02517199955996165f,0.11506124929316174f,-0.1551247233157103f,0.9760480590968337f,-0.15253362432437031f,0.8432356780931133f,-0.0012202042873207175f,-0.15459187304923908f,-0.9879776636587617f,0.12704960044119848f,0f,0f,0f,1f],start_interpolation:0}
execute if entity @s[tag=aj.spawner.bone.t24] run data modify entity @s {} merge value {transformation:[-0.9572539681334706f,-0.2700076527801723f,0.10373383215164748f,0.10311806223731271f,-0.2883568485563136f,0.9189629858042462f,-0.2689932315364385f,0.8788243370866329f,-0.022697321062087328f,-0.28740719921721986f,-0.9575395205706749f,0.11407972570267402f,0f,0f,0f,1f],start_interpolation:0}
execute if entity @s[tag=aj.spawner.bone.t25] run data modify entity @s {} merge value {transformation:[-0.9083039829876751f,-0.37052734790740244f,0.1941477760403965f,0.09504903843803197f,-0.41481805449873516f,0.857682196533885f,-0.3038210516252855f,0.8947638651267302f,-0.05394308250934101f,-0.3564978740490844f,-0.9327375888468705f,0.09795262732568434f,0f,0f,0f,1f],start_interpolation:0}
execute if entity @s[tag=aj.spawner.bone.t31] run data modify entity @s {} merge value {transformation:[-0.9990482215818578f,0.04360178605933913f,0.001902650954127358f,-0.19732119805994883f,0.04361938736533602f,0.9986450853959589f,0.04357787137382911f,0.719602329382871f,-1.223481206754078e-16f,0.04364332483401213f,-0.9990482215818578f,-0.21164986908023867f,0f,0f,0f,1f],start_interpolation:0}
execute if entity @s[tag=aj.spawner.bone.t32] run data modify entity @s {} merge value {transformation:[-0.9973581007965341f,0.07234788495651015f,0.00652704510863343f,-0.1881384532025892f,0.07263068582064547f,0.9947387510189082f,0.07224680407163606f,0.7866368545240651f,-0.0012658012297558383f,0.07252999906012858f,-0.9973654280069991f,-0.20245242167582403f,0f,0f,0f,1f],start_interpolation:0}
execute if entity @s[tag=aj.spawner.bone.t33] run data modify entity @s {} merge value {transformation:[-0.987917365389722f,0.15441873393103386f,0.013195975620138797f,-0.17751077218606395f,0.1545930448550744f,0.9758372725993076f,0.1544105174150442f,0.8432686538163812f,0.010966751746423784f,0.1545848376040848f,-0.9879186496564639f,-0.1903545788917867f,0f,0f,0f,1f],start_interpolation:0}
execute if entity @s[tag=aj.spawner.bone.t34] run data modify entity @s {} merge value {transformation:[-0.9573812616504013f,0.2858025952511962f,0.04168928385529136f,-0.17097349550226515f,0.2854436831458822f,0.9142293081060934f,0.28758768393651174f,0.8809774755167386f,0.04407974129687426f,0.287231002413623f,-0.9568465538735382f,-0.1744415665075021f,0f,0f,0f,1f],start_interpolation:0}
execute if entity @s[tag=aj.spawner.bone.t35] run data modify entity @s {} merge value {transformation:[-0.908571023270605f,0.4113216432370483f,0.07289171062459751f,-0.14744818958862793f,0.40869665082833795f,0.8391917428290617f,0.3587816416279146f,0.8947088790058059f,0.08640453272083198f,0.3557692012700033f,-0.9305710785066332f,-0.16928567184255533f,0f,0f,0f,1f],start_interpolation:0}
execute if entity @s[tag=aj.spawner.bone.t41] run data modify entity @s {} merge value {transformation:[-0.9990482215818578f,-0.04357787137382912f,-0.0019026509541271133f,0.1411950899160232f,-0.04361938736533602f,0.9980973490458728f,0.04357787137382911f,0.7199653066850494f,-1.223481206754078e-16f,0.043619387365336014f,-0.9990482215818578f,-0.2135876781307206f,0f,0f,0f,1f],start_interpolation:0}
execute if entity @s[tag=aj.spawner.bone.t42] run data modify entity @s {} merge value {transformation:[-0.9990482215818578f,-0.04357787137382912f,-0.0019026509541271133f,0.1319669514426491f,-0.04361938736533602f,0.9980973490458728f,0.04357787137382911f,0.7880395165648325f,-1.223481206754078e-16f,0.043619387365336014f,-0.9990482215818578f,-0.2043447938644672f,0f,0f,0f,1f],start_interpolation:0}
execute if entity @s[tag=aj.spawner.bone.t43] run data modify entity @s {} merge value {transformation:[-0.9990482215818578f,-0.04357787137382912f,-0.0019026509541271133f,0.11989509475714984f,-0.04361938736533602f,0.9980973490458728f,0.04357787137382911f,0.8496031265795199f,-1.223481206754078e-16f,0.043619387365336014f,-0.9990482215818578f,-0.19225250507680375f,0f,0f,0f,1f],start_interpolation:0}
execute if entity @s[tag=aj.spawner.bone.t44] run data modify entity @s {} merge value {transformation:[-0.9990482215818578f,-0.04357787137382912f,-0.0019026509541271133f,0.33906455456316276f,-0.04361938736533602f,0.9980973490458728f,0.04357787137382911f,0.17128014351051246f,-1.223481206754078e-16f,0.043619387365336014f,-0.9990482215818578f,0.2882290191368719f,0f,0f,0f,1f],start_interpolation:0}
execute if entity @s[tag=aj.spawner.bone.t45] run data modify entity @s {} merge value {transformation:[-0.9990482215818578f,-0.04357787137382912f,-0.0019026509541271133f,0.09833881749897236f,-0.04361938736533602f,0.9980973490458728f,0.04357787137382911f,0.9134683165092954f,-1.223481206754078e-16f,0.043619387365336014f,-0.9990482215818578f,-0.17065782862629397f,0f,0f,0f,1f],start_interpolation:0}
execute if entity @s[tag=aj.spawner.bone.v31] run data modify entity @s {} merge value {transformation:[-1f,0f,1.382101387609156e-16f,-0.14883150298131478f,0f,1f,0f,0.5591048674991094f,-1.2246467991473532e-16f,0f,-1.1285714285714288f,-0.03125f,0f,0f,0f,1f],start_interpolation:0}
execute if entity @s[tag=aj.spawner.bone.v32] run data modify entity @s {} merge value {transformation:[-1f,0f,1.382101387609156e-16f,0.08725808048805375f,0f,1f,0f,0.5591048674991094f,-1.2246467991473532e-16f,0f,-1.1285714285714288f,-0.03125f,0f,0f,0f,1f],start_interpolation:0}
execute if entity @s[tag=aj.spawner.bone.v41] run data modify entity @s {} merge value {transformation:[-1f,0f,1.3121215705150213e-16f,-0.17228970872519958f,0f,1f,0f,0.4987821885213817f,-1.2246467991473532e-16f,0f,-1.0714285714285714f,-0.03125f,0f,0f,0f,1f],start_interpolation:0}
execute if entity @s[tag=aj.spawner.bone.v42] run data modify entity @s {} merge value {transformation:[-1f,0f,1.3121215705150213e-16f,0.11071628623193838f,0f,1f,0f,0.4987821885213818f,-1.2246467991473532e-16f,0f,-1.0714285714285714f,-0.03125f,0f,0f,0f,1f],start_interpolation:0}
execute if entity @s[tag=aj.spawner.bone.heart] run data modify entity @s {} merge value {transformation:[-1.1f,0f,1.2246467991473532e-16f,-0.03125f,0f,1f,0f,0.37499999999999994f,-1.3471114790620887e-16f,0f,-1f,-0.017116477272727693f,0f,0f,0f,1f],start_interpolation:0}