execute if entity @s[tag=aj.spawner.bone.bones_right] run data modify entity @s {} merge value {transformation:[-1f,1.0293220632125757e-17f,1.2203133792447315e-16f,-0.03125f,0f,0.9964614941176192f,-0.08405052492924733f,0.7103974081187969f,-1.2246467991473532e-16f,-0.08405052492924733f,-0.9964614941176192f,-0.1248897215945442f,0f,0f,0f,1f],start_interpolation:0}
execute if entity @s[tag=aj.spawner.bone.bones_left] run data modify entity @s {} merge value {transformation:[-1f,-1.0293220632125757e-17f,1.2203133792447315e-16f,-0.031250000000000056f,0f,0.9964614941176192f,0.08405052492924733f,0.7103974081187969f,-1.2246467991473532e-16f,0.08405052492924733f,-0.9964614941176192f,0.0623897215945442f,0f,0f,0f,1f],start_interpolation:0}
execute if entity @s[tag=aj.spawner.bone.t11] run data modify entity @s {} merge value {transformation:[-0.9965709427313615f,0.08288139449742585f,0.00047804079809100203f,-0.19717187761669486f,0.08203399339806723f,0.9904468705921462f,-0.1248929304621917f,0.7162074831871399f,-0.010806480957806114f,-0.12463607821602318f,-0.9921701101109435f,0.14613624004603878f,0f,0f,0f,1f],start_interpolation:0}
execute if entity @s[tag=aj.spawner.bone.t12] run data modify entity @s {} merge value {transformation:[-0.9860142927356403f,0.16654403116279673f,-0.006237002892462869f,-0.17939911107746068f,0.16417874452143955f,0.9642148430237986f,-0.20817078647100185f,0.7785771997099766f,-0.028655791184315372f,-0.20628335409488804f,-0.9780726064331646f,0.12582033101581852f,0f,0f,0f,1f],start_interpolation:0}
execute if entity @s[tag=aj.spawner.bone.t13] run data modify entity @s {} merge value {transformation:[-0.9809732120035256f,0.19317105405135163f,-0.01940363904466635f,-0.15784135109688027f,0.1923041961707953f,0.9530925060349965f,-0.233738681169879f,0.8333231761042057f,-0.02665808445087878f,-0.23302278604595703f,-0.9721058212544507f,0.10801564877748944f,0f,0f,0f,1f],start_interpolation:0}
execute if entity @s[tag=aj.spawner.bone.t14] run data modify entity @s {} merge value {transformation:[-0.9726316845029246f,0.23098634514227764f,-0.025157795189883623f,-0.15670331772453555f,0.22901453371898417f,0.9347371319572929f,-0.2716962228035765f,0.872627440723954f,-0.039242192172199306f,-0.27002185559333347f,-0.9620541813512653f,0.09926142725978201f,0f,0f,0f,1f],start_interpolation:0}
execute if entity @s[tag=aj.spawner.bone.t15] run data modify entity @s {} merge value {transformation:[-0.9627650340798843f,0.26919056748186704f,-0.02489834395998315f,-0.141199830581971f,0.2644452554411805f,0.9186432051186716f,-0.2935359749058755f,0.8887801444739264f,-0.05614442116370967f,-0.2891904218124874f,-0.9556237250634307f,0.08317416236930614f,0f,0f,0f,1f],start_interpolation:0}
execute if entity @s[tag=aj.spawner.bone.t21] run data modify entity @s {} merge value {transformation:[-0.993238357741943f,-0.11547667869127554f,0.013477564710088211f,0.13529441518428728f,-0.11609291412523026f,0.9879661266586288f,-0.11530793537122011f,0.7156998631999169f,-1.2250397929789283e-16f,-0.11626280619468184f,-0.993238357741943f,0.14555649355289743f,0f,0f,0f,1f],start_interpolation:0}
execute if entity @s[tag=aj.spawner.bone.t22] run data modify entity @s {} merge value {transformation:[-0.9812590016637075f,-0.18951798147554422f,0.034838288582814896f,0.12156378949154242f,-0.19268026215573023f,0.9629058152958214f,-0.1889092571715013f,0.7793366852187176f,0.002255710429840919f,-0.1920815596743337f,-0.9813763733672888f,0.13168984628791522f,0f,0f,0f,1f],start_interpolation:0}
execute if entity @s[tag=aj.spawner.bone.t23] run data modify entity @s {} merge value {transformation:[-0.9754591805919356f,-0.21677404537507222f,0.0385797907023315f,0.10599095864784618f,-0.21994162231745717f,0.9511698331279329f,-0.2165678446116719f,0.8347005668956312f,0.010250354690184916f,-0.21973839400320183f,-0.9755049812428531f,0.11493815576653245f,0f,0f,0f,1f],start_interpolation:0}
execute if entity @s[tag=aj.spawner.bone.t24] run data modify entity @s {} merge value {transformation:[-0.9643399955825521f,-0.25687067166704564f,0.06376386874370189f,0.09195221427839194f,-0.2645888097525554f,0.9298219020317974f,-0.25578114132143637f,0.8711713369302005f,0.006413631854826112f,-0.26353119082812837f,-0.9646295541746268f,0.10040063813607988f,0f,0f,0f,1f],start_interpolation:0}
execute if entity @s[tag=aj.spawner.bone.t25] run data modify entity @s {} merge value {transformation:[-0.9511280699173033f,-0.29524745016710924f,0.09046732993299848f,0.0836402787308947f,-0.3087891843706067f,0.9114151892048913f,-0.271977191143573f,0.8884483019195487f,-0.0021527264389927248f,-0.2866204738961132f,-0.958041789126365f,0.08434861859653836f,0f,0f,0f,1f],start_interpolation:0}
execute if entity @s[tag=aj.spawner.bone.t31] run data modify entity @s {} merge value {transformation:[-0.993238357741943f,0.11547667869127554f,0.013477564710088211f,-0.19529012460734863f,0.11609291412523026f,0.9879661266586288f,0.11530793537122011f,0.715553511751442f,-1.2250397929789283e-16f,0.11626280619468184f,-0.993238357741943f,-0.20930020071389585f,0f,0f,0f,1f],start_interpolation:0}
execute if entity @s[tag=aj.spawner.bone.t32] run data modify entity @s {} merge value {transformation:[-0.9802266152728473f,0.19439953434792356f,0.036940543526699454f,-0.18158915630538863f,0.19786643104324145f,0.9609009276995789f,0.19369636706014637f,0.7789365985759807f,0.0021582810168447675f,0.19717562778243986f,-0.9803658060293888f,-0.1954634127375261f,0f,0f,0f,1f],start_interpolation:0}
execute if entity @s[tag=aj.spawner.bone.t33] run data modify entity @s {} merge value {transformation:[-0.9744600257164916f,0.2215827339001781f,0.03645202762450002f,-0.16487158267572122f,0.2240890329353803f,0.9489958510349585f,0.2217903966282603f,0.834198743852488f,0.014552099460232554f,0.2242943752209534f,-0.9744127819592382f,-0.1804915380441242f,0f,0f,0f,1f],start_interpolation:0}
execute if entity @s[tag=aj.spawner.bone.t34] run data modify entity @s {} merge value {transformation:[-0.9650599663485842f,0.25842148774294393f,0.0433312361235294f,-0.1577469897754465f,0.2606540786605983f,0.9298591642614448f,0.259656284184693f,0.8715831191259289f,0.026808816252572653f,0.26187834830648166f,-0.9647284685648108f,-0.16027268903841804f,0f,0f,0f,1f],start_interpolation:0}
execute if entity @s[tag=aj.spawner.bone.t35] run data modify entity @s {} merge value {transformation:[-0.9542192309912932f,0.29589637822944725f,0.04371490085864515f,-0.13425221066554419f,0.29594085058359104f,0.9127649362166967f,0.2815655947895444f,0.8881154993456254f,0.04341281103828584f,0.2816123302769699f,-0.9585456813703398f,-0.1577705889039573f,0f,0f,0f,1f],start_interpolation:0}
execute if entity @s[tag=aj.spawner.bone.t41] run data modify entity @s {} merge value {transformation:[-0.993238357741943f,-0.11530793537122012f,-0.013477564710087968f,0.1454827069505898f,-0.11609291412523026f,0.9865224352899119f,0.11530793537122011f,0.7176416303245301f,-1.2076925582191603e-16f,0.11609291412523025f,-0.993238357741943f,-0.21443764049531955f,0f,0f,0f,1f],start_interpolation:0}
execute if entity @s[tag=aj.spawner.bone.t42] run data modify entity @s {} merge value {transformation:[-0.993238357741943f,-0.11530793537122012f,-0.013477564710087968f,0.13143178143736933f,-0.11609291412523026f,0.9865224352899119f,0.11530793537122011f,0.784018792441358f,-1.2076925582191603e-16f,0.11609291412523025f,-0.993238357741943f,-0.20024851291332293f,0f,0f,0f,1f],start_interpolation:0}
execute if entity @s[tag=aj.spawner.bone.t43] run data modify entity @s {} merge value {transformation:[-0.993238357741943f,-0.11530793537122012f,-0.013477564710087968f,0.11503977804199444f,-0.11609291412523026f,0.9865224352899119f,0.11530793537122011f,0.8435070616829481f,-1.2076925582191603e-16f,0.11609291412523025f,-0.993238357741943f,-0.18368109617666534f,0f,0f,0f,1f],start_interpolation:0}
execute if entity @s[tag=aj.spawner.bone.t44] run data modify entity @s {} merge value {transformation:[-0.993238357741943f,-0.11530793537122012f,-0.013477564710087968f,0.3867575499586937f,-0.11609291412523026f,0.9865224352899119f,0.11530793537122011f,0.15003073655563182f,-1.2076925582191603e-16f,0.11609291412523025f,-0.993238357741943f,0.24559719991402978f,0f,0f,0f,1f],start_interpolation:0}
execute if entity @s[tag=aj.spawner.bone.t45] run data modify entity @s {} merge value {transformation:[-0.993238357741943f,-0.11530793537122012f,-0.013477564710087968f,0.0891021799139109f,-0.11609291412523026f,0.9865224352899119f,0.11530793537122011f,0.9039088305707896f,-1.2076925582191603e-16f,0.11609291412523025f,-0.993238357741943f,-0.1574392794795359f,0f,0f,0f,1f],start_interpolation:0}
execute if entity @s[tag=aj.spawner.bone.v61] run data modify entity @s {} merge value {transformation:[-1f,0f,1.4170912961562235e-16f,-0.09963345872519982f,0f,1f,0f,0.38940718852138173f,-1.2246467991473532e-16f,0f,-1.1571428571428575f,-0.03125f,0f,0f,0f,1f],start_interpolation:0}
execute if entity @s[tag=aj.spawner.bone.v62] run data modify entity @s {} merge value {transformation:[-1f,0f,1.4170912961562235e-16f,0.03806003325170601f,0f,1f,0f,0.38940718852138173f,-1.2246467991473532e-16f,0f,-1.1571428571428575f,-0.03125f,0f,0f,0f,1f],start_interpolation:0}
execute if entity @s[tag=aj.spawner.bone.heart] run data modify entity @s {} merge value {transformation:[-1.266666666666667f,0f,1.2246467991473532e-16f,-0.03125f,0f,1f,0f,0.37499999999999994f,-1.5512192789199812e-16f,0f,-1f,-0.017116477272727693f,0f,0f,0f,1f],start_interpolation:0}