execute if entity @s[tag=aj.spawner.bone.bones_right] run data modify entity @s {} merge value {transformation:[-1f,6.8666493735787805e-18f,1.2227202031944554e-16f,-0.03125f,0f,0.9984268150178165f,-0.05607044723719205f,0.7089465152616541f,-1.2246467991473532e-16f,-0.05607044723719205f,-0.9984268150178165f,-0.12477811445168707f,0f,0f,0f,1f],start_interpolation:0}
execute if entity @s[tag=aj.spawner.bone.bones_left] run data modify entity @s {} merge value {transformation:[-1f,-6.8666493735787805e-18f,1.2227202031944554e-16f,-0.031250000000000056f,0f,0.9984268150178165f,0.05607044723719205f,0.7089465152616541f,-1.2246467991473532e-16f,0.05607044723719205f,-0.9984268150178165f,0.06227811445168707f,0f,0f,0f,1f],start_interpolation:0}
execute if entity @s[tag=aj.spawner.bone.t11] run data modify entity @s {} merge value {transformation:[-0.995889465955098f,0.09076296568472508f,-0.0002622444292394555f,-0.19713586856132084f,0.08980321484434094f,0.9890331389846502f,-0.1332811648977534f,0.7161188153453029f,-0.011813306196441694f,-0.13303015512487779f,-0.991078232185208f,0.14608297711728446f,0f,0f,0f,1f],start_interpolation:0}
execute if entity @s[tag=aj.spawner.bone.t12] run data modify entity @s {} merge value {transformation:[-0.9849446969085902f,0.17270098190702185f,-0.007636418008185974f,-0.17928018519778988f,0.17028868887909304f,0.9616868479612083f,-0.21484917709471338f,0.7784833720597755f,-0.02976082108216604f,-0.21291495322495918f,-0.9766173847632085f,0.1256438928633566f,0f,0f,0f,1f],start_interpolation:0}
execute if entity @s[tag=aj.spawner.bone.t13] run data modify entity @s {} merge value {transformation:[-0.9872192240291732f,0.1589066575744338f,-0.012119318700273538f,-0.1590069410009018f,0.15808698929540574f,0.9668242028109192f,-0.20064761317928798f,0.8353483467235578f,-0.020166990919605138f,-0.19999908759180013f,-0.9795885143465577f,0.10935565149395833f,0f,0f,0f,1f],start_interpolation:0}
execute if entity @s[tag=aj.spawner.bone.t14] run data modify entity @s {} merge value {transformation:[-0.9889221020034459f,0.14796162626403575f,-0.011850456632048343f,-0.15886169227764327f,0.14751037147262266f,0.970722976971758f,-0.18957212951037095f,0.8755552386653505f,-0.01654589003635421f,-0.18922013405657914f,-0.9817952813038546f,0.10115455851322022f,0f,0f,0f,1f],start_interpolation:0}
execute if entity @s[tag=aj.spawner.bone.t15] run data modify entity @s {} merge value {transformation:[-0.9904826849928307f,0.1371571523904873f,-0.011487657617007572f,-0.14507958215782055f,0.13692686335951537f,0.97346168000761f,-0.18336682264599033f,0.8955865613853307f,-0.013967276753811143f,-0.1831946317578496f,-0.9829774372157218f,0.08659692066657887f,0f,0f,0f,1f],start_interpolation:0}
execute if entity @s[tag=aj.spawner.bone.t21] run data modify entity @s {} merge value {transformation:[-0.9918524274363351f,-0.12667048522871396f,0.015490195870313538f,0.13516689584562064f,-0.1273899170723529f,0.9854935792452163f,-0.1264905076841533f,0.7154059352432498f,0.0007557889576496648f,-0.12765855107763216f,-0.9918468658506233f,0.14539499371651934f,0f,0f,0f,1f],start_interpolation:0}
execute if entity @s[tag=aj.spawner.bone.t22] run data modify entity @s {} merge value {transformation:[-0.9795581262241055f,-0.1976521213107591f,0.037410109458222804f,0.12110279919987428f,-0.2011382481711097f,0.9595429814127363f,-0.19702962199683066f,0.7789959587191768f,0.003046714784210673f,-0.20052657121417566f,-0.9796835263319016f,0.13117990408122324f,0f,0f,0f,1f],start_interpolation:0}
execute if entity @s[tag=aj.spawner.bone.t23] run data modify entity @s {} merge value {transformation:[-0.9808521336767148f,-0.1925565488156061f,0.029173058976718035f,0.10383553103381235f,-0.19454302570360432f,0.9617658472479316f,-0.19276790764428386f,0.8356720483255807f,0.009061071234831701f,-0.19475222867965214f,-0.9808106169961588f,0.11550695697195976f,0f,0f,0f,1f],start_interpolation:0}
execute if entity @s[tag=aj.spawner.bone.t24] run data modify entity @s {} merge value {transformation:[-0.9808521336767148f,-0.1925565488156061f,0.029173058976718035f,0.08977806505594634f,-0.19454302570360432f,0.9617658472479316f,-0.19276790764428386f,0.8734347285536691f,0.009061071234831701f,-0.19475222867965214f,-0.9808106169961588f,0.10127531942485192f,0f,0f,0f,1f],start_interpolation:0}
execute if entity @s[tag=aj.spawner.bone.t25] run data modify entity @s {} merge value {transformation:[-0.9808198802250726f,-0.19247760540692896f,0.030736525049014134f,0.08062173273284863f,-0.19477399896366376f,0.9618168530840415f,-0.19227956326977147f,0.8931653275075029f,0.007446602109474118f,-0.19457829411402983f,-0.9808587235564036f,0.08660419279540468f,0f,0f,0f,1f],start_interpolation:0}
execute if entity @s[tag=aj.spawner.bone.t31] run data modify entity @s {} merge value {transformation:[-0.9918524274363351f,0.12667048522871396f,0.015490195870313538f,-0.19516261618288216f,0.1273899170723529f,0.9854935792452163f,0.1264905076841533f,0.7152529881719829f,0.0007557889576496648f,0.12765855107763216f,-0.9918468658506233f,-0.20913792899509118f,0f,0f,0f,1f],start_interpolation:0}
execute if entity @s[tag=aj.spawner.bone.t32] run data modify entity @s {} merge value {transformation:[-0.978161911984719f,0.20404002921986325f,0.03958459824674305f,-0.1811347052992008f,0.20781280587456633f,0.9567941732587852f,0.20336850231188044f,0.7785467758300985f,0.0036210022008422386f,0.20715350948993083f,-0.9783017488735604f,-0.19495929408761753f,0f,0f,0f,1f],start_interpolation:0}
execute if entity @s[tag=aj.spawner.bone.t33] run data modify entity @s {} merge value {transformation:[-0.98098887298399f,0.19181414932989238f,0.029464609253322498f,-0.1654516798051317f,0.19387875869285726f,0.9620584672799193f,0.1919753433718227f,0.8354029366281094f,0.008476910363926995f,0.19403823760244307f,-0.9809573407334387f,-0.17759913217053191f,0f,0f,0f,1f],start_interpolation:0}
execute if entity @s[tag=aj.spawner.bone.t34] run data modify entity @s {} merge value {transformation:[-0.9830370296704201f,0.1811292068733547f,0.028816813047022487f,-0.15916897602825578f,0.18334114959993228f,0.9662616605253876f,0.18089893936144516f,0.8734193536998414f,0.004921499784904052f,0.18311366365225193f,-0.9830794296615696f,-0.1563594713553917f,0f,0f,0f,1f],start_interpolation:0}
execute if entity @s[tag=aj.spawner.bone.t35] run data modify entity @s {} merge value {transformation:[-0.9849539592127043f,0.1704937337520019f,0.028241547098554705f,-0.13718893555375128f,0.1728001476920058f,0.9693397689951719f,0.17470123411701313f,0.8936538973722753f,0.0024098109551129046f,0.17695281573257865f,-0.9842163856670303f,-0.1542295715030709f,0f,0f,0f,1f],start_interpolation:0}
execute if entity @s[tag=aj.spawner.bone.t41] run data modify entity @s {} merge value {transformation:[-0.9926219238595808f,-0.12035603770448645f,-0.01470171627330439f,0.1474643750615629f,-0.12125063411506146f,0.9852982837266955f,0.12035603770448644f,0.7178245000960323f,-1.2156112618181233e-16f,0.12125063411506144f,-0.9926219238595808f,-0.21534181601921337f,0f,0f,0f,1f],start_interpolation:0}
execute if entity @s[tag=aj.spawner.bone.t42] run data modify entity @s {} merge value {transformation:[-0.9926219238595808f,-0.12035603770448645f,-0.01470171627330439f,0.13307789617196525f,-0.12125063411506146f,0.9852982837266955f,0.12035603770448644f,0.7840537154033697f,-1.2156112618181233e-16f,0.12125063411506144f,-0.9926219238595808f,-0.20080194789968064f,0f,0f,0f,1f],start_interpolation:0}
execute if entity @s[tag=aj.spawner.bone.t43] run data modify entity @s {} merge value {transformation:[-0.9926219238595808f,-0.12035603770448645f,-0.01470171627330439f,0.11638764186931354f,-0.12125063411506146f,0.9852982837266955f,0.12035603770448644f,0.8433697955879798f,-1.2156112618181233e-16f,0.12125063411506144f,-0.9926219238595808f,-0.18391795273130573f,0f,0f,0f,1f],start_interpolation:0}
execute if entity @s[tag=aj.spawner.bone.t44] run data modify entity @s {} merge value {transformation:[-0.9926219238595808f,-0.12035603770448645f,-0.01470171627330439f,0.3919731397030344f,-0.12125063411506146f,0.9852982837266955f,0.12035603770448644f,0.14911049067853532f,-1.2156112618181233e-16f,0.12125063411506144f,-0.9926219238595808f,0.24161285404111638f,0f,0f,0f,1f],start_interpolation:0}
execute if entity @s[tag=aj.spawner.bone.t45] run data modify entity @s {} merge value {transformation:[-0.9926219238595808f,-0.12035603770448645f,-0.01470171627330439f,0.09015327300271396f,-0.12125063411506146f,0.9852982837266955f,0.12035603770448644f,0.9034998703609272f,-1.2156112618181233e-16f,0.12125063411506144f,-0.9926219238595808f,-0.15734921879513794f,0f,0f,0f,1f],start_interpolation:0}
execute if entity @s[tag=aj.spawner.bone.v51] run data modify entity @s {} merge value {transformation:[-1f,0f,1.2596367076944207e-16f,-0.17228970872519955f,0f,1f,0f,0.40503218852138173f,-1.2246467991473532e-16f,0f,-1.0285714285714287f,-0.031250000000000056f,0f,0f,0f,1f],start_interpolation:0}
execute if entity @s[tag=aj.spawner.bone.v52] run data modify entity @s {} merge value {transformation:[-1f,0f,1.2596367076944207e-16f,0.11071628623193841f,0f,1f,0f,0.4050321885213818f,-1.2246467991473532e-16f,0f,-1.0285714285714287f,-0.03125f,0f,0f,0f,1f],start_interpolation:0}
execute if entity @s[tag=aj.spawner.bone.v61] run data modify entity @s {} merge value {transformation:[-1f,0f,1.4345862504297566e-16f,-0.09963345872519982f,0f,1f,0f,0.38940718852138173f,-1.2246467991473532e-16f,0f,-1.1714285714285715f,-0.03125f,0f,0f,0f,1f],start_interpolation:0}
execute if entity @s[tag=aj.spawner.bone.v62] run data modify entity @s {} merge value {transformation:[-1f,0f,1.4345862504297566e-16f,0.03806003325170601f,0f,1f,0f,0.38940718852138173f,-1.2246467991473532e-16f,0f,-1.1714285714285715f,-0.03125f,0f,0f,0f,1f],start_interpolation:0}
execute if entity @s[tag=aj.spawner.bone.heart] run data modify entity @s {} merge value {transformation:[-1.2785714285714287f,0f,1.2246467991473532e-16f,-0.03125f,0f,1f,0f,0.37499999999999994f,-1.5657984074812588e-16f,0f,-1f,-0.017116477272727693f,0f,0f,0f,1f],start_interpolation:0}