execute if entity @s[tag=aj.spawner.bone.bones_right] run data modify entity @s {} merge value {transformation:[-1f,4.3673541848192503e-17f,1.1441249743385883e-16f,-0.03125f,0f,0.9342489402945998f,-0.3566215326623131f,0.7249063366902255f,-1.2246467991473532e-16f,-0.3566215326623131f,-0.9342489402945998f,-0.1260057930231156f,0f,0f,0f,1f],start_interpolation:0}
execute if entity @s[tag=aj.spawner.bone.bones_left] run data modify entity @s {} merge value {transformation:[-1f,-4.3673541848192503e-17f,1.1441249743385883e-16f,-0.031250000000000056f,0f,0.9342489402945998f,0.3566215326623131f,0.7249063366902255f,-1.2246467991473532e-16f,0.3566215326623131f,-0.9342489402945998f,0.06350579302311563f,0f,0f,0f,1f],start_interpolation:0}
execute if entity @s[tag=aj.spawner.bone.t11] run data modify entity @s {} merge value {transformation:[-0.995829341804129f,0.09145650230027283f,-0.0011110844396130522f,-0.19830177227828527f,0.09075021711719629f,0.9916736769066724f,-0.11506202785826125f,0.7187403687310518f,-0.009397877161207694f,-0.11496926190517781f,-0.9933576874603189f,0.14774409012585699f,0f,0f,0f,1f],start_interpolation:0}
execute if entity @s[tag=aj.spawner.bone.t12] run data modify entity @s {} merge value {transformation:[-0.9954570556195255f,0.09520995149909069f,0.0005617409061550861f,-0.18272460727885667f,0.09446550159154858f,0.988376326711209f,-0.11911551454749583f,0.7856175173994334f,-0.011896193776245298f,-0.11852131425359055f,-0.9928802438568509f,0.1306557648999261f,0f,0f,0f,1f],start_interpolation:0}
execute if entity @s[tag=aj.spawner.bone.t13] run data modify entity @s {} merge value {transformation:[-0.9986565568112062f,0.05175176043503108f,0.002614733229419358f,-0.1698290977654101f,0.051404692102514034f,0.9957921928231491f,-0.075864789871915f,0.8470263664319746f,-0.006529867367076373f,-0.07562846028010378f,-0.9971146858951728f,0.12259272645570835f,0f,0f,0f,1f],start_interpolation:0}
execute if entity @s[tag=aj.spawner.bone.t14] run data modify entity @s {} merge value {transformation:[-0.9986826010714719f,0.051250376344022686f,0.002541897266874628f,-0.17099427904630587f,0.05091352732749067f,0.995856097090711f,-0.07535546843016318f,0.8874302485345869f,-0.006393360008021295f,-0.07512677826083386f,-0.997153494771971f,0.1165334064710518f,0f,0f,0f,1f],start_interpolation:0}
execute if entity @s[tag=aj.spawner.bone.t15] run data modify entity @s {} merge value {transformation:[-0.9987079095925601f,0.050756466538211246f,0.002508470014650356f,-0.1602840481444822f,0.05042535017692669f,0.9959026763574725f,-0.07506759143303793f,0.9110903697815409f,-0.00630835769382786f,-0.0748441068393406f,-0.9971752926615399f,0.10532823108367029f,0f,0f,0f,1f],start_interpolation:0}
execute if entity @s[tag=aj.spawner.bone.t21] run data modify entity @s {} merge value {transformation:[-0.9938924561704281f,-0.1102225906072036f,0.009370884816630332f,0.13653370307635937f,-0.11031650230396325f,0.9902002473732667f,-0.10999639814542678f,0.7182511505079923f,0.0028381132700287283f,-0.1106275202751204f,-0.9938878100232371f,0.14702832918705658f,0f,0f,0f,1f],start_interpolation:0}
execute if entity @s[tag=aj.spawner.bone.t22] run data modify entity @s {} merge value {transformation:[-0.993179252385518f,-0.11591179526292066f,0.012626493965888688f,0.12554005660670822f,-0.11659347613413838f,0.9864070855459941f,-0.1157886993951315f,0.7855667423444264f,0.0009664129044920132f,-0.11647110072281787f,-0.9931936109050004f,0.1359921979200536f,0f,0f,0f,1f],start_interpolation:0}
execute if entity @s[tag=aj.spawner.bone.t23] run data modify entity @s {} merge value {transformation:[-0.9970872057206254f,-0.076079690012504f,0.005383767810430716f,0.10606347733834319f,-0.07626869238513209f,0.994179482624569f,-0.07609364553105781f,0.84622463578779f,0.000436749467579422f,-0.07628261332666492f,-0.9970861407892284f,0.1280659759591996f,0f,0f,0f,1f],start_interpolation:0}
execute if entity @s[tag=aj.spawner.bone.t24] run data modify entity @s {} merge value {transformation:[-0.9970872057206254f,-0.076079690012504f,0.005383767810430716f,0.09391805334375902f,-0.07626869238513209f,0.994179482624569f,-0.07609364553105781f,0.8853380410194278f,0.000436749467579422f,-0.07628261332666492f,-0.9970861407892284f,0.11586753006730713f,0f,0f,0f,1f],start_interpolation:0}
execute if entity @s[tag=aj.spawner.bone.t25] run data modify entity @s {} merge value {transformation:[-0.9970863015770488f,-0.07608191045479698f,0.005518161736548645f,0.0831041045170176f,-0.07628116655616556f,0.994180447674726f,-0.07606852890724239f,0.9086810762193418f,0.0003013904991654768f,-0.0762678199690387f,-0.9970873225555209f,0.10455686129863898f,0f,0f,0f,1f],start_interpolation:0}
execute if entity @s[tag=aj.spawner.bone.t31] run data modify entity @s {} merge value {transformation:[-0.9938924561704281f,0.1102225906072036f,0.009370884816630332f,-0.19652936281400443f,0.11031650230396325f,0.9902002473732667f,0.10999639814542678f,0.7181631983327371f,0.0028381132700287283f,0.1106275202751204f,-0.9938878100232371f,-0.2107774255835565f,0f,0f,0f,1f],start_interpolation:0}
execute if entity @s[tag=aj.spawner.bone.t32] run data modify entity @s {} merge value {transformation:[-0.9931627117785392f,0.11640124266725191f,0.008864459273859855f,-0.18553002494420942f,0.11663861583066028f,0.9863125404591625f,0.11654615321880249f,0.7855598180655253f,0.004822989716559055f,0.11678323183793328f,-0.993145717169279f,-0.1997355888939705f,0f,0f,0f,1f],start_interpolation:0}
execute if entity @s[tag=aj.spawner.bone.t33] run data modify entity @s {} merge value {transformation:[-0.997287967125829f,0.07341492077500598f,0.005192305232834966f,-0.17786362656887328f,0.07359795856289315f,0.9945815943085494f,0.07342201821006138f,0.8463226092891698f,0.00022610043342307772f,0.0736050383483598f,-0.9972874446258363f,-0.18003888192740983f,0f,0f,0f,1f],start_interpolation:0}
execute if entity @s[tag=aj.spawner.bone.t34] run data modify entity @s {} merge value {transformation:[-0.9973240875467202f,0.07291816991359022f,0.005254036120454019f,-0.17324629124448862f,0.07310715555058714f,0.9946553746471467f,0.0729111067865985f,0.8854886936887307f,0.00009058920745327732f,0.07310011068389226f,-0.9973246039337434f,-0.16097334570952143f,0f,0f,0f,1f],start_interpolation:0}
execute if entity @s[tag=aj.spawner.bone.t35] run data modify entity @s {} merge value {transformation:[-0.9973597220364762f,0.07242716197331243f,0.005281199467395932f,-0.15456279160916875f,0.07261945205095441f,0.9947122131967915f,0.07262250409452925f,0.9089065458321341f,0.000006568256414891526f,0.07281427830880666f,-0.9973455172763478f,-0.15688505362972333f,0f,0f,0f,1f],start_interpolation:0}
execute if entity @s[tag=aj.spawner.bone.t41] run data modify entity @s {} merge value {transformation:[-0.997542261093846f,-0.06989516976774976f,-0.004909437331777083f,0.14370366769182186f,-0.07006737708646733f,0.9950905626682228f,0.06989516976774975f,0.7190959908535096f,-1.2216369370627918e-16f,0.07006737708646732f,-0.997542261093846f,-0.2143743327750005f,0f,0f,0f,1f],start_interpolation:0}
execute if entity @s[tag=aj.spawner.bone.t42] run data modify entity @s {} merge value {transformation:[-0.997542261093846f,-0.06989516976774976f,-0.004909437331777083f,0.1326944196217761f,-0.07006737708646733f,0.9950905626682228f,0.06989516976774975f,0.7866337011191102f,-1.2216369370627918e-16f,0.07006737708646732f,-0.997542261093846f,-0.20332256146846944f,0f,0f,0f,1f],start_interpolation:0}
execute if entity @s[tag=aj.spawner.bone.t43] run data modify entity @s {} merge value {transformation:[-0.997542261093846f,-0.06989516976774976f,-0.004909437331777083f,0.11902003878852238f,-0.07006737708646733f,0.9950905626682228f,0.06989516976774975f,0.8475147124091158f,-1.2216369370627918e-16f,0.07006737708646732f,-0.997542261093846f,-0.18959139170281042f,0f,0f,0f,1f],start_interpolation:0}
execute if entity @s[tag=aj.spawner.bone.t44] run data modify entity @s {} merge value {transformation:[-0.997542261093846f,-0.06989516976774976f,-0.004909437331777083f,0.3569552266652462f,-0.07006737708646733f,0.9950905626682228f,0.06989516976774975f,0.16277980129388248f,-1.2216369370627918e-16f,0.07006737708646732f,-0.997542261093846f,0.2725176478669375f,0f,0f,0f,1f],start_interpolation:0}
execute if entity @s[tag=aj.spawner.bone.t45] run data modify entity @s {} merge value {transformation:[-0.997542261093846f,-0.06989516976774976f,-0.004909437331777083f,0.09582130282697501f,-0.07006737708646733f,0.9950905626682228f,0.06989516976774975f,0.9101932328307009f,-1.2216369370627918e-16f,0.07006737708646732f,-0.997542261093846f,-0.1662893026860016f,0f,0f,0f,1f],start_interpolation:0}
execute if entity @s[tag=aj.spawner.bone.v51] run data modify entity @s {} merge value {transformation:[-1f,0f,1.4520812047032904e-16f,-0.17228970872519955f,0f,1f,0f,0.40503218852138173f,-1.2246467991473532e-16f,0f,-1.185714285714286f,-0.031250000000000056f,0f,0f,0f,1f],start_interpolation:0}
execute if entity @s[tag=aj.spawner.bone.v52] run data modify entity @s {} merge value {transformation:[-1f,0f,1.4520812047032904e-16f,0.11071628623193841f,0f,1f,0f,0.4050321885213818f,-1.2246467991473532e-16f,0f,-1.185714285714286f,-0.03125f,0f,0f,0f,1f],start_interpolation:0}
execute if entity @s[tag=aj.spawner.bone.v61] run data modify entity @s {} merge value {transformation:[-1f,0f,1.2421417534208868e-16f,-0.09963345872519982f,0f,1f,0f,0.38940718852138173f,-1.2246467991473532e-16f,0f,-1.0142857142857142f,-0.03125f,0f,0f,0f,1f],start_interpolation:0}
execute if entity @s[tag=aj.spawner.bone.v62] run data modify entity @s {} merge value {transformation:[-1f,0f,1.2421417534208868e-16f,0.03806003325170601f,0f,1f,0f,0.38940718852138173f,-1.2246467991473532e-16f,0f,-1.0142857142857142f,-0.03125f,0f,0f,0f,1f],start_interpolation:0}
execute if entity @s[tag=aj.spawner.bone.heart] run data modify entity @s {} merge value {transformation:[-1.1607142857142858f,0f,1.2246467991473532e-16f,-0.03125f,0f,1f,0f,0.37499999999999994f,-1.4214650347246065e-16f,0f,-1f,-0.017116477272727693f,0f,0f,0f,1f],start_interpolation:0}