execute if entity @s[tag=aj.spawner.bone.bones_right] run data modify entity @s {} merge value {transformation:[-1f,3.99483201692276e-17f,1.1576583927167573e-16f,-0.03125f,0f,0.9452998150346403f,-0.32620278922086904f,0.7232322295473684f,-1.2246467991473532e-16f,-0.32620278922086904f,-0.9452998150346403f,-0.12587701555058817f,0f,0f,0f,1f],start_interpolation:0}
execute if entity @s[tag=aj.spawner.bone.bones_left] run data modify entity @s {} merge value {transformation:[-1f,-3.99483201692276e-17f,1.1576583927167573e-16f,-0.031250000000000056f,0f,0.9452998150346403f,0.32620278922086904f,0.7232322295473684f,-1.2246467991473532e-16f,0.32620278922086904f,-0.9452998150346403f,0.06337701555058814f,0f,0f,0f,1f],start_interpolation:0}
execute if entity @s[tag=aj.spawner.bone.t11] run data modify entity @s {} merge value {transformation:[-0.9993608593043302f,0.03565340975674087f,0.0028791106426725266f,-0.1986491351866002f,0.03542110821057128f,0.9985013237665832f,-0.0546009408374173f,0.7194377144999667f,-0.0048185042955028f,-0.05449798484899591f,-0.998504105140072f,0.14821838427008988f,0f,0f,0f,1f],start_interpolation:0}
execute if entity @s[tag=aj.spawner.bone.t12] run data modify entity @s {} merge value {transformation:[-0.9972895905754731f,0.07349841532939042f,0.0033845936053868643f,-0.18382737304253033f,0.07287264921698153f,0.9930530396017367f,-0.09238634928305273f,0.7855192957838267f,-0.010151331238017966f,-0.09188930014871091f,-0.9957174835224478f,0.13223450008682866f,0f,0f,0f,1f],start_interpolation:0}
execute if entity @s[tag=aj.spawner.bone.t13] run data modify entity @s {} merge value {transformation:[-0.9804340785139845f,0.19584746602589237f,-0.019818873319914946f,-0.16504185917624012f,0.19551616851440437f,0.9571633446159096f,-0.2135690978890262f,0.8394191095896463f,-0.022857067569592732f,-0.21326533186367252f,-0.9767269079365003f,0.11730238986426778f,0f,0f,0f,1f],start_interpolation:0}
execute if entity @s[tag=aj.spawner.bone.t14] run data modify entity @s {} merge value {transformation:[-0.9206971860800535f,0.3792332434232936f,-0.09218914592792513f,-0.16229186201154006f,0.38326902440310245f,0.8340112130691925f,-0.3969006820452038f,0.8766052904442936f,-0.0736311515417584f,-0.40075858513262425f,-0.9132201322600875f,0.10910467690529349f,0f,0f,0f,1f],start_interpolation:0}
execute if entity @s[tag=aj.spawner.bone.t15] run data modify entity @s {} merge value {transformation:[-0.8230625960192186f,0.5396557032450718f,-0.17703018101208487f,-0.14378740597453094f,0.5511810922234034f,0.683782288693214f,-0.47816439144387f,0.885263049076739f,-0.1369940385911761f,-0.49113491387248925f,-0.8602436455830068f,0.09056096661927446f,0f,0f,0f,1f],start_interpolation:0}
execute if entity @s[tag=aj.spawner.bone.t21] run data modify entity @s {} merge value {transformation:[-0.9985783189429907f,-0.05326415040430476f,0.0028413409369909006f,0.13702902028384042f,-0.05330423001029822f,0.9978274849928687f,-0.05322844839623412f,0.7191474324741446f,-1.2229057419914782e-16f,-0.05333998284750026f,-0.9985783189429907f,0.1475780122592657f,0f,0f,0f,1f],start_interpolation:0}
execute if entity @s[tag=aj.spawner.bone.t22] run data modify entity @s {} merge value {transformation:[-0.9960535903114047f,-0.08829061921502827f,0.009056035909120306f,0.12721397604456627f,-0.08874569588770252f,0.9921467370192375f,-0.08814223552581141f,0.7857667303444893f,-0.001202783923992001f,-0.0885980743622968f,-0.9960667319663503f,0.13774009613439006f,0f,0f,0f,1f],start_interpolation:0}
execute if entity @s[tag=aj.spawner.bone.t23] run data modify entity @s {} merge value {transformation:[-0.9798843786631884f,-0.19555176933993462f,0.03982599603121131f,0.11527148645386812f,-0.1995659497439695f,0.9603637089823986f,-0.19461494848124708f,0.8403794337263412f,-0.00019014374694428793f,-0.19864806059358348f,-0.9800708708393304f,0.12372159183638627f,0f,0f,0f,1f],start_interpolation:0}
execute if entity @s[tag=aj.spawner.bone.t24] run data modify entity @s {} merge value {transformation:[-0.9278686744111794f,-0.33649988799399155f,0.16070951566871158f,0.10274282057397396f,-0.37193851531231475f,0.8661471257039238f,-0.33384262379465923f,0.8744056025309063f,-0.02686007955520115f,-0.3695361714566822f,-0.9288280541151983f,0.10983586160593843f,0f,0f,0f,1f],start_interpolation:0}
execute if entity @s[tag=aj.spawner.bone.t25] run data modify entity @s {} merge value {transformation:[-0.8452659968527332f,-0.44699432498668745f,0.2927822877058154f,0.09530307939928297f,-0.5301697819268982f,0.7699297093132069f,-0.3551453857907574f,0.8875076584970033f,-0.06667380967171788f,-0.45541664017312344f,-0.8877782870499161f,0.09178396430677659f,0f,0f,0f,1f],start_interpolation:0}
execute if entity @s[tag=aj.spawner.bone.t31] run data modify entity @s {} merge value {transformation:[-0.9985783189429907f,0.05326415040430476f,0.0028413409369909006f,-0.1970246749886185f,0.05330423001029822f,0.9978274849928687f,0.05322844839623412f,0.7190805914161106f,-1.2229057419914782e-16f,0.05333998284750026f,-0.9985783189429907f,-0.21132840598037675f,0f,0f,0f,1f],start_interpolation:0}
execute if entity @s[tag=aj.spawner.bone.t32] run data modify entity @s {} merge value {transformation:[-0.9960351156068101f,0.08846554708032817f,0.009375257751471334f,-0.18721409282015955f,0.08894846457900651f,0.99211440234885f,0.08830166080556708f,0.7856162987876769f,-0.0014896735097013438f,0.08878546971077214f,-0.9960496580196553f,-0.2014949582789892f,0f,0f,0f,1f],start_interpolation:0}
execute if entity @s[tag=aj.spawner.bone.t33] run data modify entity @s {} merge value {transformation:[-0.9773291231095825f,0.20988895291105888f,0.02782826921951136f,-0.1741299339845489f,0.21100480801876045f,0.9547144562998612f,0.209755281042043f,0.8398687100064223f,0.01745726538780732f,0.21087184349258128f,-0.9773578206098419f,-0.19145799376198314f,0f,0f,0f,1f],start_interpolation:0}
execute if entity @s[tag=aj.spawner.bone.t34] run data modify entity @s {} merge value {transformation:[-0.9148833286483615f,0.3904173579952963f,0.10277539363712891f,-0.1658631122045515f,0.39797345250420224f,0.8293582319858641f,0.392150550349183f,0.8763856370404318f,0.06786476304518899f,0.399673879072994f,-0.9141417638001045f,-0.17617510867936498f,0f,0f,0f,1f],start_interpolation:0}
execute if entity @s[tag=aj.spawner.bone.t35] run data modify entity @s {} merge value {transformation:[-0.8149174459872451f,0.5480211344808797f,0.18863295679152828f,-0.13978608096236084f,0.5645520628621773f,0.67694489814067f,0.47225689322589903f,0.8850795313206343f,0.13111264067085848f,0.49134350615796996f,-0.861040669430142f,-0.17000129501999617f,0f,0f,0f,1f],start_interpolation:0}
execute if entity @s[tag=aj.spawner.bone.t41] run data modify entity @s {} merge value {transformation:[-0.9985783189429907f,-0.053228448396234126f,-0.002841340936990656f,0.1417533650744702f,-0.05330423001029822f,0.9971586590630093f,0.05322844839623412f,0.7195930074539569f,-1.2229057419914782e-16f,0.053304230010298215f,-0.9985783189429907f,-0.21369572527097422f,0f,0f,0f,1f],start_interpolation:0}
execute if entity @s[tag=aj.spawner.bone.t42] run data modify entity @s {} merge value {transformation:[-0.9985783189429907f,-0.053228448396234126f,-0.002841340936990656f,0.1318705531346916f,-0.05330423001029822f,0.9971586590630093f,0.05322844839623412f,0.7874818360244973f,-1.2229057419914782e-16f,0.053304230010298215f,-0.9985783189429907f,-0.2037899449643726f,0f,0f,0f,1f],start_interpolation:0}
execute if entity @s[tag=aj.spawner.bone.t43] run data modify entity @s {} merge value {transformation:[-0.9985783189429907f,-0.053228448396234126f,-0.002841340936990656f,0.1192087409411207f,-0.05330423001029822f,0.9971586590630093f,0.05322844839623412f,0.8488055083558739f,-1.2229057419914782e-16f,0.053304230010298215f,-0.9985783189429907f,-0.19109675884863841f,0f,0f,0f,1f],start_interpolation:0}
execute if entity @s[tag=aj.spawner.bone.t44] run data modify entity @s {} merge value {transformation:[-0.9985783189429907f,-0.053228448396234126f,-0.002841340936990656f,0.34519161219853955f,-0.05330423001029822f,0.9971586590630093f,0.05322844839623412f,0.16801958205740986f,-1.2229057419914782e-16f,0.053304230010298215f,-0.9985783189429907f,0.2826986411228983f,0f,0f,0f,1f],start_interpolation:0}
execute if entity @s[tag=aj.spawner.bone.t45] run data modify entity @s {} merge value {transformation:[-0.9985783189429907f,-0.053228448396234126f,-0.002841340936990656f,0.09704555567750535f,-0.05330423001029822f,0.9971586590630093f,0.05322844839623412f,0.9122465576367609f,-1.2229057419914782e-16f,0.053304230010298215f,-0.9985783189429907f,-0.1688753252740317f,0f,0f,0f,1f],start_interpolation:0}
execute if entity @s[tag=aj.spawner.bone.heart] run data modify entity @s {} merge value {transformation:[-1.1222222222222222f,0f,1.2246467991473532e-16f,-0.03125f,0f,1f,0f,0.37499999999999994f,-1.3743258523764743e-16f,0f,-1f,-0.017116477272727693f,0f,0f,0f,1f],start_interpolation:0}