execute if entity @s[tag=aj.spawner.bone.bones_right] run data modify entity @s {} merge value {transformation:[-1f,2.0513596020740725e-17f,1.2073437872004985e-16f,-0.03125f,0f,0.9858710185182359f,-0.16750622330473644f,0.7147500866902256f,-1.2246467991473532e-16f,-0.16750622330473644f,-0.9858710185182359f,-0.12522454302311564f,0f,0f,0f,1f],start_interpolation:0}
execute if entity @s[tag=aj.spawner.bone.bones_left] run data modify entity @s {} merge value {transformation:[-1f,-2.0513596020740725e-17f,1.2073437872004985e-16f,-0.031250000000000056f,0f,0.9858710185182359f,0.16750622330473644f,0.7147500866902256f,-1.2246467991473532e-16f,0.16750622330473644f,-0.9858710185182359f,0.06272454302311561f,0f,0f,0f,1f],start_interpolation:0}
execute if entity @s[tag=aj.spawner.bone.t11] run data modify entity @s {} merge value {transformation:[-0.9993429656182513f,0.03627288294141998f,0.000979438243549551f,-0.1994109647353416f,0.036152105135716296f,0.999523022243826f,-0.04425277370030436f,0.720860929339483f,-0.0025811554727988273f,-0.04423949881283312f,-0.9990198860485995f,0.14923393136642457f,0f,0f,0f,1f],start_interpolation:0}
execute if entity @s[tag=aj.spawner.bone.t12] run data modify entity @s {} merge value {transformation:[-0.9994973987754346f,0.03165532330075556f,0.0017001023100115626f,-0.18604002303182046f,0.03156296469930836f,0.9987131744135643f,-0.039696026402796784f,0.7892563495034419f,-0.002954505124395342f,-0.039622414862120245f,-0.9992103558010014f,0.1353577643562347f,0f,0f,0f,1f],start_interpolation:0}
execute if entity @s[tag=aj.spawner.bone.t13] run data modify entity @s {} merge value {transformation:[-0.9999334917133524f,0.01139735321268734f,0.001764224953876535f,-0.17573734652571144f,0.011360856305311234f,0.9997458251895479f,-0.019473468106115627f,0.8516727857814376f,-0.00198572252661469f,-0.019452129852925572f,-0.9998088174997418f,0.1308258541301951f,0f,0f,0f,1f],start_interpolation:0}
execute if entity @s[tag=aj.spawner.bone.t14] run data modify entity @s {} merge value {transformation:[-0.9999334917133524f,0.01139735321268734f,0.001764224953876535f,-0.17820722421619298f,0.011360856305311234f,0.9997458251895479f,-0.019473468106115627f,0.8922555185408167f,-0.00198572252661469f,-0.019452129852925572f,-0.9998088174997418f,0.12671934941513466f,0f,0f,0f,1f],start_interpolation:0}
execute if entity @s[tag=aj.spawner.bone.t15] run data modify entity @s {} merge value {transformation:[-0.999933682490671f,0.01139565211550949f,0.001664251636019137f,-0.1685794066235883f,0.01136108187132226f,0.9997456324206678f,-0.01948323059741141f,0.9170406843939186f,-0.0018858524223334333f,-0.019463030818993213f,-0.9998087987170247f,0.11692585456324611f,0f,0f,0f,1f],start_interpolation:0}
execute if entity @s[tag=aj.spawner.bone.t21] run data modify entity @s {} merge value {transformation:[-0.9989076291710788f,-0.046748990160597255f,0.001660100274087607f,0.13781796215697284f,-0.0467255107369966f,0.9988845545227628f,-0.04670140698116639f,0.7204634901883934f,0.0005244331999892059f,-0.04677802643193449f,-0.9989075145643161f,0.14841990361050966f,0f,0f,0f,1f],start_interpolation:0}
execute if entity @s[tag=aj.spawner.bone.t22] run data modify entity @s {} merge value {transformation:[-0.9989074942596063f,-0.04666583949410465f,0.0024733249493260993f,0.1296479153213696f,-0.04673043045972497f,0.9978178466908215f,-0.04664559673046343f,0.7888089027052901f,-0.0002911718449727143f,-0.04671021568782009f,-0.9989084397327684f,0.14024418207664952f,0f,0f,0f,1f],start_interpolation:0}
execute if entity @s[tag=aj.spawner.bone.t23] run data modify entity @s {} merge value {transformation:[-0.9996066263830529f,-0.028035223618595888f,0.0007865924910918414f,0.11227931840950678f,-0.028046256275868955f,0.9992134075089083f,-0.02803522361859589f,0.850733907846478f,-1.2236229543202471e-16f,-0.028046256275868958f,-0.9996066263830529f,0.13536752035196065f,0f,0f,0f,1f],start_interpolation:0}
execute if entity @s[tag=aj.spawner.bone.t24] run data modify entity @s {} merge value {transformation:[-0.9996066263830529f,-0.028035223618595888f,0.0007865924910918414f,0.10177644963226423f,-0.028046256275868955f,0.9992134075089083f,-0.02803522361859589f,0.8908011886525163f,-1.2236229543202471e-16f,-0.028046256275868958f,-0.9996066263830529f,0.12485682906841243f,0f,0f,0f,1f],start_interpolation:0}
execute if entity @s[tag=aj.spawner.bone.t25] run data modify entity @s {} merge value {transformation:[-0.9996066263830529f,-0.028035223618595888f,0.0007865924910918414f,0.09171163122406219f,-0.028046256275868955f,0.9992134075089083f,-0.02803522361859589f,0.9152557599662285f,-1.2236229543202471e-16f,-0.028046256275868958f,-0.9996066263830529f,0.11478436053917457f,0f,0f,0f,1f],start_interpolation:0}
execute if entity @s[tag=aj.spawner.bone.t31] run data modify entity @s {} merge value {transformation:[-0.9989076291710788f,0.046748990160597255f,0.001660100274087607f,-0.19781361452465065f,0.0467255107369966f,0.9988845545227628f,0.04670140698116639f,0.7204283575831206f,0.0005244331999892059f,0.04677802643193449f,-0.9989075145643161f,-0.2121715849513717f,0f,0f,0f,1f],start_interpolation:0}
execute if entity @s[tag=aj.spawner.bone.t32] run data modify entity @s {} merge value {transformation:[-0.9989087688389676f,0.046696446471448376f,0.0008446440416935729f,-0.18964356768904747f,0.04668488832714f,0.9978164237915771f,0.046721575462203666f,0.7887737701000173f,0.0013389318505729847f,0.04671002353592943f,-0.9989075938057396f,-0.20399586341751155f,0f,0f,0f,1f],start_interpolation:0}
execute if entity @s[tag=aj.spawner.bone.t33] run data modify entity @s {} merge value {transformation:[-0.9996066263830529f,0.028035223618595888f,0.0007865924910918414f,-0.18477988601311157f,0.028046256275868955f,0.9992134075089083f,0.02803522361859589f,0.8506989131494211f,-1.2236229543202471e-16f,0.028046256275868958f,-0.9996066263830529f,-0.18662411886303476f,0f,0f,0f,1f],start_interpolation:0}
execute if entity @s[tag=aj.spawner.bone.t34] run data modify entity @s {} merge value {transformation:[-0.9996066263830529f,0.028035223618595888f,0.0007865924910918414f,-0.18178164866999336f,0.028046256275868955f,0.9992134075089083f,0.02803522361859589f,0.8907838292122042f,-1.2236229543202471e-16f,0.028046256275868958f,-0.9996066263830529f,-0.16924004549416144f,0f,0f,0f,1f],start_interpolation:0}
execute if entity @s[tag=aj.spawner.bone.t35] run data modify entity @s {} merge value {transformation:[-0.9996066263830529f,0.028035223618595888f,0.0007865924910918414f,-0.16421219882766697f,0.028046256275868955f,0.9992134075089083f,0.02803522361859589f,0.9152207652691718f,-1.2236229543202471e-16f,0.028046256275868958f,-0.9996066263830529f,-0.16604095905024863f,0f,0f,0f,1f],start_interpolation:0}
execute if entity @s[tag=aj.spawner.bone.t41] run data modify entity @s {} merge value {transformation:[-0.9996066263830529f,-0.028035223618595895f,-0.0007865924910915966f,0.14069932335100277f,-0.028046256275868955f,0.9992134075089083f,0.02803522361859589f,0.7206199332450702f,-1.2247071564927327e-16f,0.02804625627586895f,-0.9996066263830529f,-0.21361332527788562f,0f,0f,0f,1f],start_interpolation:0}
execute if entity @s[tag=aj.spawner.bone.t42] run data modify entity @s {} merge value {transformation:[-0.9996066263830529f,-0.028035223618595895f,-0.0007865924910915966f,0.13252927651539953f,-0.028046256275868955f,0.9992134075089083f,0.02803522361859589f,0.7889653457619665f,-1.2247071564927327e-16f,0.02804625627586895f,-0.9996066263830529f,-0.2054376037440256f,0f,0f,0f,1f],start_interpolation:0}
execute if entity @s[tag=aj.spawner.bone.t43] run data modify entity @s {} merge value {transformation:[-0.9996066263830529f,-0.028035223618595895f,-0.0007865924910915966f,0.12141313722150016f,-0.028046256275868955f,0.9992134075089083f,0.02803522361859589f,0.8508904198572625f,-1.2247071564927327e-16f,0.02804625627586895f,-0.9996066263830529f,-0.19431340060444263f,0f,0f,0f,1f],start_interpolation:0}
execute if entity @s[tag=aj.spawner.bone.t44] run data modify entity @s {} merge value {transformation:[-0.9996066263830529f,-0.028035223618595895f,-0.0007865924910915966f,0.32977357778148364f,-0.028046256275868955f,0.9992134075089083f,0.02803522361859589f,0.1768021997777134f,-1.2247071564927327e-16f,0.02804625627586895f,-0.9996066263830529f,0.2968187760462306f,0f,0f,0f,1f],start_interpolation:0}
execute if entity @s[tag=aj.spawner.bone.t45] run data modify entity @s {} merge value {transformation:[-0.9996066263830529f,-0.028035223618595895f,-0.0007865924910915966f,0.10084545003605552f,-0.028046256275868955f,0.9992134075089083f,0.02803522361859589f,0.9154122719770129f,-1.2247071564927327e-16f,0.02804625627586895f,-0.9996066263830529f,-0.1737302407916567f,0f,0f,0f,1f],start_interpolation:0}
execute if entity @s[tag=aj.spawner.bone.v11] run data modify entity @s {} merge value {transformation:[-1f,0f,1.3296165247885551e-16f,-0.030800627695997784f,0f,1f,0f,0.6526466891732801f,-1.2246467991473532e-16f,0f,-1.0857142857142859f,-0.031250000000000056f,0f,0f,0f,1f],start_interpolation:0}
execute if entity @s[tag=aj.spawner.bone.heart] run data modify entity @s {} merge value {transformation:[-1.0642857142857143f,0f,1.2246467991473532e-16f,-0.03125f,0f,1f,0f,0.37499999999999994f,-1.3033740933782546e-16f,0f,-1f,-0.017116477272727693f,0f,0f,0f,1f],start_interpolation:0}