execute if entity @s[tag=aj.spawner.bone.bones_right] run data modify entity @s {} merge value {transformation:[-1f,3.2885669197155666e-17f,1.1796665032149477e-16f,-0.03125f,0f,0.9632708010475164f,-0.2685318674743767f,0.7201072295473684f,-1.2246467991473532e-16f,-0.2685318674743767f,-0.9632708010475164f,-0.12563663093520355f,0f,0f,0f,1f],start_interpolation:0}
execute if entity @s[tag=aj.spawner.bone.bones_left] run data modify entity @s {} merge value {transformation:[-1f,-3.2885669197155666e-17f,1.1796665032149477e-16f,-0.031250000000000056f,0f,0.9632708010475164f,0.2685318674743767f,0.7201072295473684f,-1.2246467991473532e-16f,0.2685318674743767f,-0.9632708010475164f,0.06313663093520352f,0f,0f,0f,1f],start_interpolation:0}
execute if entity @s[tag=aj.spawner.bone.t11] run data modify entity @s {} merge value {transformation:[-0.9996224532738563f,0.027368169694638893f,0.0025780292427514387f,-0.1989512262908293f,0.027223124981949783f,0.9992245561125103f,-0.041932594032617045f,0.7200184934868319f,-0.003721878151388361f,-0.04186648497018914f,-0.9991171159193096f,0.14862482996082654f,0f,0f,0f,1f],start_interpolation:0}
execute if entity @s[tag=aj.spawner.bone.t12] run data modify entity @s {} merge value {transformation:[-0.9984006850669476f,0.056428516326318574f,0.0034488553260840645f,-0.18471354175847582f,0.056042260725739756f,0.9959035887637327f,-0.07095989642231906f,0.7867477151174119f,-0.0074388890701547385f,-0.07065312755093323f,-0.9974732069066686f,0.13349067248471316f,0f,0f,0f,1f],start_interpolation:0}
execute if entity @s[tag=aj.spawner.bone.t13] run data modify entity @s {} merge value {transformation:[-0.9866779560740988f,0.16226497981125076f,-0.011691335436679589f,-0.16758938672154702f,0.16177191782894304f,0.970993742864877f,-0.17607100249388796f,0.8422050552926245f,-0.017217944110267128f,-0.17561670662016005f,-0.9843080385511969f,0.12062698266694347f,0f,0f,0f,1f],start_interpolation:0}
execute if entity @s[tag=aj.spawner.bone.t14] run data modify entity @s {} merge value {transformation:[-0.943935847920782f,0.32488820564485216f,-0.05858983566236171f,-0.1658134742197489f,0.324896232197035f,0.8827530696731244f,-0.3393957222577299f,0.8799912707425163f,-0.05854530992525879f,-0.3394034057217813f,-0.9388172212258419f,0.1133321745081779f,0f,0f,0f,1f],start_interpolation:0}
execute if entity @s[tag=aj.spawner.bone.t15] run data modify entity @s {} merge value {transformation:[-0.8728006301408068f,0.4744257709183536f,-0.11462655850341373f,-0.14870222944287925f,0.4752852776682227f,0.7727389367359108f,-0.4206880560273782f,0.8913853982327122f,-0.11100885035730781f,-0.42165711607985445f,-0.8999346151813303f,0.09615271779248238f,0f,0f,0f,1f],start_interpolation:0}
execute if entity @s[tag=aj.spawner.bone.t21] run data modify entity @s {} merge value {transformation:[-0.9990482215818578f,-0.04360178605933914f,0.0019026509541273592f,0.1373255447517139f,-0.043619387365336035f,0.9986450853959589f,-0.043577871373829125f,0.7196570004270744f,-1.2223970045815924e-16f,-0.04364332483401214f,-0.9990482215818578f,0.1478988869593016f,0f,0f,0f,1f],start_interpolation:0}
execute if entity @s[tag=aj.spawner.bone.t22] run data modify entity @s {} merge value {transformation:[-0.9973580878860123f,-0.07234806363634456f,0.006527037339316142f,0.12814279989435423f,-0.0726308632418644f,0.9947387509885669f,-0.07224662612501434f,0.7866915255682685f,-0.0012657934661633459f,-0.07252982124462634f,-0.9973654409478622f,0.13870143955488695f,0f,0f,0f,1f],start_interpolation:0}
execute if entity @s[tag=aj.spawner.bone.t23] run data modify entity @s {} merge value {transformation:[-0.9865194185745472f,-0.16123775938667012f,0.02796107514570923f,0.1154682987280595f,-0.1636389482095348f,0.9733545709659882f,-0.16063366337257626f,0.8427696101889991f,-0.0013158283379327475f,-0.16304374912146508f,-0.9866179627739412f,0.12660666468357748f,0f,0f,0f,1f],start_interpolation:0}
execute if entity @s[tag=aj.spawner.bone.t24] run data modify entity @s {} merge value {transformation:[-0.9515188545214407f,-0.28492049015588944f,0.11589729841343686f,0.10346168118708338f,-0.306616167997182f,0.9085641135567551f,-0.28372130177262245f,0.8780396867586119f,-0.024462113827904412f,-0.3055021535867716f,-0.9518771134662894f,0.11349588532586244f,0f,0f,0f,1f],start_interpolation:0}
execute if entity @s[tag=aj.spawner.bone.t25] run data modify entity @s {} merge value {transformation:[-0.8954318023483726f,-0.38919678311973155f,0.2161660272855045f,0.09557486221162574f,-0.4413836476966301f,0.8395159220936015f,-0.3168493208093511f,0.8933487969998346f,-0.05815808532922964f,-0.3791291080365403f,-0.923514351025611f,0.0969325918246015f,0f,0f,0f,1f],start_interpolation:0}
execute if entity @s[tag=aj.spawner.bone.t31] run data modify entity @s {} merge value {transformation:[-0.9990482215818578f,0.04360178605933914f,0.0019026509541273592f,-0.19732119805994883f,0.043619387365336035f,0.9986450853959589f,0.043577871373829125f,0.719602329382871f,-1.2223970045815924e-16f,0.04364332483401214f,-0.9990482215818578f,-0.21164986908023867f,0f,0f,0f,1f],start_interpolation:0}
execute if entity @s[tag=aj.spawner.bone.t32] run data modify entity @s {} merge value {transformation:[-0.9974735486295144f,0.07074664962738182f,0.006436718957982916f,-0.1881384532025892f,0.0710249342871232f,0.9949698651483884f,0.0706429483820429f,0.7866368545240651f,-0.001406589475792729f,0.07092163994930337f,-0.9974808983098112f,-0.20245242167582403f,0f,0f,0f,1f],start_interpolation:0}
execute if entity @s[tag=aj.spawner.bone.t33] run data modify entity @s {} merge value {transformation:[-0.9842353772995746f,0.17594207864921313f,0.01803072468200759f,-0.17673489805576165f,0.17634899594867043f,0.9684876671800129f,0.17587686075238018f,0.8422037749278086f,0.013481605982229361f,0.17628392859478254f,-0.9842470334318156f,-0.19147865088103938f,0f,0f,0f,1f],start_interpolation:0}
execute if entity @s[tag=aj.spawner.bone.t34] run data modify entity @s {} merge value {transformation:[-0.9392422337328785f,0.33661943589387217f,0.06716682031303951f,-0.16945026768366925f,0.3388232771405752f,0.8778512099872389f,0.3384908270421249f,0.8793893871914974f,0.05498011677137316f,0.34068256266271096f,-0.938569431772298f,-0.17610050226772228f,0f,0f,0f,1f],start_interpolation:0}
execute if entity @s[tag=aj.spawner.bone.t35] run data modify entity @s {} merge value {transformation:[-0.8660898933928125f,0.4842002500690734f,0.12425141607190474f,-0.1447208510916958f,0.48814367507064743f,0.7656371749632004f,0.41894566330598526f,0.8907013067085343f,0.10772209175164152f,0.42349714774413355f,-0.8994699087802962f,-0.17030373844131538f,0f,0f,0f,1f],start_interpolation:0}
execute if entity @s[tag=aj.spawner.bone.t41] run data modify entity @s {} merge value {transformation:[-0.9990482215818578f,-0.04357787137382913f,-0.0019026509541271146f,0.1411950899160232f,-0.043619387365336035f,0.9980973490458728f,0.043577871373829125f,0.7199653066850493f,-1.2245654089265634e-16f,0.04361938736533603f,-0.9990482215818578f,-0.2135876781307206f,0f,0f,0f,1f],start_interpolation:0}
execute if entity @s[tag=aj.spawner.bone.t42] run data modify entity @s {} merge value {transformation:[-0.9990482215818578f,-0.04357787137382913f,-0.0019026509541271146f,0.1319669514426491f,-0.043619387365336035f,0.9980973490458728f,0.043577871373829125f,0.7880395165648325f,-1.2245654089265634e-16f,0.04361938736533603f,-0.9990482215818578f,-0.2043447938644672f,0f,0f,0f,1f],start_interpolation:0}
execute if entity @s[tag=aj.spawner.bone.t43] run data modify entity @s {} merge value {transformation:[-0.9990482215818578f,-0.04357787137382913f,-0.0019026509541271146f,0.11989509475714984f,-0.043619387365336035f,0.9980973490458728f,0.043577871373829125f,0.8496031265795199f,-1.2245654089265634e-16f,0.04361938736533603f,-0.9990482215818578f,-0.19225250507680375f,0f,0f,0f,1f],start_interpolation:0}
execute if entity @s[tag=aj.spawner.bone.t44] run data modify entity @s {} merge value {transformation:[-0.9990482215818578f,-0.04357787137382913f,-0.0019026509541271146f,0.33906455456316276f,-0.043619387365336035f,0.9980973490458728f,0.043577871373829125f,0.17128014351051246f,-1.2245654089265634e-16f,0.04361938736533603f,-0.9990482215818578f,0.28822901913687177f,0f,0f,0f,1f],start_interpolation:0}
execute if entity @s[tag=aj.spawner.bone.t45] run data modify entity @s {} merge value {transformation:[-0.9990482215818578f,-0.04357787137382913f,-0.0019026509541271146f,0.09833881749897236f,-0.043619387365336035f,0.9980973490458728f,0.043577871373829125f,0.9134683165092954f,-1.2245654089265634e-16f,0.04361938736533603f,-0.9990482215818578f,-0.17065782862629397f,0f,0f,0f,1f],start_interpolation:0}
execute if entity @s[tag=aj.spawner.bone.heart] run data modify entity @s {} merge value {transformation:[-1.1f,0f,1.2246467991473532e-16f,-0.03125f,0f,1f,0f,0.37499999999999994f,-1.3471114790620887e-16f,0f,-1f,-0.017116477272727693f,0f,0f,0f,1f],start_interpolation:0}