execute if entity @s[tag=aj.spawner.bone.bones_right] run data modify entity @s {} merge value {transformation:[-1f,3.2885669197155685e-17f,1.1796665032149477e-16f,-0.03125f,0f,0.9632708010475163f,-0.26853186747437685f,0.7201072295473684f,-1.2246467991473532e-16f,-0.26853186747437685f,-0.9632708010475163f,-0.12563663093520355f,0f,0f,0f,1f],start_interpolation:0}
execute if entity @s[tag=aj.spawner.bone.bones_left] run data modify entity @s {} merge value {transformation:[-1f,-3.2885669197155685e-17f,1.1796665032149477e-16f,-0.031250000000000056f,0f,0.9632708010475163f,0.26853186747437685f,0.7201072295473684f,-1.2246467991473532e-16f,0.26853186747437685f,-0.9632708010475163f,0.06313663093520352f,0f,0f,0f,1f],start_interpolation:0}
execute if entity @s[tag=aj.spawner.bone.t11] run data modify entity @s {} merge value {transformation:[-0.9982126724968189f,0.059771162587856606f,0.0024825736183816086f,-0.19777813159682406f,0.05922931968781755f,0.9950151251919932f,-0.091969019633249f,0.7176218977687969f,-0.007959155487669137f,-0.09175131733350686f,-0.995758774129522f,0.14701282828783258f,0f,0f,0f,1f],start_interpolation:0}
execute if entity @s[tag=aj.spawner.bone.t12] run data modify entity @s {} merge value {transformation:[-0.9918673243151308f,0.1272760428097211f,-0.00014100581983725368f,-0.18124525558018173f,0.12567413923086657f,0.9792072008153246f,-0.1592459374677962f,0.7815229852146701f,-0.020130118840283893f,-0.15796856268927226f,-0.9872389333476276f,0.12852746258214914f,0f,0f,0f,1f],start_interpolation:0}
execute if entity @s[tag=aj.spawner.bone.t13] run data modify entity @s {} merge value {transformation:[-0.9733232427581772f,0.22766231223544126f,-0.02849099321397996f,-0.1598700672759405f,0.22720522973643859f,0.9391082830501841f,-0.2577856013957087f,0.8342607517648458f,-0.03193193835517566f,-0.25738202014543976f,-0.9657819873132515f,0.1105730891707901f,0f,0f,0f,1f],start_interpolation:0}
execute if entity @s[tag=aj.spawner.bone.t14] run data modify entity @s {} merge value {transformation:[-0.919463832311194f,0.38235716825749294f,-0.0915928870258161f,-0.15674125668569722f,0.38461891543114307f,0.8263753550622037f,-0.4113053153539207f,0.8715176819352218f,-0.08157543113084914f,-0.4134087183743567f,-0.9068840502555373f,0.10128342459756767f,0f,0f,0f,1f],start_interpolation:0}
execute if entity @s[tag=aj.spawner.bone.t15] run data modify entity @s {} merge value {transformation:[-0.8380525145666952f,0.5224665823968161f,-0.15715168820929107f,-0.13812323182106842f,0.5267355059930346f,0.6997334589852204f,-0.48262075494412876f,0.8800196726758206f,-0.1421889220533762f,-0.48723891126958435f,-0.8616150844722537f,0.08253666419793923f,0f,0f,0f,1f],start_interpolation:0}
execute if entity @s[tag=aj.spawner.bone.t21] run data modify entity @s {} merge value {transformation:[-0.9961946980917455f,-0.08691938356511164f,0.007596123493896091f,0.13605262242850583f,-0.08715574274765817f,0.9934931002730009f,-0.08682408883346518f,0.7173191621832792f,-1.2199866483456202e-16f,-0.08725140148969829f,-0.9961946980917455f,0.14647544938412435f,0f,0f,0f,1f],start_interpolation:0}
execute if entity @s[tag=aj.spawner.bone.t22] run data modify entity @s {} merge value {transformation:[-0.9894415424318858f,-0.14341048609102963f,0.02094914292150366f,0.12408560874837159f,-0.14493251566478157f,0.979047171579267f,-0.14304265701431654f,0.7823920466696371f,0.000003617849867583456f,-0.14456855917443512f,-0.9894947860828469f,0.13443884967120703f,0f,0f,0f,1f],start_interpolation:0}
execute if entity @s[tag=aj.spawner.bone.t23] run data modify entity @s {} merge value {transformation:[-0.9725638471717634f,-0.22764771981965f,0.04791741682700782f,0.1110346475511253f,-0.2325519149040513f,0.9458234096443787f,-0.22657820866786987f,0.8364106227324875f,0.006258597999389967f,-0.23150506134768636f,-0.9728135671964521f,0.11804876856613335f,0f,0f,0f,1f],start_interpolation:0}
execute if entity @s[tag=aj.spawner.bone.t24] run data modify entity @s {} merge value {transformation:[-0.927535211427771f,-0.3434647060267453f,0.14734458685544466f,0.0975538079229674f,-0.37358428606736405f,0.8632872542659935f,-0.3393669073811115f,0.8705197944341438f,-0.010640148738534867f,-0.36982037847561f,-0.9290423428988468f,0.10339062850284014f,0f,0f,0f,1f],start_interpolation:0}
execute if entity @s[tag=aj.spawner.bone.t25] run data modify entity @s {} merge value {transformation:[-0.8619725012682086f,-0.4394927864689144f,0.25268458144338246f,0.09011965523278603f,-0.5054504972567989f,0.7834214938504912f,-0.3616221201695486f,0.8837818407241942f,-0.03902821902524934f,-0.4394278707761423f,-0.8974296320630734f,0.08528687936767851f,0f,0f,0f,1f],start_interpolation:0}
execute if entity @s[tag=aj.spawner.bone.t31] run data modify entity @s {} merge value {transformation:[-0.9961946980917455f,0.08691938356511164f,0.007596123493896091f,-0.196048292734301f,0.08715574274765817f,0.9934931002730009f,0.08682408883346518f,0.7172096127474591f,-1.2199866483456202e-16f,0.08725140148969829f,-0.9961946980917455f,-0.21022285839738689f,0f,0f,0f,1f],start_interpolation:0}
execute if entity @s[tag=aj.spawner.bone.t32] run data modify entity @s {} merge value {transformation:[-0.9894415938489656f,0.1434101268285777f,0.020949173841227096f,-0.18408127905416682f,0.1449321646452336f,0.9790471719068676f,0.14304301042837259f,0.7822824972338169f,0.0000035868644357563498f,0.14456891333954153f,-0.9894947343381665f,-0.19818625868446954f,0f,0f,0f,1f],start_interpolation:0}
execute if entity @s[tag=aj.spawner.bone.t33] run data modify entity @s {} merge value {transformation:[-0.9726636618116288f,0.2295230801927593f,0.035278274476249406f,-0.16884222110073893f,0.23141121903049638f,0.945376214603912f,0.2295923791592348f,0.8364881963529832f,0.01934550847129697f,0.23147995273890654f,-0.972647306469298f,-0.18610663540767766f,0f,0f,0f,1f],start_interpolation:0}
execute if entity @s[tag=aj.spawner.bone.t34] run data modify entity @s {} merge value {transformation:[-0.9280821467663906f,0.36291355687566224f,0.08341030565429769f,-0.16051130162160865f,0.3673342696569957f,0.8555215475049668f,0.3648950754535727f,0.8729883662832705f,0.06106605594804219f,0.3692920686808241f,-0.9273048607768581f,-0.16872047370567075f,0f,0f,0f,1f],start_interpolation:0}
execute if entity @s[tag=aj.spawner.bone.t35] run data modify entity @s {} merge value {transformation:[-0.8631301674902769f,0.4879496584961291f,0.1300440107875688f,-0.13515498156302613f,0.4922158341094324f,0.7553976674121367f,0.43254819005546513f,0.8836673483694608f,0.11282679921083472f,0.437355112970929f,-0.8921830633552869f,-0.16388142090057775f,0f,0f,0f,1f],start_interpolation:0}
execute if entity @s[tag=aj.spawner.bone.t41] run data modify entity @s {} merge value {transformation:[-0.9961946980917455f,-0.0868240888334652f,-0.007596123493895847f,0.1437427398359155f,-0.08715574274765817f,0.9924038765061041f,0.08682408883346518f,0.7184409069772367f,-1.2199866483456202e-16f,0.08715574274765815f,-0.9961946980917455f,-0.21408740679515645f,0f,0f,0f,1f],start_interpolation:0}
execute if entity @s[tag=aj.spawner.bone.t42] run data modify entity @s {} merge value {transformation:[-0.9961946980917455f,-0.0868240888334652f,-0.007596123493895847f,0.13159484263737822f,-0.08715574274765817f,0.9924038765061041f,0.08682408883346518f,0.7855812995396485f,-1.2199866483456202e-16f,0.08715574274765815f,-0.9961946980917455f,-0.20186923261818163f,0f,0f,0f,1f],start_interpolation:0}
execute if entity @s[tag=aj.spawner.bone.t43] run data modify entity @s {} merge value {transformation:[-0.9961946980917455f,-0.0868240888334652f,-0.007596123493895847f,0.11690022544843183f,-0.08715574274765817f,0.9924038765061041f,0.08682408883346518f,0.8459754809002069f,-1.2199866483456202e-16f,0.08715574274765815f,-0.9961946980917455f,-0.18708267340184287f,0f,0f,0f,1f],start_interpolation:0}
execute if entity @s[tag=aj.spawner.bone.t44] run data modify entity @s {} merge value {transformation:[-0.9961946980917455f,-0.0868240888334652f,-0.007596123493895847f,0.36721874612722605f,-0.08715574274765817f,0.9924038765061041f,0.08682408883346518f,0.15763120023558697f,-1.2199866483456202e-16f,0.08715574274765815f,-0.9961946980917455f,0.2629646641788614f,0f,0f,0f,1f],start_interpolation:0}
execute if entity @s[tag=aj.spawner.bone.t45] run data modify entity @s {} merge value {transformation:[-0.9961946980917455f,-0.0868240888334652f,-0.007596123493895847f,0.09266617134502603f,-0.08715574274765817f,0.9924038765061041f,0.08682408883346518f,0.9078398634537734f,-1.2199866483456202e-16f,0.08715574274765815f,-0.9961946980917455f,-0.1626844271948078f,0f,0f,0f,1f],start_interpolation:0}
execute if entity @s[tag=aj.spawner.bone.v21] run data modify entity @s {} merge value {transformation:[-1f,0f,1.3000096790948827e-16f,-0.08549492101734665f,0f,1f,0f,0.6282246178250585f,-1.2246467991473532e-16f,0f,-1.0615384615384615f,-0.03125f,0f,0f,0f,1f],start_interpolation:0}
execute if entity @s[tag=aj.spawner.bone.v22] run data modify entity @s {} merge value {transformation:[-1f,0f,1.3000096790948827e-16f,0.02392149852408563f,0f,1f,0f,0.6282246178250586f,-1.2246467991473532e-16f,0f,-1.0615384615384615f,-0.03125f,0f,0f,0f,1f],start_interpolation:0}
execute if entity @s[tag=aj.spawner.bone.v31] run data modify entity @s {} merge value {transformation:[-1f,0f,1.3942132790292946e-16f,-0.14883150298131478f,0f,1f,0f,0.5591048674991094f,-1.2246467991473532e-16f,0f,-1.1384615384615386f,-0.03125f,0f,0f,0f,1f],start_interpolation:0}
execute if entity @s[tag=aj.spawner.bone.v32] run data modify entity @s {} merge value {transformation:[-1f,0f,1.3942132790292946e-16f,0.08725808048805375f,0f,1f,0f,0.5591048674991094f,-1.2246467991473532e-16f,0f,-1.1384615384615386f,-0.03125f,0f,0f,0f,1f],start_interpolation:0}
execute if entity @s[tag=aj.spawner.bone.heart] run data modify entity @s {} merge value {transformation:[-1.2000000000000002f,0f,1.2246467991473532e-16f,-0.03125f,0f,1f,0f,0.37499999999999994f,-1.469576158976824e-16f,0f,-1f,-0.017116477272727693f,0f,0f,0f,1f],start_interpolation:0}