execute if entity @s[tag=aj.spawner.bone.bones_right] run data modify entity @s {} merge value {transformation:[-1f,3.058879644897931e-17f,1.185829808970136e-16f,-0.03125f,0f,0.9683035221222615f,-0.24977647816722687f,0.7191027652616542f,-1.2246467991473532e-16f,-0.24977647816722687f,-0.9683035221222615f,-0.12555936445168703f,0f,0f,0f,1f],start_interpolation:0}
execute if entity @s[tag=aj.spawner.bone.bones_left] run data modify entity @s {} merge value {transformation:[-1f,-3.058879644897931e-17f,1.185829808970136e-16f,-0.031250000000000056f,0f,0.9683035221222615f,0.24977647816722687f,0.7191027652616542f,-1.2246467991473532e-16f,0.24977647816722687f,-0.9683035221222615f,0.06305936445168706f,0f,0f,0f,1f],start_interpolation:0}
execute if entity @s[tag=aj.spawner.bone.t11] run data modify entity @s {} merge value {transformation:[-0.9951326268247774f,0.09877619440781055f,-0.0011185061819783035f,-0.19773539690706182f,0.09783309976913215f,0.9889029616942602f,-0.13116297870224494f,0.7175266815367297f,-0.011821151313697716f,-0.1309493173969324f,-0.9913601878035425f,0.14695217585843098f,0f,0f,0f,1f],start_interpolation:0}
execute if entity @s[tag=aj.spawner.bone.t12] run data modify entity @s {} merge value {transformation:[-0.9914885018536058f,0.13017707096560882f,-0.0021168105506259097f,-0.18102865923750566f,0.12878422990293922f,0.9782342640972592f,-0.16270324727675434f,0.7826465145267809f,-0.01910949555585619f,-0.16159101070575865f,-0.9866727788069822f,0.1282091744235539f,0f,0f,0f,1f],start_interpolation:0}
execute if entity @s[tag=aj.spawner.bone.t13] run data modify entity @s {} merge value {transformation:[-0.9958860120783832f,0.09061332250831483f,-0.0005260519160321083f,-0.16538380789484353f,0.08998653100418691f,0.9882814617569177f,-0.12329710696298855f,0.8426748347141675f,-0.010652473161043232f,-0.12283720174122435f,-0.9923696623153787f,0.11697995355047597f,0f,0f,0f,1f],start_interpolation:0}
execute if entity @s[tag=aj.spawner.bone.t14] run data modify entity @s {} merge value {transformation:[-0.9966348054081158f,0.08195909507201181f,-0.0013309335461494766f,-0.16600046439909805f,0.08157199099750014f,0.9900681371127479f,-0.1145036862236184f,0.883061469646994f,-0.008066903608640272f,-0.1142269259372326f,-0.9934219317375165f,0.10995562054460557f,0f,0f,0f,1f],start_interpolation:0}
execute if entity @s[tag=aj.spawner.bone.t15] run data modify entity @s {} merge value {transformation:[-0.9972986888179263f,0.07341066791569731f,-0.002489802846898842f,-0.1542535863297636f,0.0732409066756151f,0.9912759146547583f,-0.10958024737472694f,0.9057235544472841f,-0.00557627755577637f,-0.10946659244510956f,-0.993974833819789f,0.09754733339791828f,0f,0f,0f,1f],start_interpolation:0}
execute if entity @s[tag=aj.spawner.bone.t21] run data modify entity @s {} merge value {transformation:[-0.9931877282994419f,-0.11624743652799381f,0.011126656900494953f,0.13601013305033088f,-0.11649869770989531f,0.9885506481931055f,-0.11606839611768589f,0.7172335981488527f,0.002487928313336496f,-0.11682984173780704f,-0.9931788987533346f,0.14642560076447966f,0f,0f,0f,1f],start_interpolation:0}
execute if entity @s[tag=aj.spawner.bone.t22] run data modify entity @s {} merge value {transformation:[-0.9890652323402583f,-0.1460580688808254f,0.020420741673965036f,0.12385793428666655f,-0.14747282104489018f,0.9782627000784467f,-0.14578702510267777f,0.7832286427892567f,0.0013165214668000363f,-0.14720438223786367f,-0.9891052201971215f,0.13420056734429936f,0f,0f,0f,1f],start_interpolation:0}
execute if entity @s[tag=aj.spawner.bone.t23] run data modify entity @s {} merge value {transformation:[-0.9928205647087839f,-0.11905093205936303f,0.0115845529533196f,0.10513625137441207f,-0.11958129054643254f,0.9856511641070377f,-0.11913059072165885f,0.8424681319304732f,0.002764279758096909f,-0.11966059614692981f,-0.9928110094510335f,0.12341929635597375f,0f,0f,0f,1f],start_interpolation:0}
execute if entity @s[tag=aj.spawner.bone.t24] run data modify entity @s {} merge value {transformation:[-0.9928205647087839f,-0.11905093205936303f,0.0115845529533196f,0.09228242692352609f,-0.11958129054643254f,0.9856511641070377f,-0.11913059072165885f,0.8811134520201543f,0.002764279758096909f,-0.11966059614692981f,-0.9928110094510335f,0.11047749172323959f,0f,0f,0f,1f],start_interpolation:0}
execute if entity @s[tag=aj.spawner.bone.t25] run data modify entity @s {} merge value {transformation:[-0.9928132026867449f,-0.11904566387592337f,0.012250489101616874f,0.0820282694192954f,-0.11965609723281437f,0.9856607370936852f,-0.11897617302193172f,0.9031498284169744f,0.0020887713851547394f,-0.11958696109640894f,-0.9928215326884416f,0.09790908315060987f,0f,0f,0f,1f],start_interpolation:0}
execute if entity @s[tag=aj.spawner.bone.t31] run data modify entity @s {} merge value {transformation:[-0.9931877282994419f,0.11624743652799381f,0.011126656900494953f,-0.19600580468547624f,0.11649869770989531f,0.9885506481931055f,0.11606839611768589f,0.7171220823546485f,0.002487928313336496f,0.11682984173780704f,-0.9931788987533346f,-0.21017283819623056f,0f,0f,0f,1f],start_interpolation:0}
execute if entity @s[tag=aj.spawner.bone.t32] run data modify entity @s {} merge value {transformation:[-0.9882902313273134f,0.15139943043237958f,0.018990290354710296f,-0.1838558700232561f,0.15252325595946264f,0.976642208587232f,0.15134943936922196f,0.7830917045450506f,0.004367499803023103f,0.1524736333619836f,-0.9882978883286485f,-0.19795007783865454f,0f,0f,0f,1f],start_interpolation:0}
execute if entity @s[tag=aj.spawner.bone.t33] run data modify entity @s {} merge value {transformation:[-0.9935637656551269f,0.1127340667928609f,0.011048699540974588f,-0.1734403720582089f,0.1132597805397165f,0.987144177719166f,0.1127767463054637f,0.8426843520447003f,0.0018071218274401852f,0.11330226202284949f,-0.9935589221234975f,-0.1788011492017066f,0f,0f,0f,1f],start_interpolation:0}
execute if entity @s[tag=aj.spawner.bone.t34] run data modify entity @s {} merge value {transformation:[-0.9944890524930576f,0.10419051252187567f,0.011655967222383976f,-0.16829436492249078f,0.10483815482984528f,0.9890409726130034f,0.10395631671330852f,0.8815204554703435f,-0.0006969672401258909f,0.1046054090052383f,-0.9945135608142872f,-0.15887138474345086f,0f,0f,0f,1f],start_interpolation:0}
execute if entity @s[tag=aj.spawner.bone.t35] run data modify entity @s {} merge value {transformation:[-0.9953282348384108f,0.0957095515188716f,0.012703805788403195f,-0.14857436752817688f,0.09649899043706828f,0.9903972011823758f,0.09900166026255915f,0.9041536539120686f,-0.0031064091938457624f,0.09976505218849455f,-0.9950061731385124f,-0.15547388326720524f,0f,0f,0f,1f],start_interpolation:0}
execute if entity @s[tag=aj.spawner.bone.t41] run data modify entity @s {} merge value {transformation:[-0.9960576711901159f,-0.08835831982331997f,-0.007869115663322728f,0.14506294260369526f,-0.08870803606958533f,0.9921308843366772f,0.08835831982331996f,0.7185581115567649f,-1.2198188387891424e-16f,0.08870803606958531f,-0.9960576711901159f,-0.21472214005983914f,0f,0f,0f,1f],start_interpolation:0}
execute if entity @s[tag=aj.spawner.bone.t42] run data modify entity @s {} merge value {transformation:[-0.9960576711901159f,-0.08835831982331997f,-0.007869115663322728f,0.13281212964379957f,-0.08870803606958533f,0.9921308843366772f,0.08835831982331996f,0.7856604451305799f,-1.2198188387891424e-16f,0.08870803606958531f,-0.9960576711901159f,-0.202398102135117f,0f,0f,0f,1f],start_interpolation:0}
execute if entity @s[tag=aj.spawner.bone.t43] run data modify entity @s {} merge value {transformation:[-0.9960576711901159f,-0.08835831982331997f,-0.007869115663322728f,0.1180254669467784f,-0.08870803606958533f,0.9921308843366772f,0.08835831982331996f,0.8460086283151261f,-1.2198188387891424e-16f,0.08870803606958531f,-0.9960576711901159f,-0.18751580921336058f,0f,0f,0f,1f],start_interpolation:0}
execute if entity @s[tag=aj.spawner.bone.t44] run data modify entity @s {} merge value {transformation:[-0.9960576711901159f,-0.08835831982331997f,-0.007869115663322728f,0.36947848725972154f,-0.08870803606958533f,0.9921308843366772f,0.08835831982331996f,0.1573575607641019f,-1.2198188387891424e-16f,0.08870803606958531f,-0.9960576711901159f,0.2614283992561624f,0f,0f,0f,1f],start_interpolation:0}
execute if entity @s[tag=aj.spawner.bone.t45] run data modify entity @s {} merge value {transformation:[-0.9960576711901159f,-0.08835831982331997f,-0.007869115663322728f,0.09369841679224568f,-0.08870803606958533f,0.9921308843366772f,0.08835831982331996f,0.9077972234267282f,-1.2198188387891424e-16f,0.08870803606958531f,-0.9960576711901159f,-0.1630182630114796f,0f,0f,0f,1f],start_interpolation:0}
execute if entity @s[tag=aj.spawner.bone.v51] run data modify entity @s {} merge value {transformation:[-1f,0f,1.382101387609156e-16f,-0.17228970872519955f,0f,1f,0f,0.40503218852138173f,-1.2246467991473532e-16f,0f,-1.1285714285714288f,-0.031250000000000056f,0f,0f,0f,1f],start_interpolation:0}
execute if entity @s[tag=aj.spawner.bone.v52] run data modify entity @s {} merge value {transformation:[-1f,0f,1.382101387609156e-16f,0.11071628623193841f,0f,1f,0f,0.4050321885213818f,-1.2246467991473532e-16f,0f,-1.1285714285714288f,-0.03125f,0f,0f,0f,1f],start_interpolation:0}
execute if entity @s[tag=aj.spawner.bone.v61] run data modify entity @s {} merge value {transformation:[-1f,0f,1.3121215705150213e-16f,-0.09963345872519982f,0f,1f,0f,0.38940718852138173f,-1.2246467991473532e-16f,0f,-1.0714285714285714f,-0.03125f,0f,0f,0f,1f],start_interpolation:0}
execute if entity @s[tag=aj.spawner.bone.v62] run data modify entity @s {} merge value {transformation:[-1f,0f,1.3121215705150213e-16f,0.03806003325170601f,0f,1f,0f,0.38940718852138173f,-1.2246467991473532e-16f,0f,-1.0714285714285714f,-0.03125f,0f,0f,0f,1f],start_interpolation:0}
execute if entity @s[tag=aj.spawner.bone.heart] run data modify entity @s {} merge value {transformation:[-1.2035714285714287f,0f,1.2246467991473532e-16f,-0.03125f,0f,1f,0f,0.37499999999999994f,-1.4739498975452074e-16f,0f,-1f,-0.017116477272727693f,0f,0f,0f,1f],start_interpolation:0}