execute if entity @s[tag=aj.spawner.bone.bones_right] run data modify entity @s {} merge value {transformation:[-1f,1.371169372781264e-17f,1.2169464771194024e-16f,-0.03125f,0f,0.9937122098932426f,-0.11196447610330795f,0.7118483009759399f,-1.2246467991473532e-16f,-0.11196447610330795f,-0.9937122098932426f,-0.12500132873740133f,0f,0f,0f,1f],start_interpolation:0}
execute if entity @s[tag=aj.spawner.bone.bones_left] run data modify entity @s {} merge value {transformation:[-1f,-1.371169372781264e-17f,1.2169464771194024e-16f,-0.031250000000000056f,0f,0.9937122098932426f,0.11196447610330795f,0.7118483009759399f,-1.2246467991473532e-16f,0.11196447610330795f,-0.9937122098932426f,0.06250132873740133f,0f,0f,0f,1f],start_interpolation:0}
execute if entity @s[tag=aj.spawner.bone.t11] run data modify entity @s {} merge value {transformation:[-0.995560535821648f,0.09432744486541739f,-0.0005158490631853893f,-0.19723960951511701f,0.09332957751789896f,0.988591727807342f,-0.1350120118490378f,0.7163727457874413f,-0.012198748904843484f,-0.13475424994609353f,-0.9908438275309683f,0.1462360312922463f,0f,0f,0f,1f],start_interpolation:0}
execute if entity @s[tag=aj.spawner.bone.t12] run data modify entity @s {} merge value {transformation:[-0.9861460562361051f,0.16574766889488024f,-0.006608027382645655f,-0.17957699980300665f,0.16353353158947334f,0.9647527889007893f,-0.2061767211739084f,0.779287754165891f,-0.027798198068424842f,-0.20440099452806482f,-0.9784924596643996f,0.12608324823585423f,0f,0f,0f,1f],start_interpolation:0}
execute if entity @s[tag=aj.spawner.bone.t13] run data modify entity @s {} merge value {transformation:[-0.9899000222370204f,0.14150835761100744f,-0.008563334711528403f,-0.1603834070242684f,0.14069717219418856f,0.9732268207400431f,-0.1817521970397794f,0.8370724955082698f,-0.017385387879057752f,-0.18112134086976933f,-0.983307077249946f,0.11096772869469135f,0f,0f,0f,1f],start_interpolation:0}
execute if entity @s[tag=aj.spawner.bone.t14] run data modify entity @s {} merge value {transformation:[-0.9919604073483732f,0.12624543969782434f,-0.008754382259881694f,-0.16047285758999294f,0.12593666919577728f,0.978003864423749f,-0.1662780698832125f,0.8774016398229888f,-0.01243002836370472f,-0.16604375967712887f,-0.9860400419187657f,0.10303598582230165f,0f,0f,0f,1f],start_interpolation:0}
execute if entity @s[tag=aj.spawner.bone.t15] run data modify entity @s {} merge value {transformation:[-0.9937586193623568f,0.1111286646991847f,-0.009707024528582707f,-0.14727777263486086f,0.11126542485593759f,0.9812160775432746f,-0.1575912891064038f,0.8983712629050032f,-0.007988220994065546f,-0.15768775809417362f,-0.9874567126069796f,0.08906268357730979f,0f,0f,0f,1f],start_interpolation:0}
execute if entity @s[tag=aj.spawner.bone.t21] run data modify entity @s {} merge value {transformation:[-0.9922479829994043f,-0.1237072599427007f,0.01407640178707271f,0.135398166457901f,-0.12426581194991333f,0.9863888090945918f,-0.12354350066196196f,0.715933990182601f,0.0013957843826145448f,-0.12457002832668326f,-0.9922393150631137f,0.14568626563346726f,0f,0f,0f,1f],start_interpolation:0}
execute if entity @s[tag=aj.spawner.bone.t22] run data modify entity @s {} merge value {transformation:[-0.9825725678872074f,-0.18308187574318455f,0.03212748994080259f,0.12186500757239943f,-0.18586380267750474f,0.9654649552106461f,-0.18257071811865816f,0.7802228206533173f,0.002407423892216683f,-0.18536031677374226f,-0.982667673873391f,0.1320279272951198f,0f,0f,0f,1f],start_interpolation:0}
execute if entity @s[tag=aj.spawner.bone.t23] run data modify entity @s {} merge value {transformation:[-0.9848516077331319f,-0.17182875533987596f,0.02328496475870935f,0.10416417920502097f,-0.17325895625349497f,0.9697404359581793f,-0.17200238645318242f,0.8376411662921839f,0.006974584103357032f,-0.1734311555228456f,-0.9848212982417651f,0.11773850236559676f,0f,0f,0f,1f],start_interpolation:0}
execute if entity @s[tag=aj.spawner.bone.t24] run data modify entity @s {} merge value {transformation:[-0.9848516077331319f,-0.17182875533987596f,0.02328496475870935f,0.09044569617793195f,-0.17325895625349497f,0.9697404359581793f,-0.17200238645318242f,0.875664155666988f,0.006974584103357032f,-0.1734311555228456f,-0.9848212982417651f,0.10387389355615083f,0f,0f,0f,1f],start_interpolation:0}
execute if entity @s[tag=aj.spawner.bone.t25] run data modify entity @s {} merge value {transformation:[-0.9848284864857985f,-0.17177844177202692f,0.024597136997340723f,0.08096009705626159f,-0.17343928078075332f,0.9697754102034127f,-0.1716230452097202f,0.8960554315605378f,0.005627440656870222f,-0.17328537361005691f,-0.9848555788563501f,0.08979054278003785f,0f,0f,0f,1f],start_interpolation:0}
execute if entity @s[tag=aj.spawner.bone.t31] run data modify entity @s {} merge value {transformation:[-0.9922479829994043f,0.1237072599427007f,0.01407640178707271f,-0.195393868138143f,0.12426581194991333f,0.9863888090945918f,0.12354350066196196f,0.7157929096445758f,0.0013957843826145448f,0.12457002832668326f,-0.9922393150631137f,-0.2094305661397682f,0f,0f,0f,1f],start_interpolation:0}
execute if entity @s[tag=aj.spawner.bone.t32] run data modify entity @s {} merge value {transformation:[-0.9807737759042046f,0.19207994062981137f,0.034468781618404006f,-0.18190125607005334f,0.19511419028726626f,0.9618905841075848f,0.19156449815587923f,0.7797218771575329f,0.0036405009481574723f,0.1946067846011992f,-0.9808745822683087f,-0.19581303118192483f,0f,0f,0f,1f],start_interpolation:0}
execute if entity @s[tag=aj.spawner.bone.t33] run data modify entity @s {} merge value {transformation:[-0.9852749267231999f,0.16937059745515917f,0.023386309847333645f,-0.16759968567692424f,0.1708720151085771f,0.970607585222794f,0.16948058874310862f,0.8374448340759488f,0.006006098844279871f,0.17098104054443858f,-0.9852560126946772f,-0.1779841986185436f,0f,0f,0f,1f],start_interpolation:0}
execute if entity @s[tag=aj.spawner.bone.t34] run data modify entity @s {} merge value {transformation:[-0.9877370632169263f,0.1544034216351376f,0.02313173869305152f,-0.16173942323284332f,0.15612187692003454f,0.9756625601157756f,0.15397573943740586f,0.8757805895337377f,0.0012056096247440632f,0.1556989151397409f,-0.9878038238080173f,-0.15703489861993516f,0f,0f,0f,1f],start_interpolation:0}
execute if entity @s[tag=aj.spawner.bone.t35] run data modify entity @s {} merge value {transformation:[-0.9899392892421938f,0.13947112903020908f,0.023832913831483615f,-0.14044373032964222f,0.14145924038171356f,0.9792305393429637f,0.14524749267618003f,0.8969600825248358f,-0.003080085272964228f,0.14715758555075292f,-0.9891082640892169f,-0.15472238497751864f,0f,0f,0f,1f],start_interpolation:0}
execute if entity @s[tag=aj.spawner.bone.t41] run data modify entity @s {} merge value {transformation:[-0.9937122098932426f,-0.11126046697815722f,-0.012536043909088072f,0.1467760559346534f,-0.11196447610330786f,0.9874639560909118f,0.11126046697815721f,0.7180070927475858f,-1.2256200944992864e-16f,0.11196447610330784f,-0.9937122098932426f,-0.21516352119684445f,0f,0f,0f,1f],start_interpolation:0}
execute if entity @s[tag=aj.spawner.bone.t42] run data modify entity @s {} merge value {transformation:[-0.9937122098932426f,-0.11126046697815722f,-0.012536043909088072f,0.13299454779250416f,-0.11196447610330786f,0.9874639560909118f,0.11126046697815721f,0.784500083834576f,-1.2256200944992864e-16f,0.11196447610330784f,-0.9937122098932426f,-0.2012552621529094f,0f,0f,0f,1f],start_interpolation:0}
execute if entity @s[tag=aj.spawner.bone.t43] run data modify entity @s {} merge value {transformation:[-0.9937122098932426f,-0.11126046697815722f,-0.012536043909088072f,0.11684224205026791f,-0.11196447610330786f,0.9874639560909118f,0.11126046697815721f,0.8441238472488692f,-1.2256200944992864e-16f,0.11196447610330784f,-0.9937122098932426f,-0.18494143042870348f,0f,0f,0f,1f],start_interpolation:0}
execute if entity @s[tag=aj.spawner.bone.t44] run data modify entity @s {} merge value {transformation:[-0.9937122098932426f,-0.11126046697815722f,-0.012536043909088072f,0.3854754759069715f,-0.11196447610330786f,0.9874639560909118f,0.11126046697815721f,0.15130322164273524f,-1.2256200944992864e-16f,0.11196447610330784f,-0.9937122098932426f,0.2473265223325532f,0f,0f,0f,1f],start_interpolation:0}
execute if entity @s[tag=aj.spawner.bone.t45] run data modify entity @s {} merge value {transformation:[-0.9937122098932426f,-0.11126046697815722f,-0.012536043909088072f,0.09114372079262346f,-0.11196447610330786f,0.9874639560909118f,0.11126046697815721f,0.9047407016845572f,-1.2256200944992864e-16f,0.11196447610330784f,-0.9937122098932426f,-0.15896165774892584f,0f,0f,0f,1f],start_interpolation:0}
execute if entity @s[tag=aj.spawner.bone.v51] run data modify entity @s {} merge value {transformation:[-1f,0f,1.2946266162414877e-16f,-0.17228970872519955f,0f,1f,0f,0.40503218852138173f,-1.2246467991473532e-16f,0f,-1.0571428571428572f,-0.031250000000000056f,0f,0f,0f,1f],start_interpolation:0}
execute if entity @s[tag=aj.spawner.bone.v52] run data modify entity @s {} merge value {transformation:[-1f,0f,1.2946266162414877e-16f,0.11071628623193841f,0f,1f,0f,0.4050321885213818f,-1.2246467991473532e-16f,0f,-1.0571428571428572f,-0.03125f,0f,0f,0f,1f],start_interpolation:0}
execute if entity @s[tag=aj.spawner.bone.v61] run data modify entity @s {} merge value {transformation:[-1f,0f,1.3995963418826896e-16f,-0.09963345872519982f,0f,1f,0f,0.38940718852138173f,-1.2246467991473532e-16f,0f,-1.142857142857143f,-0.03125f,0f,0f,0f,1f],start_interpolation:0}
execute if entity @s[tag=aj.spawner.bone.v62] run data modify entity @s {} merge value {transformation:[-1f,0f,1.3995963418826896e-16f,0.03806003325170601f,0f,1f,0f,0.38940718852138173f,-1.2246467991473532e-16f,0f,-1.142857142857143f,-0.03125f,0f,0f,0f,1f],start_interpolation:0}
execute if entity @s[tag=aj.spawner.bone.heart] run data modify entity @s {} merge value {transformation:[-1.2571428571428573f,0f,1.2246467991473532e-16f,-0.03125f,0f,1f,0f,0.37499999999999994f,-1.5395559760709585e-16f,0f,-1f,-0.017116477272727693f,0f,0f,0f,1f],start_interpolation:0}