execute if entity @s[tag=aj.spawner.bone.bones_right] run data modify entity @s {} merge value {transformation:[-1f,1.7119379186387113e-17f,1.2126221457194023e-16f,-0.03125f,0f,0.9901811253364456f,-0.13979033953549946f,0.7132991938330827f,-1.2246467991473532e-16f,-0.13979033953549946f,-0.9901811253364456f,-0.12511293588025846f,0f,0f,0f,1f],start_interpolation:0}
execute if entity @s[tag=aj.spawner.bone.bones_left] run data modify entity @s {} merge value {transformation:[-1f,-1.7119379186387113e-17f,1.2126221457194023e-16f,-0.031250000000000056f,0f,0.9901811253364456f,0.13979033953549946f,0.7132991938330827f,-1.2246467991473532e-16f,0.13979033953549946f,-0.9901811253364456f,0.06261293588025849f,0f,0f,0f,1f],start_interpolation:0}
execute if entity @s[tag=aj.spawner.bone.t11] run data modify entity @s {} merge value {transformation:[-0.9999893385255876f,0.0045195733214969174f,0.0009489350976247421f,-0.19970881353230216f,0.004510907165800456f,1.0000563739661075f,-0.008475671353627649f,0.7213823241528338f,-0.0009871938508722576f,-0.008472168506794588f,-0.9999636305972761f,0.14962314790880354f,0f,0f,0f,1f],start_interpolation:0}
execute if entity @s[tag=aj.spawner.bone.t12] run data modify entity @s {} merge value {transformation:[-0.9998413038271554f,0.01772695195886193f,0.0017670131471165728f,-0.18691423535304638f,0.017684515283969332f,0.999608592323659f,-0.021677639905764885f,0.7894118683166882f,-0.0021506000057975984f,-0.02164295097626838f,-0.9997634508185692f,0.13658365849721965f,0f,0f,0f,1f],start_interpolation:0}
execute if entity @s[tag=aj.spawner.bone.t13] run data modify entity @s {} merge value {transformation:[-0.9976883571010775f,0.0679546940440757f,0.00031884530576450486f,-0.17421818150953944f,0.06775650593517396f,0.9951154796418555f,-0.07179302250648183f,0.8490386042685856f,-0.005195960778304812f,-0.07160545883196011f,-0.997419500640054f,0.12934951519119986f,0f,0f,0f,1f],start_interpolation:0}
execute if entity @s[tag=aj.spawner.bone.t14] run data modify entity @s {} merge value {transformation:[-0.9893026987869278f,0.1458768137353732f,-0.0003541007153288644f,-0.17531808312613154f,0.14426641797503173f,0.9780158687720059f,-0.15057277667225252f,0.8884787858305825f,-0.02161876077750099f,-0.1490131391675037f,-0.9885988638158003f,0.12461735370997752f,0f,0f,0f,1f],start_interpolation:0}
execute if entity @s[tag=aj.spawner.bone.t15] run data modify entity @s {} merge value {transformation:[-0.9747613090424505f,0.22324935321358363f,-0.000341589761464691f,-0.1624829263216431f,0.21899973411596732f,0.9559070642683913f,-0.19565480044946792f,0.9076485028900285f,-0.04335327958741063f,-0.19079153747350025f,-0.9806727702845193f,0.11173090049576614f,0f,0f,0f,1f],start_interpolation:0}
execute if entity @s[tag=aj.spawner.bone.t21] run data modify entity @s {} merge value {transformation:[-0.9997062090049132f,-0.024238576671158016f,0.0005874956770249173f,0.13794125890003017f,-0.024238310110748125f,0.99971720325722f,-0.024231189113501465f,0.7206582471036679f,-1.2248291100318447e-16f,-0.02424569983944043f,-0.9997062090049132f,0.14854824984700854f,0f,0f,0f,1f],start_interpolation:0}
execute if entity @s[tag=aj.spawner.bone.t22] run data modify entity @s {} merge value {transformation:[-0.9991847499786193f,-0.04028468268953854f,0.002641921794312027f,0.13004489536906275f,-0.04035843135360773f,0.9983741627296523f,-0.040252058488257594f,0.788486558687941f,-0.0010160850555932864f,-0.040325866816091765f,-0.9991860647730686f,0.14064772902044645f,0f,0f,0f,1f],start_interpolation:0}
execute if entity @s[tag=aj.spawner.bone.t23] run data modify entity @s {} merge value {transformation:[-0.9962589719008861f,-0.08591424769668007f,0.00931681006049407f,0.1157703068959306f,-0.08639747121317315f,0.9925640993911069f,-0.08574372028253717f,0.8477140086400794f,-0.0018809239641035497f,-0.08622789944463777f,-0.9962736629472883f,0.13272865038121856f,0f,0f,0f,1f],start_interpolation:0}
execute if entity @s[tag=aj.spawner.bone.t24] run data modify entity @s {} merge value {transformation:[-0.9867444375186263f,-0.15702167322139496f,0.040983035085306034f,0.10491604829516707f,-0.16156485337145066f,0.9742554849839918f,-0.15723564523882155f,0.885589339009563f,-0.015238542617705363f,-0.1617728163733337f,-0.98671036414012f,0.1213100831574955f,0f,0f,0f,1f],start_interpolation:0}
execute if entity @s[tag=aj.spawner.bone.t25] run data modify entity @s {} merge value {transformation:[-0.9713765317760386f,-0.22368596339573196f,0.07995138081658118f,0.09616941617953458f,-0.2351095482151124f,0.9533980704685306f,-0.18909156397091975f,0.9056045075685244f,-0.03392836354498232f,-0.20247644062113976f,-0.9786992168897213f,0.10809285582636403f,0f,0f,0f,1f],start_interpolation:0}
execute if entity @s[tag=aj.spawner.bone.t31] run data modify entity @s {} merge value {transformation:[-0.9997062090049132f,0.024238576671158016f,0.0005874956770249173f,-0.19793691118202217f,0.024238310110748125f,0.99971720325722f,0.024231189113501465f,0.720627887607324f,-1.2248291100318447e-16f,0.02424569983944043f,-0.9997062090049132f,-0.21230005588263187f,0f,0f,0f,1f],start_interpolation:0}
execute if entity @s[tag=aj.spawner.bone.t32] run data modify entity @s {} merge value {transformation:[-0.999184753967357f,0.0402845835990262f,0.0026419241937545397f,-0.19004054765105483f,0.040358332540881205f,0.9983741627340426f,0.040252157452977784f,0.788456199191597f,-0.0010160874529908498f,0.04032596569646826f,-0.9991860607799407f,-0.20439953505606975f,0f,0f,0f,1f],start_interpolation:0}
execute if entity @s[tag=aj.spawner.bone.t33] run data modify entity @s {} merge value {transformation:[-0.9962629583335483f,0.08633348837135622f,0.0025781074685740013f,-0.18268697867943057f,0.08623320516689681f,0.9925277961575361f,0.0863273316007653f,0.847710742156343f,0.004894096354843846f,0.08622704123589951f,-0.9962634918436849f,-0.19067859002529572f,0f,0f,0f,1f],start_interpolation:0}
execute if entity @s[tag=aj.spawner.bone.t34] run data modify entity @s {} merge value {transformation:[-0.9867662933478298f,0.16208136938780388f,0.004681026592434977f,-0.17819263094296817f,0.16066471955490982f,0.9734293323041381f,0.16316305617468047f,0.886743748311972f,0.02188904298791949f,0.16175587997749583f,-0.9865880118315745f,-0.17459039136576054f,0f,0f,0f,1f],start_interpolation:0}
execute if entity @s[tag=aj.spawner.bone.t35] run data modify entity @s {} merge value {transformation:[-0.9714223308579575f,0.23729918830788072f,0.005267859044651882f,-0.1575047475302972f,0.23321762948038524f,0.9501164709688598f,0.20709473410308962f,0.9055741576092305f,0.04413833266043351f,0.20240500690966276f,-0.9783067109898902f,-0.17050576961778452f,0f,0f,0f,1f],start_interpolation:0}
execute if entity @s[tag=aj.spawner.bone.t41] run data modify entity @s {} merge value {transformation:[-0.9997062090049132f,-0.02423118911350147f,-0.0005874956770246725f,0.14009442941957637f,-0.024238310110748125f,0.9994125043229752f,0.024231189113501465f,0.7207669376990313f,-1.2237449078593592e-16f,0.02423831011074812f,-0.9997062090049132f,-0.2133773255044043f,0f,0f,0f,1f],start_interpolation:0}
execute if entity @s[tag=aj.spawner.bone.t42] run data modify entity @s {} merge value {transformation:[-0.9997062090049132f,-0.02423118911350147f,-0.0005874956770246725f,0.1321840432097238f,-0.024238310110748125f,0.9994125043229752f,0.024231189113501465f,0.7891736130010835f,-1.2237449078593592e-16f,0.02423831011074812f,-0.9997062090049132f,-0.2054627778780097f,0f,0f,0f,1f],start_interpolation:0}
execute if entity @s[tag=aj.spawner.bone.t43] run data modify entity @s {} merge value {transformation:[-0.9997062090049132f,-0.02423118911350147f,-0.0005874956770246725f,0.121302855952681f,-0.024238310110748125f,0.9994125043229752f,0.024231189113501465f,0.851182492966042f,-1.2237449078593592e-16f,0.02423831011074812f,-0.9997062090049132f,-0.19457563778666687f,0f,0f,0f,1f],start_interpolation:0}
execute if entity @s[tag=aj.spawner.bone.t44] run data modify entity @s {} merge value {transformation:[-0.9997062090049132f,-0.02423118911350147f,-0.0005874956770246725f,0.3270485546961582f,-0.024238310110748125f,0.9994125043229752f,0.024231189113501465f,0.17818068927517183f,-1.2237449078593592e-16f,0.02423831011074812f,-0.9997062090049132f,0.2991419902755557f,0f,0f,0f,1f],start_interpolation:0}
execute if entity @s[tag=aj.spawner.bone.t45] run data modify entity @s {} merge value {transformation:[-0.9997062090049132f,-0.02423118911350147f,-0.0005874956770246725f,0.10097920829220955f,-0.024238310110748125f,0.9994125043229752f,0.024231189113501465f,0.915860135451782f,-1.2237449078593592e-16f,0.02423831011074812f,-0.9997062090049132f,-0.17424050726680707f,0f,0f,0f,1f],start_interpolation:0}
execute if entity @s[tag=aj.spawner.bone.v31] run data modify entity @s {} merge value {transformation:[-1f,0f,1.3121215705150213e-16f,-0.14883150298131478f,0f,1f,0f,0.5591048674991094f,-1.2246467991473532e-16f,0f,-1.0714285714285714f,-0.03125f,0f,0f,0f,1f],start_interpolation:0}
execute if entity @s[tag=aj.spawner.bone.v32] run data modify entity @s {} merge value {transformation:[-1f,0f,1.3121215705150213e-16f,0.08725808048805375f,0f,1f,0f,0.5591048674991094f,-1.2246467991473532e-16f,0f,-1.0714285714285714f,-0.03125f,0f,0f,0f,1f],start_interpolation:0}
execute if entity @s[tag=aj.spawner.bone.v41] run data modify entity @s {} merge value {transformation:[-1f,0f,1.382101387609156e-16f,-0.17228970872519958f,0f,1f,0f,0.4987821885213817f,-1.2246467991473532e-16f,0f,-1.1285714285714288f,-0.03125f,0f,0f,0f,1f],start_interpolation:0}
execute if entity @s[tag=aj.spawner.bone.v42] run data modify entity @s {} merge value {transformation:[-1f,0f,1.382101387609156e-16f,0.11071628623193838f,0f,1f,0f,0.4987821885213818f,-1.2246467991473532e-16f,0f,-1.1285714285714288f,-0.03125f,0f,0f,0f,1f],start_interpolation:0}
execute if entity @s[tag=aj.spawner.bone.heart] run data modify entity @s {} merge value {transformation:[-1.0555555555555556f,0f,1.2246467991473532e-16f,-0.03125f,0f,1f,0f,0.37499999999999994f,-1.2926827324333174e-16f,0f,-1f,-0.017116477272727693f,0f,0f,0f,1f],start_interpolation:0}