execute if entity @s[tag=aj.spawner.bone.bones_right] run data modify entity @s {} merge value {transformation:[-1f,4.044751960487857e-17f,1.1559236992306862e-16f,-0.03125f,0f,0.9438833303083676f,-0.3302790619551671f,0.7234554438330827f,-1.2246467991473532e-16f,-0.3302790619551671f,-0.9438833303083676f,-0.12589418588025847f,0f,0f,0f,1f],start_interpolation:0}
execute if entity @s[tag=aj.spawner.bone.bones_left] run data modify entity @s {} merge value {transformation:[-1f,-4.044751960487857e-17f,1.1559236992306862e-16f,-0.031250000000000056f,0f,0.9438833303083676f,0.3302790619551671f,0.7234554438330827f,-1.2246467991473532e-16f,0.3302790619551671f,-0.9438833303083676f,0.06339418588025847f,0f,0f,0f,1f],start_interpolation:0}
execute if entity @s[tag=aj.spawner.bone.t11] run data modify entity @s {} merge value {transformation:[-0.9995188204105417f,0.03089454536076251f,0.0029395729530478365f,-0.1987001761594315f,0.030697145347467494f,0.9988376494976464f,-0.04911272879915241f,0.7195374562628687f,-0.004451169805306479f,-0.049024198244947144f,-0.9987889160281839f,0.14828743203733746f,0f,0f,0f,1f],start_interpolation:0}
execute if entity @s[tag=aj.spawner.bone.t12] run data modify entity @s {} merge value {transformation:[-0.9973085632784549f,0.07323398539608426f,0.003523207980002893f,-0.1839852732991839f,0.07260697258039979f,0.9931658822560183f,-0.0913770094462161f,0.7855168651270421f,-0.01019103253715306f,-0.09087526454228845f,-0.9958101370995356f,0.13245946061385758f,0f,0f,0f,1f],start_interpolation:0}
execute if entity @s[tag=aj.spawner.bone.t13] run data modify entity @s {} merge value {transformation:[-0.9804431571226501f,0.19577741285856745f,-0.020060415393923656f,-0.16520797584859226f,0.19551764034209773f,0.9573403773149168f,-0.21277277616647966f,0.8395491403130707f,-0.022451458002295588f,-0.21253377749651647f,-0.9768957597700137f,0.11756044134072027f,0f,0f,0f,1f],start_interpolation:0}
execute if entity @s[tag=aj.spawner.bone.t14] run data modify entity @s {} merge value {transformation:[-0.9201216314249893f,0.3803013145479455f,-0.0935258976803802f,-0.16248239361447298f,0.384735577213444f,0.8331421335774055f,-0.397306834681115f,0.8767333515669402f,-0.0731759455699372f,-0.40155335313155255f,-0.9129075449237739f,0.10942549633128153f,0f,0f,0f,1f],start_interpolation:0}
execute if entity @s[tag=aj.spawner.bone.t15] run data modify entity @s {} merge value {transformation:[-0.8213633589541055f,0.5413287298569982f,-0.17979276625893076f,-0.1439228975863446f,0.5538020687926833f,0.6813085605899482f,-0.4786668088219583f,0.8853356669240516f,-0.13662174485993617f,-0.4927289838220014f,-0.8593908583020675f,0.0908318435536844f,0f,0f,0f,1f],start_interpolation:0}
execute if entity @s[tag=aj.spawner.bone.t21] run data modify entity @s {} merge value {transformation:[-0.9983081582712682f,-0.058088930079978f,0.003380821129028628f,0.13688364173089365f,-0.05814482891047583f,0.9973484124164869f,-0.05804645706261512f,0.7188904674326632f,-1.2247432949345689e-16f,-0.058187373907239597f,-0.9983081582712682f,0.1474185398329379f,0f,0f,0f,1f],start_interpolation:0}
execute if entity @s[tag=aj.spawner.bone.t22] run data modify entity @s {} merge value {transformation:[-0.9953036920687998f,-0.09623417939054957f,0.01046629214398394f,0.1267552720299535f,-0.0967951262985266f,0.9906580053190351f,-0.09605946086754252f,0.7852976471387229f,-0.0011243127091588542f,-0.09662142212955767f,-0.9953205698198916f,0.1372624135629673f,0f,0f,0f,1f],start_interpolation:0}
execute if entity @s[tag=aj.spawner.bone.t23] run data modify entity @s {} merge value {transformation:[-0.9785119934809197f,-0.20190767903172782f,0.04180392041444761f,0.11463745980836115f,-0.20618923116354979f,0.9576668300034165f,-0.2008985904962794f,0.8397950019683723f,0.0005287401828301692f,-0.20520119848389848f,-0.9787196680227647f,0.12287300815799554f,0f,0f,0f,1f],start_interpolation:0}
execute if entity @s[tag=aj.spawner.bone.t24] run data modify entity @s {} merge value {transformation:[-0.9244276378341032f,-0.34345342534054724f,0.16575067731477078f,0.10193487778337315f,-0.3804948345385935f,0.8598809509455515f,-0.3403357622854564f,0.8736209773684901f,-0.025636366706468055f,-0.3776830613395568f,-0.925579970547803f,0.10878918594493678f,0f,0f,0f,1f],start_interpolation:0}
execute if entity @s[tag=aj.spawner.bone.t25] run data modify entity @s {} merge value {transformation:[-0.8390882493013911f,-0.4536751235898407f,0.3001829310938066f,0.0944794059190693f,-0.5400749646073645f,0.7608587044542787f,-0.35974027361488253f,0.8864584012366918f,-0.06519158295884671f,-0.46397512227693777f,-0.8834461746022902f,0.09057728741917126f,0f,0f,0f,1f],start_interpolation:0}
execute if entity @s[tag=aj.spawner.bone.t31] run data modify entity @s {} merge value {transformation:[-0.9983081582712682f,0.058088930079978f,0.003380821129028628f,-0.1968792974889396f,0.05814482891047583f,0.9973484124164869f,0.05804645706261512f,0.7188175368160614f,-1.2247432949345689e-16f,0.058187373907239597f,-0.9983081582712682f,-0.21116859526590348f,0f,0f,0f,1f],start_interpolation:0}
execute if entity @s[tag=aj.spawner.bone.t32] run data modify entity @s {} merge value {transformation:[-0.9953037149948821f,0.09623394077634875f,0.010466305940525483f,-0.18675092778799948f,0.09679489039872295f,0.9906580053993588f,0.09605969774501275f,0.785224716522121f,-0.0011243265031529166f,0.09662165896328935f,-0.9953205468134856f,-0.2010124689959329f,0f,0f,0f,1f],start_interpolation:0}
execute if entity @s[tag=aj.spawner.bone.t33] run data modify entity @s {} merge value {transformation:[-0.9785670098547885f,0.20427251123823809f,0.02606431231170242f,-0.1737296946353471f,0.2052450045457229f,0.9571697875890783f,0.20420696813699835f,0.8398774651011813f,0.016765897914643918f,0.20517977210023106f,-0.9785806894620458f,-0.19018844987050154f,0f,0f,0f,1f],start_interpolation:0}
execute if entity @s[tag=aj.spawner.bone.t34] run data modify entity @s {} merge value {transformation:[-0.9247291051542892f,0.37036213549870456f,0.08779504923050359f,-0.16569220801975224f,0.37532192822284216f,0.8488822814726561f,0.3721993046700463f,0.8765652543767362f,0.06332086761593726f,0.37713493711219254f,-0.9239911833636442f,-0.17443250829363616f,0f,0f,0f,1f],start_interpolation:0}
execute if entity @s[tag=aj.spawner.bone.t35] run data modify entity @s {} merge value {transformation:[-0.8397206749191797f,0.5198543879048947f,0.15690953919154968f,-0.140165219114254f,0.5292099101057298f,0.7187069564202357f,0.4509957669857296f,0.886384065307978f,0.12168015104840468f,0.46174855296924144f,-0.8786251844055284f,-0.16858888797029797f,0f,0f,0f,1f],start_interpolation:0}
execute if entity @s[tag=aj.spawner.bone.t41] run data modify entity @s {} merge value {transformation:[-0.9983081582712682f,-0.058046457062615124f,-0.0033808211290283835f,0.1420343277395614f,-0.05814482891047583f,0.9966191788709715f,0.05804645706261512f,0.7194140209545719f,-1.2204064862446269e-16f,0.05814482891047582f,-0.9983081582712682f,-0.21375042670970834f,0f,0f,0f,1f],start_interpolation:0}
execute if entity @s[tag=aj.spawner.bone.t42] run data modify entity @s {} merge value {transformation:[-0.9983081582712682f,-0.058046457062615124f,-0.0033808211290283835f,0.1318253379593676f,-0.05814482891047583f,0.9966191788709715f,0.05804645706261512f,0.7872053939646185f,-1.2204064862446269e-16f,0.05814482891047582f,-0.9983081582712682f,-0.20351354373291777f,0f,0f,0f,1f],start_interpolation:0}
execute if entity @s[tag=aj.spawner.bone.t43] run data modify entity @s {} merge value {transformation:[-0.9983081582712682f,-0.058046457062615124f,-0.0033808211290283835f,0.11886999060724565f,-0.05814482891047583f,0.9966191788709715f,0.05804645706261512f,0.8484047993380563f,-1.2204064862446269e-16f,0.05814482891047582f,-0.9983081582712682f,-0.1905203529422199f,0f,0f,0f,1f],start_interpolation:0}
execute if entity @s[tag=aj.spawner.bone.t44] run data modify entity @s {} merge value {transformation:[-0.9983081582712682f,-0.058046457062615124f,-0.0033808211290283835f,0.3482838232776535f,-0.05814482891047583f,0.9966191788709715f,0.05804645706261512f,0.16643745277927724f,-1.2204064862446269e-16f,0.05814482891047582f,-0.9983081582712682f,0.2799152411501546f,0f,0f,0f,1f],start_interpolation:0}
execute if entity @s[tag=aj.spawner.bone.t45] run data modify entity @s {} merge value {transformation:[-0.9983081582712682f,-0.058046457062615124f,-0.0033808211290283835f,0.09640580429109456f,-0.05814482891047583f,0.9966191788709715f,0.05804645706261512f,0.911629346339468f,-1.2204064862446269e-16f,0.05814482891047582f,-0.9983081582712682f,-0.16798632057738383f,0f,0f,0f,1f],start_interpolation:0}
execute if entity @s[tag=aj.spawner.bone.v31] run data modify entity @s {} merge value {transformation:[-1f,0f,1.4345862504297566e-16f,-0.14883150298131478f,0f,1f,0f,0.5591048674991094f,-1.2246467991473532e-16f,0f,-1.1714285714285715f,-0.03125f,0f,0f,0f,1f],start_interpolation:0}
execute if entity @s[tag=aj.spawner.bone.v32] run data modify entity @s {} merge value {transformation:[-1f,0f,1.4345862504297566e-16f,0.08725808048805375f,0f,1f,0f,0.5591048674991094f,-1.2246467991473532e-16f,0f,-1.1714285714285715f,-0.03125f,0f,0f,0f,1f],start_interpolation:0}
execute if entity @s[tag=aj.spawner.bone.v41] run data modify entity @s {} merge value {transformation:[-1f,0f,1.2596367076944207e-16f,-0.17228970872519958f,0f,1f,0f,0.4987821885213817f,-1.2246467991473532e-16f,0f,-1.0285714285714287f,-0.03125f,0f,0f,0f,1f],start_interpolation:0}
execute if entity @s[tag=aj.spawner.bone.v42] run data modify entity @s {} merge value {transformation:[-1f,0f,1.2596367076944207e-16f,0.11071628623193838f,0f,1f,0f,0.4987821885213818f,-1.2246467991473532e-16f,0f,-1.0285714285714287f,-0.03125f,0f,0f,0f,1f],start_interpolation:0}
execute if entity @s[tag=aj.spawner.bone.heart] run data modify entity @s {} merge value {transformation:[-1.1333333333333335f,0f,1.2246467991473532e-16f,-0.03125f,0f,1f,0f,0.37499999999999994f,-1.3879330390336672e-16f,0f,-1f,-0.017116477272727693f,0f,0f,0f,1f],start_interpolation:0}