execute if entity @s[tag=aj.spawner.bone.bones_right] run data modify entity @s {} merge value {transformation:[-1f,4.367354184819248e-17f,1.1441249743385886e-16f,-0.03125f,0f,0.9342489402945999f,-0.3566215326623129f,0.7249063366902255f,-1.2246467991473532e-16f,-0.3566215326623129f,-0.9342489402945999f,-0.1260057930231156f,0f,0f,0f,1f],start_interpolation:0}
execute if entity @s[tag=aj.spawner.bone.bones_left] run data modify entity @s {} merge value {transformation:[-1f,-4.367354184819248e-17f,1.1441249743385886e-16f,-0.031250000000000056f,0f,0.9342489402945999f,0.3566215326623129f,0.7249063366902255f,-1.2246467991473532e-16f,0.3566215326623129f,-0.9342489402945999f,0.06350579302311563f,0f,0f,0f,1f],start_interpolation:0}
execute if entity @s[tag=aj.spawner.bone.t11] run data modify entity @s {} merge value {transformation:[-0.996638763240323f,0.0821204928697649f,-0.0007107893135131394f,-0.1986128551313415f,0.08157009894354043f,0.9939627224120877f,-0.10116470109020323f,0.7193664060002853f,-0.007582517071547193f,-0.10113117185596751f,-0.9948694376810867f,0.1481692083734856f,0f,0f,0f,1f],start_interpolation:0}
execute if entity @s[tag=aj.spawner.bone.t12] run data modify entity @s {} merge value {transformation:[-0.9968679949227743f,0.07907335587352109f,0.0012669212868780273f,-0.1836623189574227f,0.07856537561434246f,0.992040561771508f,-0.0984022639711515f,0.7868633422078326f,-0.009037834542905784f,-0.09799453143400597f,-0.9951459136005155f,0.13199536679137233f,0f,0f,0f,1f],start_interpolation:0}
execute if entity @s[tag=aj.spawner.bone.t13] run data modify entity @s {} merge value {transformation:[-0.9993565954727013f,0.035748277874621634f,0.0029078710787412546f,-0.17181378517263457f,0.035533239400846926f,0.9978397696398219f,-0.05525561530586024f,0.8487728933476065f,-0.004876882497440561f,-0.05511673751362606f,-0.9984680071304038f,0.12524456196907796f,0f,0f,0f,1f],start_interpolation:0}
execute if entity @s[tag=aj.spawner.bone.t14] run data modify entity @s {} merge value {transformation:[-0.9993746403521132f,0.035247068688522336f,0.0028235385513396562f,-0.17335995312664984f,0.03503986358214374f,0.9978852664502638f,-0.05474671644610852f,0.8892449183059117f,-0.0047472287946832056f,-0.05461354365313095f,-0.9984962817499216f,0.11975172522583721f,0f,0f,0f,1f],start_interpolation:0}
execute if entity @s[tag=aj.spawner.bone.t15] run data modify entity @s {} merge value {transformation:[-0.9993925398203582f,0.03475051824100079f,0.002636822594642803f,-0.16310777315398745f,0.034555508085439016f,0.9979173161300275f,-0.054469689083009525f,0.9134189169434732f,-0.004524180850817725f,-0.05434548417140508f,-0.9985119429119537f,0.10909534636009954f,0f,0f,0f,1f],start_interpolation:0}
execute if entity @s[tag=aj.spawner.bone.t21] run data modify entity @s {} merge value {transformation:[-0.9948789498136644f,-0.10100788720580567f,0.007777318674373722f,0.1368065580395372f,-0.10104366696190772f,0.9920601438129648f,-0.10079885291058499f,0.7187522172236176f,0.0024602001038759444f,-0.10130312904095437f,-0.9948764267818127f,0.14733337461142604f,0f,0f,0f,1f],start_interpolation:0}
execute if entity @s[tag=aj.spawner.bone.t22] run data modify entity @s {} merge value {transformation:[-0.9948748074798428f,-0.1006644531476727f,0.009528132787992995f,0.1264231628754292f,-0.10111199394662748f,0.9897775137355524f,-0.10058249342507566f,0.7864900785499505f,0.0006943501154227213f,-0.10103039728689692f,-0.9948830970028433f,0.1369192136850516f,0f,0f,0f,1f],start_interpolation:0}
execute if entity @s[tag=aj.spawner.bone.t23] run data modify entity @s {} merge value {transformation:[-0.9981537766946486f,-0.060625317057530735f,0.0036890380702097056f,0.10704945604244906f,-0.06073745195684112f,0.9963109619297904f,-0.06062531705753074f,0.8476210368679316f,-1.2202174233409724e-16f,-0.060737451956841125f,-0.9981537766946486f,0.13000389238557825f,0f,0f,0f,1f],start_interpolation:0}
execute if entity @s[tag=aj.spawner.bone.t24] run data modify entity @s {} merge value {transformation:[-0.9981537766946486f,-0.060625317057530735f,0.0036890380702097056f,0.09526344561238283f,-0.06073745195684112f,0.9963109619297904f,-0.06062531705753074f,0.8869583937368192f,-1.2202174233409724e-16f,-0.060737451956841125f,-0.9981537766946486f,0.11817874174331935f,0f,0f,0f,1f],start_interpolation:0}
execute if entity @s[tag=aj.spawner.bone.t25] run data modify entity @s {} merge value {transformation:[-0.9981537766946486f,-0.060625317057530735f,0.0036890380702097056f,0.08442470576134041f,-0.06073745195684112f,0.9963109619297904f,-0.06062531705753074f,0.9107283918255542f,-1.2202174233409724e-16f,-0.060737451956841125f,-0.9981537766946486f,0.10730261378788597f,0f,0f,0f,1f],start_interpolation:0}
execute if entity @s[tag=aj.spawner.bone.t31] run data modify entity @s {} merge value {transformation:[-0.9948789498136644f,0.10100788720580567f,0.007777318674373722f,-0.19680221448153562f,0.10104366696190772f,0.9920601438129648f,0.10079885291058499f,0.7186760229583368f,0.0024602001038759444f,0.10130312904095437f,-0.9948764267818127f,-0.2110832367318087f,0f,0f,0f,1f],start_interpolation:0}
execute if entity @s[tag=aj.spawner.bone.t32] run data modify entity @s {} merge value {transformation:[-0.9949188458382069f,0.10052367108302056f,0.005610859823836384f,-0.18641253640032193f,0.10057651460234064f,0.9898224110428577f,0.10067750149735047f,0.786517137174538f,0.004566717247126735f,0.10073026431662208f,-0.9949032912521137f,-0.20066278126720533f,0f,0f,0f,1f],start_interpolation:0}
execute if entity @s[tag=aj.spawner.bone.t33] run data modify entity @s {} merge value {transformation:[-0.9983368287581252f,0.057542099867062206f,0.003533141386746304f,-0.17976650715623457f,0.057650081924319564f,0.9966775699766545f,0.0575351158819569f,0.847759924542438f,-0.00021071138778369321f,0.05764311102222022f,-0.9983372312762812f,-0.1810495170223591f,0f,0f,0f,1f],start_interpolation:0}
execute if entity @s[tag=aj.spawner.bone.t34] run data modify entity @s {} merge value {transformation:[-0.9983651143168591f,0.05704465679914349f,0.0036063341154982348f,-0.17550484789763762f,0.0571575175635355f,0.9967352810489006f,0.05702453593273083f,0.8871436802285231f,-0.0003416153667543156f,0.05713743644089323f,-0.9983662637809353f,-0.16235313575781146f,0f,0f,0f,1f],start_interpolation:0}
execute if entity @s[tag=aj.spawner.bone.t35] run data modify entity @s {} merge value {transformation:[-0.9983925668446794f,0.05655034495963288f,0.0037869452384314602f,-0.1572628899030497f,0.05667417617022515f,0.9967789201374017f,0.05674347649855374f,0.9110094424574987f,-0.0005658840151811506f,0.05686688715467167f,-0.9983816088653772f,-0.15824364081460007f,0f,0f,0f,1f],start_interpolation:0}
execute if entity @s[tag=aj.spawner.bone.t41] run data modify entity @s {} merge value {transformation:[-0.9981537766946486f,-0.06062531705753075f,-0.003689038070209461f,0.1430288715826737f,-0.06073745195684112f,0.9963109619297904f,0.06062531705753074f,0.7193971938546424f,-1.2245542320309144e-16f,0.06073745195684111f,-0.9981537766946486f,-0.21420246728397935f,0f,0f,0f,1f],start_interpolation:0}
execute if entity @s[tag=aj.spawner.bone.t42] run data modify entity @s {} merge value {transformation:[-0.9981537766946486f,-0.06062531705753075f,-0.003689038070209461f,0.13264547641856567f,-0.06073745195684112f,0.9963109619297904f,0.06062531705753074f,0.7871350551809748f,-1.2245542320309144e-16f,0.06073745195684111f,-0.9981537766946486f,-0.20378830635760506f,0f,0f,0f,1f],start_interpolation:0}
execute if entity @s[tag=aj.spawner.bone.t43] run data modify entity @s {} merge value {transformation:[-0.9981537766946486f,-0.06062531705753075f,-0.003689038070209461f,0.1195332871778659f,-0.06073745195684112f,0.9963109619297904f,0.06062531705753074f,0.8482667143420769f,-1.2245542320309144e-16f,0.06073745195684111f,-0.9981537766946486f,-0.19063452395379013f,0f,0f,0f,1f],start_interpolation:0}
execute if entity @s[tag=aj.spawner.bone.t44] run data modify entity @s {} merge value {transformation:[-0.9981537766946486f,-0.06062531705753075f,-0.003689038070209461f,0.35079162883195003f,-0.06073745195684112f,0.9963109619297904f,0.06062531705753074f,0.16568027563752408f,-1.2245542320309144e-16f,0.06073745195684111f,-0.9981537766946486f,0.2779966206514654f,0f,0f,0f,1f],start_interpolation:0}
execute if entity @s[tag=aj.spawner.bone.t45] run data modify entity @s {} merge value {transformation:[-0.9981537766946486f,-0.06062531705753075f,-0.003689038070209461f,0.09690853689675723f,-0.06073745195684112f,0.9963109619297904f,0.06062531705753074f,0.9113740692996994f,-1.2245542320309144e-16f,0.06073745195684111f,-0.9981537766946486f,-0.167933245356098f,0f,0f,0f,1f],start_interpolation:0}
execute if entity @s[tag=aj.spawner.bone.v41] run data modify entity @s {} merge value {transformation:[-1f,0f,1.242141753420887e-16f,-0.17228970872519958f,0f,1f,0f,0.4987821885213817f,-1.2246467991473532e-16f,0f,-1.0142857142857145f,-0.03125f,0f,0f,0f,1f],start_interpolation:0}
execute if entity @s[tag=aj.spawner.bone.v42] run data modify entity @s {} merge value {transformation:[-1f,0f,1.242141753420887e-16f,0.11071628623193838f,0f,1f,0f,0.4987821885213818f,-1.2246467991473532e-16f,0f,-1.0142857142857145f,-0.03125f,0f,0f,0f,1f],start_interpolation:0}
execute if entity @s[tag=aj.spawner.bone.v51] run data modify entity @s {} merge value {transformation:[-1f,0f,1.4520812047032902e-16f,-0.17228970872519955f,0f,1f,0f,0.40503218852138173f,-1.2246467991473532e-16f,0f,-1.1857142857142857f,-0.031250000000000056f,0f,0f,0f,1f],start_interpolation:0}
execute if entity @s[tag=aj.spawner.bone.v52] run data modify entity @s {} merge value {transformation:[-1f,0f,1.4520812047032902e-16f,0.11071628623193841f,0f,1f,0f,0.4050321885213818f,-1.2246467991473532e-16f,0f,-1.1857142857142857f,-0.03125f,0f,0f,0f,1f],start_interpolation:0}
execute if entity @s[tag=aj.spawner.bone.heart] run data modify entity @s {} merge value {transformation:[-1.1392857142857142f,0f,1.2246467991473532e-16f,-0.03125f,0f,1f,0f,0.37499999999999994f,-1.395222603314306e-16f,0f,-1f,-0.017116477272727693f,0f,0f,0f,1f],start_interpolation:0}