execute if entity @s[tag=aj.spawner.bone.bones_right] run data modify entity @s {} merge value {transformation:[-1f,3.4346757976309752e-18f,1.22416505540649e-16f,-0.03125f,0f,0.9996066263830529f,-0.02804625627586934f,0.7074956224045112f,-1.2246467991473532e-16f,-0.02804625627586934f,-0.9996066263830529f,-0.12466650730882989f,0f,0f,0f,1f],start_interpolation:0}
execute if entity @s[tag=aj.spawner.bone.bones_left] run data modify entity @s {} merge value {transformation:[-1f,-3.4346757976309752e-18f,1.22416505540649e-16f,-0.031250000000000056f,0f,0.9996066263830529f,0.02804625627586934f,0.7074956224045112f,-1.2246467991473532e-16f,0.02804625627586934f,-0.9996066263830529f,0.06216650730882989f,0f,0f,0f,1f],start_interpolation:0}
execute if entity @s[tag=aj.spawner.bone.t11] run data modify entity @s {} merge value {transformation:[-0.9960492020043202f,0.08897980476852643f,-0.00013329620869078658f,-0.1971085451306823f,0.08804349922617864f,0.9892983947861653f,-0.13199630181497954f,0.7160511537406028f,-0.011590057401352924f,-0.13174836202253948f,-0.9912501997675912f,0.14604246228780318f,0f,0f,0f,1f],start_interpolation:0}
execute if entity @s[tag=aj.spawner.bone.t12] run data modify entity @s {} merge value {transformation:[-0.9847338664002611f,0.17389315245644033f,-0.00777070737795878f,-0.1792026945685422f,0.17143023888867548f,0.9611116542142988f,-0.2165088019643213f,0.7782632746559682f,-0.030180880685697756f,-0.21453568389015204f,-0.9762497399635096f,0.1255288818730516f,0f,0f,0f,1f],start_interpolation:0}
execute if entity @s[tag=aj.spawner.bone.t13] run data modify entity @s {} merge value {transformation:[-0.9859581737044832f,0.16642704370363964f,-0.013730215926448196f,-0.1585189760803599f,0.16560680755433324f,0.9638965369777039f,-0.2085134319271831f,0.8346910694078156f,-0.021467766464681664f,-0.2078593397623903f,-0.977923120637078f,0.10878967220169625f,0f,0f,0f,1f],start_interpolation:0}
execute if entity @s[tag=aj.spawner.bone.t14] run data modify entity @s {} merge value {transformation:[-0.9870224877528659f,0.16001808580930987f,-0.01344696560819778f,-0.15823998266526917f,0.15941378287703387f,0.966317162961535f,-0.2020356067499094f,0.8748016312010067f,-0.01933531740048798f,-0.2015573188447755f,-0.9792858585321897f,0.10047427313787757f,0f,0f,0f,1f],start_interpolation:0}
execute if entity @s[tag=aj.spawner.bone.t15] run data modify entity @s {} merge value {transformation:[-0.9880303349884203f,0.15376996188745715f,-0.012282343579299288f,-0.14416777115511292f,0.153131147220479f,0.9680745221796715f,-0.1984504251886116f,0.8942909550895208f,-0.018625490426025775f,-0.1979558494405526f,-0.9800339651148113f,0.08564134885729986f,0f,0f,0f,1f],start_interpolation:0}
execute if entity @s[tag=aj.spawner.bone.t21] run data modify entity @s {} merge value {transformation:[-0.991650181808644f,-0.12814789261621065f,0.016247029804146145f,0.13505420120483871f,-0.12895643829011377f,0.9850395233144893f,-0.12795365564762642f,0.7151402110999344f,0.0003923549559162268f,-0.12920063546406263f,-0.9916470622297794f,0.1452503267176576f,0f,0f,0f,1f],start_interpolation:0}
execute if entity @s[tag=aj.spawner.bone.t22] run data modify entity @s {} merge value {transformation:[-0.97796197225826f,-0.20488070789713334f,0.04017805804545366f,0.12072930871039071f,-0.2087552496369796f,0.9564119341483904f,-0.20419955427849745f,0.7783774844773115f,0.003409775027279023f,-0.2080867793736647f,-0.9781044247339643f,0.13076043246563884f,0f,0f,0f,1f],start_interpolation:0}
execute if entity @s[tag=aj.spawner.bone.t23] run data modify entity @s {} merge value {transformation:[-0.9786799354373686f,-0.2028241603684032f,0.03237196230011946f,0.10368440323087433f,-0.205138358536961f,0.9574379262054831f,-0.20305386310066947f,0.8346796808903018f,0.010190084841125513f,-0.20536547283853834f,-0.9786323031336818f,0.11440008805446969f,0f,0f,0f,1f],start_interpolation:0}
execute if entity @s[tag=aj.spawner.bone.t24] run data modify entity @s {} merge value {transformation:[-0.9786799354373686f,-0.2028241603684032f,0.03237196230011946f,0.08945898106984554f,-0.205138358536961f,0.9574379262054831f,-0.20305386310066947f,0.8723098021714514f,0.010190084841125513f,-0.20536547283853834f,-0.9786323031336818f,0.09998540069377916f,0f,0f,0f,1f],start_interpolation:0}
execute if entity @s[tag=aj.spawner.bone.t25] run data modify entity @s {} merge value {transformation:[-0.9786424426378255f,-0.20272871924019917f,0.03405929921620425f,0.0804720245303792f,-0.20539643986636674f,0.9574984039150154f,-0.2025070591125654f,0.891709660947914f,0.008442272093010168f,-0.20517766178467517f,-0.978688334019815f,0.08502434669041234f,0f,0f,0f,1f],start_interpolation:0}
execute if entity @s[tag=aj.spawner.bone.t31] run data modify entity @s {} merge value {transformation:[-0.991650181808644f,0.12814789261621065f,0.016247029804146145f,-0.19504993263412515f,0.12895643829011377f,0.9850395233144893f,0.12795365564762642f,0.7149813210759063f,0.0003923549559162268f,0.12920063546406263f,-0.9916470622297794f,-0.2089925386273307f,0f,0f,0f,1f],start_interpolation:0}
execute if entity @s[tag=aj.spawner.bone.t32] run data modify entity @s {} merge value {transformation:[-0.9771162924510385f,0.2086062049364748f,0.04155962329880189f,-0.18074815231493585f,0.21267382533161083f,0.9547529704387281f,0.2078860492126513f,0.7780364645093459f,0.0036871459906427356f,0.21196748972525686f,-0.9772697622734557f,-0.19452594190024078f,0f,0f,0f,1f],start_interpolation:0}
execute if entity @s[tag=aj.spawner.bone.t33] run data modify entity @s {} merge value {transformation:[-0.9787152418070475f,0.20261668704705735f,0.03260296895448709f,-0.16446040414219892f,0.20498523194457005f,0.9575212762491372f,0.2028153352556319f,0.8344354090214754f,0.009875734869022906f,0.2051815870401103f,-0.9786740960097485f,-0.17734757693616363f,0f,0f,0f,1f],start_interpolation:0}
execute if entity @s[tag=aj.spawner.bone.t34] run data modify entity @s {} merge value {transformation:[-0.9800034882175817f,0.1963780284760218f,0.032075426937813345f,-0.15791915163332376f,0.1988289121749449f,0.9601639820941833f,0.1963471190834456f,0.8722520963098905f,0.007760590486571813f,0.1987983838488419f,-0.9800096814901311f,-0.15600392536411162f,0f,0f,0f,1f],start_interpolation:0}
execute if entity @s[tag=aj.spawner.bone.t35] run data modify entity @s {} merge value {transformation:[-0.9812542316564137f,0.19024439867664594f,0.030776640956132646f,-0.13559273008763167f,0.19258807167095687f,0.9621512810120257f,0.19280753900452208f,0.8919000228532397f,0.007068769797049061f,0.1951204274776973f,-0.9807538178740254f,-0.1538634349356896f,0f,0f,0f,1f],start_interpolation:0}
execute if entity @s[tag=aj.spawner.bone.t41] run data modify entity @s {} merge value {transformation:[-0.9920442334196247f,-0.12488823908361338f,-0.01584823893886914f,0.14691166817356033f,-0.1258897888586253f,0.9841517610611308f,0.12488823908361336f,0.7175695883411733f,-1.197556560310165e-16f,0.12588978885862528f,-0.9920442334196247f,-0.21497901244969034f,0f,0f,0f,1f],start_interpolation:0}
execute if entity @s[tag=aj.spawner.bone.t42] run data modify entity @s {} merge value {transformation:[-0.9920442334196247f,-0.12488823908361338f,-0.01584823893886914f,0.13222437677105722f,-0.1258897888586253f,0.9841517610611308f,0.12488823908361336f,0.7836626592394863f,-1.197556560310165e-16f,0.12588978885862528f,-0.9920442334196247f,-0.20012381300678733f,0f,0f,0f,1f],start_interpolation:0}
execute if entity @s[tag=aj.spawner.bone.t43] run data modify entity @s {} merge value {transformation:[-0.9920442334196247f,-0.12488823908361338f,-0.01584823893886914f,0.11526702438007433f,-0.1258897888586253f,0.9841517610611308f,0.12488823908361336f,0.8428211002938484f,-1.197556560310165e-16f,0.12588978885862528f,-0.9920442334196247f,-0.18295528651481424f,0f,0f,0f,1f],start_interpolation:0}
execute if entity @s[tag=aj.spawner.bone.t44] run data modify entity @s {} merge value {transformation:[-0.9920442334196247f,-0.12488823908361338f,-0.01584823893886914f,0.3943445976912169f,-0.1258897888586253f,0.9841517610611308f,0.12488823908361336f,0.1478920517484531f,-1.197556560310165e-16f,0.12588978885862528f,-0.9920442334196247f,0.2391929601291211f,0f,0f,0f,1f],start_interpolation:0}
execute if entity @s[tag=aj.spawner.bone.t45] run data modify entity @s {} merge value {transformation:[-0.9920442334196247f,-0.12488823908361338f,-0.01584823893886914f,0.08876755879369808f,-0.1258897888586253f,0.9841517610611308f,0.12488823908361336f,0.9027039715895676f,-1.197556560310165e-16f,0.12588978885862528f,-0.9920442334196247f,-0.15609293974434926f,0f,0f,0f,1f],start_interpolation:0}
execute if entity @s[tag=aj.spawner.bone.v51] run data modify entity @s {} merge value {transformation:[-1f,0f,1.242141753420887e-16f,-0.17228970872519955f,0f,1f,0f,0.40503218852138173f,-1.2246467991473532e-16f,0f,-1.0142857142857145f,-0.031250000000000056f,0f,0f,0f,1f],start_interpolation:0}
execute if entity @s[tag=aj.spawner.bone.v52] run data modify entity @s {} merge value {transformation:[-1f,0f,1.242141753420887e-16f,0.11071628623193841f,0f,1f,0f,0.4050321885213818f,-1.2246467991473532e-16f,0f,-1.0142857142857145f,-0.03125f,0f,0f,0f,1f],start_interpolation:0}
execute if entity @s[tag=aj.spawner.bone.v61] run data modify entity @s {} merge value {transformation:[-1f,0f,1.4520812047032902e-16f,-0.09963345872519982f,0f,1f,0f,0.38940718852138173f,-1.2246467991473532e-16f,0f,-1.1857142857142857f,-0.03125f,0f,0f,0f,1f],start_interpolation:0}
execute if entity @s[tag=aj.spawner.bone.v62] run data modify entity @s {} merge value {transformation:[-1f,0f,1.4520812047032902e-16f,0.03806003325170601f,0f,1f,0f,0.38940718852138173f,-1.2246467991473532e-16f,0f,-1.1857142857142857f,-0.03125f,0f,0f,0f,1f],start_interpolation:0}
execute if entity @s[tag=aj.spawner.bone.heart] run data modify entity @s {} merge value {transformation:[-1.2892857142857144f,0f,1.2246467991473532e-16f,-0.03125f,0f,1f,0f,0.37499999999999994f,-1.578919623186409e-16f,0f,-1f,-0.017116477272727693f,0f,0f,0f,1f],start_interpolation:0}