execute if entity @s[tag=aj.spawner.bone.bones_right] run data modify entity @s {} merge value {transformation:[-1f,3.390257229567626e-17f,1.1767843225653128e-16f,-0.03125f,0f,0.9609173219450995f,-0.27683551142484963f,0.720553658118797f,-1.2246467991473532e-16f,-0.27683551142484963f,-0.9609173219450995f,-0.1256709715945442f,0f,0f,0f,1f],start_interpolation:0}
execute if entity @s[tag=aj.spawner.bone.bones_left] run data modify entity @s {} merge value {transformation:[-1f,-3.390257229567626e-17f,1.1767843225653128e-16f,-0.031250000000000056f,0f,0.9609173219450995f,0.27683551142484963f,0.720553658118797f,-1.2246467991473532e-16f,0.27683551142484963f,-0.9609173219450995f,0.06317097159454418f,0f,0f,0f,1f],start_interpolation:0}
execute if entity @s[tag=aj.spawner.bone.t11] run data modify entity @s {} merge value {transformation:[-0.9981528873999163f,0.06077094666019881f,0.002427916608948866f,-0.1977984926038835f,0.06021823797430114f,0.9949818103836073f,-0.09262954618366845f,0.7176670425387301f,-0.008035993434565946f,-0.09241476454277733f,-0.9956976812239485f,0.1470416709217899f,0f,0f,0f,1f],start_interpolation:0}
execute if entity @s[tag=aj.spawner.bone.t12] run data modify entity @s {} merge value {transformation:[-0.9922307261151441f,0.12441132331804898f,0.0000937190787255052f,-0.18129897126308717f,0.1228722303622146f,0.9800734052469793f,-0.15607221191937132f,0.7817351289852558f,-0.019509001994687077f,-0.15484812868692394f,-0.9877456433127554f,0.12860511789975607f,0f,0f,0f,1f],start_interpolation:0}
execute if entity @s[tag=aj.spawner.bone.t13] run data modify entity @s {} merge value {transformation:[-0.9730833357834349f,0.22864851421725016f,-0.028786777638816843f,-0.15996109116783264f,0.2282111559545547f,0.9386845847915734f,-0.2584393905204029f,0.8343147252353227f,-0.03207007824232165f,-0.25805252802659256f,-0.9655984687542829f,0.11067310774746293f,0f,0f,0f,1f],start_interpolation:0}
execute if entity @s[tag=aj.spawner.bone.t14] run data modify entity @s {} merge value {transformation:[-0.9170180024706176f,0.38735038916260645f,-0.09506660381214682f,-0.15674970448920061f,0.39011425702779645f,0.821490061702432f,-0.4158905444798966f,0.871494325577514f,-0.08299909402185507f,-0.41846595385970375f,-0.9044320847094267f,0.10135352773571424f,0f,0f,0f,1f],start_interpolation:0}
execute if entity @s[tag=aj.spawner.bone.t15] run data modify entity @s {} merge value {transformation:[-0.8318390987547051f,0.5300280694274845f,-0.16466316953688742f,-0.1380204729771075f,0.5357129859652081f,0.6891926345393289f,-0.4878781704124298f,0.8797224315077288f,-0.1451044811547898f,-0.49404833580907137f,-0.8572402997019484f,0.08250822778054916f,0f,0f,0f,1f],start_interpolation:0}
execute if entity @s[tag=aj.spawner.bone.t21] run data modify entity @s {} merge value {transformation:[-0.9966055319295779f,-0.0821306467263935f,0.006777413727363165f,0.13618614626256387f,-0.08232504920959989f,0.9942521462706024f,-0.08204559945866198f,0.7175844777857645f,-1.2161529660001608e-16f,-0.08241038615085375f,-0.9966055319295779f,0.14663097641084213f,0f,0f,0f,1f],start_interpolation:0}
execute if entity @s[tag=aj.spawner.bone.t22] run data modify entity @s {} merge value {transformation:[-0.9905803705296508f,-0.13561316591027703f,0.01896308922965037f,0.1245205178747667f,-0.13693232121394944f,0.9812993977151488f,-0.1352813048829956f,0.7828869566342855f,-0.0002625419962180818f,-0.13660366494233572f,-0.9906257465844618f,0.13490432686013187f,0f,0f,0f,1f],start_interpolation:0}
execute if entity @s[tag=aj.spawner.bone.t23] run data modify entity @s {} merge value {transformation:[-0.9732383909510128f,-0.22487098679115985f,0.04732941663123997f,0.11177493059749746f,-0.22973212772275992f,0.947176007956697f,-0.22378730849444672f,0.8368607381193873f,0.00549398498878678f,-0.228671487620965f,-0.9734881441898292f,0.11872757917431394f,0f,0f,0f,1f],start_interpolation:0}
execute if entity @s[tag=aj.spawner.bone.t24] run data modify entity @s {} merge value {transformation:[-0.9268701206681351f,-0.3439778551212817f,0.15030307581283628f,0.09843130970482554f,-0.3751680919413298f,0.8623650175769771f,-0.3399639381589787f,0.8709603833183748f,-0.012676048348700761f,-0.37149133454984173f,-0.9283498834774737f,0.10418290380996287f,0f,0f,0f,1f],start_interpolation:0}
execute if entity @s[tag=aj.spawner.bone.t25] run data modify entity @s {} merge value {transformation:[-0.8586714604274924f,-0.44187658047118744f,0.25966981087220653f,0.09107216412135731f,-0.5107503290546981f,0.7798836123333768f,-0.3618226811358858f,0.8841297067402079f,-0.0426312610396992f,-0.4433132513752927f,-0.8953524092429928f,0.0860266261820832f,0f,0f,0f,1f],start_interpolation:0}
execute if entity @s[tag=aj.spawner.bone.t31] run data modify entity @s {} merge value {transformation:[-0.9966055319295779f,0.0821306467263935f,0.006777413727363165f,-0.1961818128645424f,0.08232504920959989f,0.9942521462706024f,0.08204559945866198f,0.717481042587066f,-1.2161529660001608e-16f,0.08241038615085375f,-0.9966055319295779f,-0.210378899859519f,0f,0f,0f,1f],start_interpolation:0}
execute if entity @s[tag=aj.spawner.bone.t32] run data modify entity @s {} merge value {transformation:[-0.9897598473998667f,0.14118778857484385f,0.021010778955999905f,-0.1845427576971156f,0.14274082097162646f,0.9796980095295342f,0.14077239840329012f,0.7824618329740981f,-0.0007088746989207233f,0.14232996339918647f,-0.9898190132622465f,-0.19867891403835763f,0f,0f,0f,1f],start_interpolation:0}
execute if entity @s[tag=aj.spawner.bone.t33] run data modify entity @s {} merge value {transformation:[-0.9687863287502138f,0.2445399093605405f,0.04066057004791325f,-0.16877402025439256f,0.24694987449201983f,0.937687435211137f,0.24445456292639625f,0.8359591431511917f,0.021651991018340942f,0.2468653612338077f,-0.9688078677982768f,-0.18800592422075704f,0f,0f,0f,1f],start_interpolation:0}
execute if entity @s[tag=aj.spawner.bone.t34] run data modify entity @s {} merge value {transformation:[-0.9100298857638106f,0.3998271173596721f,0.10947092417880067f,-0.15999838818461615f,0.40845614988914564f,0.8197520759426966f,0.4014599701157952f,0.8721347165947474f,0.07077556523576115f,0.41005464295809957f,-0.9093107330027861f,-0.17126706940184724f,0f,0f,0f,1f],start_interpolation:0}
execute if entity @s[tag=aj.spawner.bone.t35] run data modify entity @s {} merge value {transformation:[-0.8225558313169379f,0.5394201984900066f,0.1800770774626886f,-0.13368315187809235f,0.553268004303003f,0.6858457135829898f,0.47276862477792614f,0.8807798365410859f,0.1315158537252193f,0.48850947444327153f,-0.8625903277907104f,-0.16611374914811255f,0f,0f,0f,1f],start_interpolation:0}
execute if entity @s[tag=aj.spawner.bone.t41] run data modify entity @s {} merge value {transformation:[-0.9966055319295779f,-0.082045599458662f,-0.00677741372736292f,0.1434555416697071f,-0.08232504920959989f,0.9932225862726369f,0.08204559945866198f,0.7185910551416222f,-1.2248265833800448e-16f,0.08232504920959988f,-0.9966055319295779f,-0.21403025633426084f,0f,0f,0f,1f],start_interpolation:0}
execute if entity @s[tag=aj.spawner.bone.t42] run data modify entity @s {} merge value {transformation:[-0.9966055319295779f,-0.082045599458662f,-0.00677741372736292f,0.1316284809681602f,-0.08232504920959989f,0.9932225862726369f,0.08204559945866198f,0.7858477913936885f,-1.2248265833800448e-16f,0.08232504920959988f,-0.9966055319295779f,-0.20214162462654106f,0f,0f,0f,1f],start_interpolation:0}
execute if entity @s[tag=aj.spawner.bone.t43] run data modify entity @s {} merge value {transformation:[-0.9966055319295779f,-0.082045599458662f,-0.00677741372736292f,0.11722099239384809f,-0.08232504920959989f,0.9932225862726369f,0.08204559945866198f,0.8463832282044633f,-1.2248265833800448e-16f,0.08232504920959988f,-0.9966055319295779f,-0.18765313218910126f,0f,0f,0f,1f],start_interpolation:0}
execute if entity @s[tag=aj.spawner.bone.t44] run data modify entity @s {} merge value {transformation:[-0.9966055319295779f,-0.082045599458662f,-0.00677741372736292f,0.3640190889766277f,-0.08232504920959989f,0.9932225862726369f,0.08204559945866198f,0.15901622653939274f,-1.2248265833800448e-16f,0.08232504920959988f,-0.9966055319295779f,0.26581916148172596f,0f,0f,0f,1f],start_interpolation:0}
execute if entity @s[tag=aj.spawner.bone.t45] run data modify entity @s {} merge value {transformation:[-0.9966055319295779f,-0.082045599458662f,-0.00677741372736292f,0.0932774727130819f,-0.08232504920959989f,0.9932225862726369f,0.08204559945866198f,0.9084815107660748f,-1.2248265833800448e-16f,0.08232504920959988f,-0.9966055319295779f,-0.16356419711104192f,0f,0f,0f,1f],start_interpolation:0}
execute if entity @s[tag=aj.spawner.bone.v61] run data modify entity @s {} merge value {transformation:[-1f,0f,1.2946266162414874e-16f,-0.09963345872519982f,0f,1f,0f,0.38940718852138173f,-1.2246467991473532e-16f,0f,-1.057142857142857f,-0.03125f,0f,0f,0f,1f],start_interpolation:0}
execute if entity @s[tag=aj.spawner.bone.v62] run data modify entity @s {} merge value {transformation:[-1f,0f,1.2946266162414874e-16f,0.03806003325170601f,0f,1f,0f,0.38940718852138173f,-1.2246467991473532e-16f,0f,-1.057142857142857f,-0.03125f,0f,0f,0f,1f],start_interpolation:0}
execute if entity @s[tag=aj.spawner.bone.heart] run data modify entity @s {} merge value {transformation:[-1.188888888888889f,0f,1.2246467991473532e-16f,-0.03125f,0f,1f,0f,0.37499999999999994f,-1.4559689723196314e-16f,0f,-1f,-0.017116477272727693f,0f,0f,0f,1f],start_interpolation:0}