execute if entity @s[tag=aj.spawner.bone.bones_right] run data modify entity @s {} merge value {transformation:[-1f,2.389167384016779e-17f,1.2011155542966555e-16f,-0.03125f,0f,0.9807852804032304f,-0.19509032201612828f,0.7162009795473684f,-1.2246467991473532e-16f,-0.19509032201612828f,-0.9807852804032304f,-0.12533615016597277f,0f,0f,0f,1f],start_interpolation:0}
execute if entity @s[tag=aj.spawner.bone.bones_left] run data modify entity @s {} merge value {transformation:[-1f,-2.389167384016779e-17f,1.2011155542966555e-16f,-0.031250000000000056f,0f,0.9807852804032304f,0.19509032201612828f,0.7162009795473684f,-1.2246467991473532e-16f,0.19509032201612828f,-0.9807852804032304f,0.06283615016597277f,0f,0f,0f,1f],start_interpolation:0}
execute if entity @s[tag=aj.spawner.bone.t11] run data modify entity @s {} merge value {transformation:[-0.9992732920503172f,0.038160197192153134f,0.000566420532786839f,-0.1994989239199711f,0.03804869104255522f,0.9995140653095491f,-0.04490908730388904f,0.7210168125895579f,-0.002277038618363646f,-0.044910968578221744f,-0.9989909173988079f,0.14934928816588006f,0f,0f,0f,1f],start_interpolation:0}
execute if entity @s[tag=aj.spawner.bone.t12] run data modify entity @s {} merge value {transformation:[-0.9996286214870755f,0.027222322546211253f,0.0012507034177643259f,-0.18629465309041465f,0.027164002276367036f,0.9990511348553799f,-0.03404330954103931f,0.7897212659130473f,-0.0021762546217516353f,-0.033996692476879725f,-0.9994195759621952f,0.13571490696354033f,0f,0f,0f,1f],start_interpolation:0}
execute if entity @s[tag=aj.spawner.bone.t13] run data modify entity @s {} merge value {transformation:[-0.9999957047239445f,-0.0028010424924950783f,0.0008629569032776155f,-0.1766908106833036f,-0.0028045335055963713f,0.9999877802414187f,-0.004071112827734161f,0.8526211548138809f,-0.0008515429981303663f,-0.004073515532729846f,-0.9999913406353711f,0.13204716162597116f,0f,0f,0f,1f],start_interpolation:0}
execute if entity @s[tag=aj.spawner.bone.t14] run data modify entity @s {} merge value {transformation:[-0.999870637559399f,-0.0159302298092287f,-0.002221694125253604f,-0.1795508529291944f,-0.015950106776004745f,0.9998301302771047f,0.009236053480886845f,0.8934156946549113f,0.0020741842722073345f,0.009270294940988452f,-0.9999548786776892f,0.12828031024430855f,0f,0f,0f,1f],start_interpolation:0}
execute if entity @s[tag=aj.spawner.bone.t15] run data modify entity @s {} merge value {transformation:[-0.9995627075606532f,-0.028842361449398602f,-0.006520110431457505f,-0.17059030823974794f,-0.02894584112369178f,0.9994468205312282f,0.016376544558017108f,0.9192882691120297f,0.006044165422798187f,0.01655811329955715f,-0.9998446364052271f,0.11917038988406753f,0f,0f,0f,1f],start_interpolation:0}
execute if entity @s[tag=aj.spawner.bone.t21] run data modify entity @s {} merge value {transformation:[-0.9985133610974285f,-0.0545287409525866f,0.002259129140781249f,0.13766820622253056f,-0.054502827928955444f,0.9982733917062219f,-0.05446455743831238f,0.720223180016147f,0.0007137630301932078f,-0.05457485063178659f,-0.9985131487960357f,0.14826291509936806f,0f,0f,0f,1f],start_interpolation:0}
execute if entity @s[tag=aj.spawner.bone.t22] run data modify entity @s {} merge value {transformation:[-0.9985130319913824f,-0.05441910156902023f,0.003207230549440509f,0.12918001084839648f,-0.054513011507045024f,0.9970305080375543f,-0.054392073124758966f,0.7884907014559934f,-0.00023773895217640102f,-0.05448602964794745f,-0.9985145046785218f,0.13976682448364364f,0f,0f,0f,1f],start_interpolation:0}
execute if entity @s[tag=aj.spawner.bone.t23] run data modify entity @s {} merge value {transformation:[-0.9994645874763657f,-0.032701564615071524f,0.0010705383806983687f,0.11152287431307595f,-0.03271908282177614f,0.9989294616193017f,-0.03270156461507153f,0.850310364748687f,-1.223991107914061e-16f,-0.032719082821776144f,-0.9994645874763657f,0.13459855497141895f,0f,0f,0f,1f],start_interpolation:0}
execute if entity @s[tag=aj.spawner.bone.t24] run data modify entity @s {} merge value {transformation:[-0.9994645874763657f,-0.032701564615071524f,0.0010705383806983687f,0.10083442904031684f,-0.03271908282177614f,0.9989294616193017f,-0.03270156461507153f,0.8902785555572503f,-1.223991107914061e-16f,-0.032719082821776144f,-0.9994645874763657f,0.12389936172419344f,0f,0f,0f,1f],start_interpolation:0}
execute if entity @s[tag=aj.spawner.bone.t25] run data modify entity @s {} merge value {transformation:[-0.9994645874763657f,-0.032701564615071524f,0.0010705383806983687f,0.09065694571466813f,-0.03271908282177614f,0.9989294616193017f,-0.03270156461507153f,0.9146384735280124f,-1.223991107914061e-16f,-0.032719082821776144f,-0.9994645874763657f,0.11371140414605808f,0f,0f,0f,1f],start_interpolation:0}
execute if entity @s[tag=aj.spawner.bone.t31] run data modify entity @s {} merge value {transformation:[-0.9985133610974285f,0.0545287409525866f,0.002259129140781249f,-0.1976638587553999f,0.054502827928955444f,0.9982733917062219f,0.05446455743831238f,0.7201821880983375f,0.0007137630301932078f,0.05457485063178659f,-0.9985131487960357f,-0.21201441858281653f,0f,0f,0f,1f],start_interpolation:0}
execute if entity @s[tag=aj.spawner.bone.t32] run data modify entity @s {} merge value {transformation:[-0.9989250844362162f,0.04635274551796307f,-0.0003141131092750549f,-0.1891628893325881f,0.046288207899359585f,0.9978488533541545f,0.04642270639745895f,0.7888399163591288f,0.002465257301810152f,0.04635826617493331f,-0.9989218356126219f,-0.2035055470753648f,0f,0f,0f,1f],start_interpolation:0}
execute if entity @s[tag=aj.spawner.bone.t33] run data modify entity @s {} merge value {transformation:[-0.9998646623077764f,0.016392326035788864f,0.0013959639295851966f,-0.1848727619176884f,0.016412994656940495f,0.9997312778367492f,0.01637026943247415f,0.8512419307455158f,-0.001127242009307394f,0.01639096586650565f,-0.9998650236724033f,-0.1848487592458875f,0f,0f,0f,1f],start_interpolation:0}
execute if entity @s[tag=aj.spawner.bone.t34] run data modify entity @s {} merge value {transformation:[-0.9999856593560544f,0.0032916618370984426f,0.004224457904546831f,-0.1819764688711519f,0.003304378261459509f,0.999990020220496f,0.003006749693165972f,0.8914290290567052f,-0.004214518542169717f,0.0030206657813054184f,-0.9999865566154854f,-0.1670755622121054f,0f,0f,0f,1f],start_interpolation:0}
execute if entity @s[tag=aj.spawner.bone.t35] run data modify entity @s {} merge value {transformation:[-0.999918673175372f,-0.009609525466499224f,0.008384751368543362f,-0.16503597683826401f,-0.009645126610980787f,0.9999445973974092f,-0.004215882872124058f,0.9169645238260601f,-0.008343774197672014f,-0.004296411996308258f,-0.9999559601682948f,-0.16372166737223975f,0f,0f,0f,1f],start_interpolation:0}
execute if entity @s[tag=aj.spawner.bone.t41] run data modify entity @s {} merge value {transformation:[-0.9994645874763657f,-0.03270156461507154f,-0.001070538380698124f,0.14102864708191382f,-0.03271908282177614f,0.9989294616193017f,0.03270156461507153f,0.7204292670314593f,-1.223991107914061e-16f,0.03271908282177613f,-0.9994645874763657f,-0.21369620995597377f,0f,0f,0f,1f],start_interpolation:0}
execute if entity @s[tag=aj.spawner.bone.t42] run data modify entity @s {} merge value {transformation:[-0.9994645874763657f,-0.03270156461507154f,-0.001070538380698124f,0.1325404517077797f,-0.03271908282177614f,0.9989294616193017f,0.03270156461507153f,0.7886967884713052f,-1.223991107914061e-16f,0.03271908282177613f,-0.9994645874763657f,-0.20520011934024943f,0f,0f,0f,1f],start_interpolation:0}
execute if entity @s[tag=aj.spawner.bone.t43] run data modify entity @s {} merge value {transformation:[-0.9994645874763657f,-0.03270156461507154f,-0.001070538380698124f,0.12113665970906586f,-0.03271908282177614f,0.9989294616193017f,0.03270156461507153f,0.850516561252791f,-1.223991107914061e-16f,0.03271908282177613f,-0.9994645874763657f,-0.19378519615629747f,0f,0f,0f,1f],start_interpolation:0}
execute if entity @s[tag=aj.spawner.bone.t44] run data modify entity @s {} merge value {transformation:[-0.9994645874763657f,-0.03270156461507154f,-0.001070538380698124f,0.33272104789799095f,-0.03271908282177614f,0.9989294616193017f,0.03270156461507153f,0.17512241004451146f,-1.223991107914061e-16f,0.03271908282177613f,-0.9994645874763657f,0.29416419032795577f,0f,0f,0f,1f],start_interpolation:0}
execute if entity @s[tag=aj.spawner.bone.t45] run data modify entity @s {} merge value {transformation:[-0.9994645874763657f,-0.03270156461507154f,-0.001070538380698124f,0.10027073111065801f,-0.03271908282177614f,0.9989294616193017f,0.03270156461507153f,0.9148446700321162f,-1.223991107914061e-16f,0.03271908282177613f,-0.9994645874763657f,-0.17289804533093675f,0f,0f,0f,1f],start_interpolation:0}
execute if entity @s[tag=aj.spawner.bone.v41] run data modify entity @s {} merge value {transformation:[-1f,0f,1.3471114790620887e-16f,-0.17228970872519958f,0f,1f,0f,0.4987821885213817f,-1.2246467991473532e-16f,0f,-1.1f,-0.03125f,0f,0f,0f,1f],start_interpolation:0}
execute if entity @s[tag=aj.spawner.bone.v42] run data modify entity @s {} merge value {transformation:[-1f,0f,1.3471114790620887e-16f,0.11071628623193838f,0f,1f,0f,0.4987821885213818f,-1.2246467991473532e-16f,0f,-1.1f,-0.03125f,0f,0f,0f,1f],start_interpolation:0}
execute if entity @s[tag=aj.spawner.bone.v51] run data modify entity @s {} merge value {transformation:[-1f,0f,1.3471114790620887e-16f,-0.17228970872519955f,0f,1f,0f,0.40503218852138173f,-1.2246467991473532e-16f,0f,-1.1f,-0.031250000000000056f,0f,0f,0f,1f],start_interpolation:0}
execute if entity @s[tag=aj.spawner.bone.v52] run data modify entity @s {} merge value {transformation:[-1f,0f,1.3471114790620887e-16f,0.11071628623193841f,0f,1f,0f,0.4050321885213818f,-1.2246467991473532e-16f,0f,-1.1f,-0.03125f,0f,0f,0f,1f],start_interpolation:0}
execute if entity @s[tag=aj.spawner.bone.heart] run data modify entity @s {} merge value {transformation:[-1.0750000000000002f,0f,1.2246467991473532e-16f,-0.03125f,0f,1f,0f,0.37499999999999994f,-1.3164953090834049e-16f,0f,-1f,-0.017116477272727693f,0f,0f,0f,1f],start_interpolation:0}