execute if entity @s[tag=aj.spawner.bone.bones_right] run data modify entity @s {} merge value {transformation:[-1f,4.367354184819248e-17f,1.1441249743385886e-16f,-0.03125f,0f,0.9342489402945999f,-0.3566215326623129f,0.7249063366902255f,-1.2246467991473532e-16f,-0.3566215326623129f,-0.9342489402945999f,-0.1260057930231156f,0f,0f,0f,1f],start_interpolation:0}
execute if entity @s[tag=aj.spawner.bone.bones_left] run data modify entity @s {} merge value {transformation:[-1f,-4.367354184819248e-17f,1.1441249743385886e-16f,-0.031250000000000056f,0f,0.9342489402945999f,0.3566215326623129f,0.7249063366902255f,-1.2246467991473532e-16f,0.3566215326623129f,-0.9342489402945999f,0.06350579302311563f,0f,0f,0f,1f],start_interpolation:0}
execute if entity @s[tag=aj.spawner.bone.t11] run data modify entity @s {} merge value {transformation:[-0.999359991195051f,0.03566357707714121f,0.003037849498793958f,-0.19853728651325508f,0.03541520302948289f,0.9983801493714513f,-0.05627783482257017f,0.7192167598274783f,-0.005037002383154465f,-0.05616760955814301f,-0.9984105251739417f,0.14806651589629502f,0f,0f,0f,1f],start_interpolation:0}
execute if entity @s[tag=aj.spawner.bone.t12] run data modify entity @s {} merge value {transformation:[-0.9965886393330584f,0.08246428898359941f,0.0032749037715099232f,-0.18350612415540132f,0.08169014979675919f,0.9913228877056642f,-0.10298374501389015f,0.7848484846617565f,-0.011738968373170141f,-0.10236490293715082f,-0.9946776479182597f,0.1317779097597017f,0f,0f,0f,1f],start_interpolation:0}
execute if entity @s[tag=aj.spawner.bone.t13] run data modify entity @s {} merge value {transformation:[-0.9778609536442093f,0.20795013357136533f,-0.0233387507311101f,-0.16407057035202938f,0.20775437971546198f,0.9514515575265928f,-0.2271080170079078f,0.8383388823949911f,-0.025021451738082713f,-0.22692878977307362f,-0.9735898784010888f,0.11605909684830397f,0f,0f,0f,1f],start_interpolation:0}
execute if entity @s[tag=aj.spawner.bone.t14] run data modify entity @s {} merge value {transformation:[-0.9120869054502214f,0.39634844463603003f,-0.10490656481287891f,-0.16100605434935716f,0.40233108623253644f,0.8159905614007232f,-0.4150772226416187f,0.8753292677319033f,-0.0789124448815663f,-0.4207936716961562f,-0.9037176062815647f,0.10755698795724011f,0f,0f,0f,1f],start_interpolation:0}
execute if entity @s[tag=aj.spawner.bone.t15] run data modify entity @s {} merge value {transformation:[-0.8054740011542958f,0.5580588295445026f,-0.19945419582427754f,-0.14203264464038368f,0.5744245142129739f,0.6524014955885498f,-0.4943771495781456f,0.8830633871759848f,-0.14576731778995727f,-0.5127793202940647f,-0.8460551150741177f,0.08855805578357025f,0f,0f,0f,1f],start_interpolation:0}
execute if entity @s[tag=aj.spawner.bone.t21] run data modify entity @s {} merge value {transformation:[-0.9980145329807433f,-0.06290883563881845f,0.003966991959228973f,0.13674020450649346f,-0.06298406115223795f,0.9968225464008034f,-0.06285900837608133f,0.7186320697062617f,-1.2265521120073498e-16f,-0.0630339875421757f,-0.9980145329807433f,0.14725971569185495f,0f,0f,0f,1f],start_interpolation:0}
execute if entity @s[tag=aj.spawner.bone.t22] run data modify entity @s {} merge value {transformation:[-0.9944887714660245f,-0.1041572007938697f,0.011973343341891044f,0.12630043007574518f,-0.10483822845060375f,0.9890411721238017f,-0.10395434430227149f,0.7848241590485251f,-0.0010145360202178772f,-0.10463669225831679f,-0.9945099966063197f,0.136786738341113f,0f,0f,0f,1f],start_interpolation:0}
execute if entity @s[tag=aj.spawner.bone.t23] run data modify entity @s {} merge value {transformation:[-0.9747975408828264f,-0.21781711454415983f,0.04822301214618252f,0.11451738728327698f,-0.22308728312322107f,0.9504277764144233f,-0.21660818527616763f,0.8386332049139505f,0.0013484796973996151f,-0.22190706710600983f,-0.9750668875369087f,0.12149689722220786f,0f,0f,0f,1f],start_interpolation:0}
execute if entity @s[tag=aj.spawner.bone.t24] run data modify entity @s {} merge value {transformation:[-0.9115053430607396f,-0.3653615847811259f,0.18886217709734188f,0.10157285031933125f,-0.4104572828341732f,0.8372606722197007f,-0.36127466797798397f,0.8718629318844395f,-0.026130988119685283f,-0.40682364621594846f,-0.9131328996041319f,0.10705129167450929f,0f,0f,0f,1f],start_interpolation:0}
execute if entity @s[tag=aj.spawner.bone.t25] run data modify entity @s {} merge value {transformation:[-0.8121293618637209f,-0.475564453303813f,0.3380596846012121f,0.094342351299173f,-0.5794661090552543f,0.7251985943053926f,-0.37189518318182974f,0.8836584370251914f,-0.06830027858793516f,-0.4979211278619619f,-0.8645285549786556f,0.08816329595116675f,0f,0f,0f,1f],start_interpolation:0}
execute if entity @s[tag=aj.spawner.bone.t31] run data modify entity @s {} merge value {transformation:[-0.9980145329807433f,0.06290883563881845f,0.003966991959228973f,-0.19673586161657525f,0.06298406115223795f,0.9968225464008034f,0.06285900837608133f,0.7185530461201253f,-1.2265521120073498e-16f,0.0630339875421757f,-0.9980145329807433f,-0.21100940345489153f,0f,0f,0f,1f],start_interpolation:0}
execute if entity @s[tag=aj.spawner.bone.t32] run data modify entity @s {} merge value {transformation:[-0.9944887983602477f,0.10415694214819536f,0.011973359525544595f,-0.18629608718582702f,0.1048379731767702f,0.9890411722294824f,0.10395460074050597f,0.7847451354623886f,-0.0010145522053020381f,0.10463694871921997f,-0.9945099696064158f,-0.2005364261041495f,0f,0f,0f,1f],start_interpolation:0}
execute if entity @s[tag=aj.spawner.bone.t33] run data modify entity @s {} merge value {transformation:[-0.9748674727030151f,0.22058023541987887f,0.0312693205514104f,-0.1724886237192675f,0.2219795762249599f,0.9497971481545217f,0.22047776553776308f,0.8387363334782391f,0.01893352594270946f,0.22187775260185155f,-0.9748906525840363f,-0.19014754920970361f,0f,0f,0f,1f],start_interpolation:0}
execute if entity @s[tag=aj.spawner.bone.t34] run data modify entity @s {} merge value {transformation:[-0.9118885135836194f,0.3964053849646635f,0.10640540195532312f,-0.1639571923229906f,0.4043890844461767f,0.8233875464205032f,0.3981236199730009f,0.8750786686714978f,0.07020546399704189f,0.4060735391165502f,-0.9111396565040508f,-0.17444879132938396f,0f,0f,0f,1f],start_interpolation:0}
execute if entity @s[tag=aj.spawner.bone.t35] run data modify entity @s {} merge value {transformation:[-0.8129331209509381f,0.5503729502687248f,0.19034010736959078f,-0.1377874207205143f,0.5667229247662855f,0.6724344921804515f,0.47608505570996984f,0.8835773478351634f,0.13403308324930288f,0.4948954125252303f,-0.8585532384518548f,-0.16839804519647467f,0f,0f,0f,1f],start_interpolation:0}
execute if entity @s[tag=aj.spawner.bone.t41] run data modify entity @s {} merge value {transformation:[-0.9980145329807433f,-0.06285900837608134f,-0.003966991959228728f,0.14231644553963801f,-0.06298406115223795f,0.9960330080407711f,0.06285900837608133f,0.7192398216466743f,-1.2178784946274657e-16f,0.06298406115223794f,-0.9980145329807433f,-0.21380556486194952f,0f,0f,0f,1f],start_interpolation:0}
execute if entity @s[tag=aj.spawner.bone.t42] run data modify entity @s {} merge value {transformation:[-0.9980145329807433f,-0.06285900837608134f,-0.003966991959228728f,0.13178209158239795f,-0.06298406115223795f,0.9960330080407711f,0.06285900837608133f,0.7869305717649245f,-1.2178784946274657e-16f,0.06298406115223794f,-0.9980145329807433f,-0.20323781982660358f,0f,0f,0f,1f],start_interpolation:0}
execute if entity @s[tag=aj.spawner.bone.t43] run data modify entity @s {} merge value {transformation:[-0.9980145329807433f,-0.06285900837608134f,-0.003966991959228728f,0.11853420786181618f,-0.06298406115223795f,0.9960330080407711f,0.06285900837608133f,0.8480028559906445f,-1.2178784946274657e-16f,0.06298406115223794f,-0.9980145329807433f,-0.18994492975789423f,0f,0f,0f,1f],start_interpolation:0}
execute if entity @s[tag=aj.spawner.bone.t44] run data modify entity @s {} merge value {transformation:[-0.9980145329807433f,-0.06285900837608134f,-0.003966991959228728f,0.35139473810971705f,-0.06298406115223795f,0.9960330080407711f,0.06285900837608133f,0.16488769207552934f,-1.2178784946274657e-16f,0.06298406115223794f,-0.9980145329807433f,0.27711980115623186f,0f,0f,0f,1f],start_interpolation:0}
execute if entity @s[tag=aj.spawner.bone.t45] run data modify entity @s {} merge value {transformation:[-0.9980145329807433f,-0.06285900837608134f,-0.003966991959228728f,0.09577069404298245f,-0.06298406115223795f,0.9960330080407711f,0.06285900837608133f,0.9110079645896637f,-1.2178784946274657e-16f,0.06298406115223794f,-0.9980145329807433f,-0.16709882825138989f,0f,0f,0f,1f],start_interpolation:0}
execute if entity @s[tag=aj.spawner.bone.v31] run data modify entity @s {} merge value {transformation:[-1f,0f,1.4520812047032902e-16f,-0.14883150298131478f,0f,1f,0f,0.5591048674991094f,-1.2246467991473532e-16f,0f,-1.1857142857142857f,-0.03125f,0f,0f,0f,1f],start_interpolation:0}
execute if entity @s[tag=aj.spawner.bone.v32] run data modify entity @s {} merge value {transformation:[-1f,0f,1.4520812047032902e-16f,0.08725808048805375f,0f,1f,0f,0.5591048674991094f,-1.2246467991473532e-16f,0f,-1.1857142857142857f,-0.03125f,0f,0f,0f,1f],start_interpolation:0}
execute if entity @s[tag=aj.spawner.bone.v41] run data modify entity @s {} merge value {transformation:[-1f,0f,1.242141753420887e-16f,-0.17228970872519958f,0f,1f,0f,0.4987821885213817f,-1.2246467991473532e-16f,0f,-1.0142857142857145f,-0.03125f,0f,0f,0f,1f],start_interpolation:0}
execute if entity @s[tag=aj.spawner.bone.v42] run data modify entity @s {} merge value {transformation:[-1f,0f,1.242141753420887e-16f,0.11071628623193838f,0f,1f,0f,0.4987821885213818f,-1.2246467991473532e-16f,0f,-1.0142857142857145f,-0.03125f,0f,0f,0f,1f],start_interpolation:0}
execute if entity @s[tag=aj.spawner.bone.heart] run data modify entity @s {} merge value {transformation:[-1.1444444444444446f,0f,1.2246467991473532e-16f,-0.03125f,0f,1f,0f,0.37499999999999994f,-1.40154022569086e-16f,0f,-1f,-0.017116477272727693f,0f,0f,0f,1f],start_interpolation:0}