execute if entity @s[tag=aj.spawner.bone.bones_right] run data modify entity @s {} merge value {transformation:[-1f,3.7189675387397656e-17f,1.1668130043498216e-16f,-0.03125f,0f,0.9527751227228962f,-0.3036767451096149f,0.7220045509759399f,-1.2246467991473532e-16f,-0.3036767451096149f,-0.9527751227228962f,-0.12578257873740134f,0f,0f,0f,1f],start_interpolation:0}
execute if entity @s[tag=aj.spawner.bone.bones_left] run data modify entity @s {} merge value {transformation:[-1f,-3.7189675387397656e-17f,1.1668130043498216e-16f,-0.031250000000000056f,0f,0.9527751227228962f,0.3036767451096149f,0.7220045509759399f,-1.2246467991473532e-16f,0.3036767451096149f,-0.9527751227228962f,0.06328257873740134f,0f,0f,0f,1f],start_interpolation:0}
execute if entity @s[tag=aj.spawner.bone.t11] run data modify entity @s {} merge value {transformation:[-0.9983879414785494f,0.056755441850692534f,0.002634455294492427f,-0.19792705945185787f,0.05625664425056453f,0.9956742135856624f,-0.08660245472912902f,0.7179488801793863f,-0.007530490547783103f,-0.08640323359289781f,-0.9962394664337437f,0.1472229913255915f,0f,0f,0f,1f],start_interpolation:0}
execute if entity @s[tag=aj.spawner.bone.t12] run data modify entity @s {} merge value {transformation:[-0.9932027060564532f,0.11639386804641122f,0.00092312693231412f,-0.1816845593073679f,0.11501155620227704f,0.9825657756870526f,-0.14607134691112822f,0.782341102059387f,-0.017908842008042245f,-0.14497228676438578f,-0.9892736271872588f,0.1291636343740622f,0f,0f,0f,1f],start_interpolation:0}
execute if entity @s[tag=aj.spawner.bone.t13] run data modify entity @s {} merge value {transformation:[-0.9729940368614095f,0.229000089796031f,-0.029009707091731726f,-0.16058375025317626f,0.2286612286445814f,0.9390210805115273f,-0.2568140433654563f,0.8348584063861288f,-0.031569712492970456f,-0.2565119280430712f,-0.9660253537173532f,0.11146941414928419f,0f,0f,0f,1f],start_interpolation:0}
execute if entity @s[tag=aj.spawner.bone.t14] run data modify entity @s {} merge value {transformation:[-0.9108305244554054f,0.39937525101586124f,-0.10434157654697918f,-0.1572155484669833f,0.40381026182804985f,0.8096889498902606f,-0.425841610071126f,0.8718540833581147f,-0.08558637837093658f,-0.43000373638100503f,-0.8987612355546505f,0.10218408484960773f,0f,0f,0f,1f],start_interpolation:0}
execute if entity @s[tag=aj.spawner.bone.t15] run data modify entity @s {} merge value {transformation:[-0.8147931475660433f,0.5491518920869658f,-0.1858610397493928f,-0.13819561134122324f,0.5596287197870218f,0.6612680897529679f,-0.49953999786203274f,0.8794153246748322f,-0.15141936028447278f,-0.5110349429263776f,-0.846117878572055f,0.08308763623863605f,0f,0f,0f,1f],start_interpolation:0}
execute if entity @s[tag=aj.spawner.bone.t21] run data modify entity @s {} merge value {transformation:[-0.996992941167792f,-0.07733477142480209f,0.006005075261595632f,0.1363216798526734f,-0.07749242067193093f,0.9949646758844907f,-0.07725939640392024f,0.717848442998253f,-1.225301022863584e-16f,-0.0775680230335621f,-0.996992941167792f,0.1467871702339983f,0f,0f,0f,1f],start_interpolation:0}
execute if entity @s[tag=aj.spawner.bone.t22] run data modify entity @s {} merge value {transformation:[-0.9916546064514151f,-0.12778765420163177f,0.017072109926224276f,0.12495949514429372f,-0.12892204639109273f,0.9834252974291338f,-0.12749035387335228f,0.7833776638751858f,-0.000497451527128369f,-0.1286273680445333f,-0.9916928721796453f,0.13537186491323008f,0f,0f,0f,1f],start_interpolation:0}
execute if entity @s[tag=aj.spawner.bone.t23] run data modify entity @s {} merge value {transformation:[-0.9729164098493002f,-0.22594313857148704f,0.04881964336631274f,0.11260850078238646f,-0.2311119984192179f,0.9466076155326859f,-0.22476936268583855f,0.8371446352838164f,0.004572049061809846f,-0.22996460672892338f,-0.9731882531244344f,0.11926490077339974f,0f,0f,0f,1f],start_interpolation:0}
execute if entity @s[tag=aj.spawner.bone.t24] run data modify entity @s {} merge value {transformation:[-0.9204717647272955f,-0.3543681683429847f,0.1647875347380878f,0.09934948311693277f,-0.390470993383345f,0.8514556061203555f,-0.35007963969994244f,0.870908820544267f,-0.016252189576857097f,-0.3865831761360754f,-0.9221113350688744f,0.10470253175790833f,0f,0f,0f,1f],start_interpolation:0}
execute if entity @s[tag=aj.spawner.bone.t25] run data modify entity @s {} merge value {transformation:[-0.8418429895254358f,-0.45671238573010425f,0.28760072619448196f,0.09210187882038176f,-0.5374102352289254f,0.7585866700290254f,-0.36842435197129075f,0.883501153001784f,-0.04990611243192572f,-0.4647150317936691f,-0.8840527807585591f,0.0862198405180058f,0f,0f,0f,1f],start_interpolation:0}
execute if entity @s[tag=aj.spawner.bone.t31] run data modify entity @s {} merge value {transformation:[-0.996992941167792f,0.07733477142480209f,0.006005075261595632f,-0.19631734334924728f,0.07749242067193093f,0.9949646758844907f,0.07725939640392024f,0.7177511172237195f,-1.225301022863584e-16f,0.0775680230335621f,-0.996992941167792f,-0.21053557878641688f,0f,0f,0f,1f],start_interpolation:0}
execute if entity @s[tag=aj.spawner.bone.t32] run data modify entity @s {} merge value {transformation:[-0.9909846595409222f,0.13264460691572388f,0.018836475539114668f,-0.184977826578389f,0.13397199185741834f,0.9821173708480901f,0.13227613267778385f,0.7829886995958326f,-0.000953914209142882f,0.13360717845463219f,-0.991033910576764f,-0.1991430097725826f,0f,0f,0f,1f],start_interpolation:0}
execute if entity @s[tag=aj.spawner.bone.t33] run data modify entity @s {} merge value {transformation:[-0.9688727356775213f,0.24425755832995405f,0.040297236374781054f,-0.16948708801940843f,0.24659428141410542f,0.9378651174994463f,0.24413168936377466f,0.8363721910927502f,0.02183763802742542f,0.2464696057862687f,-0.9689044591645475f,-0.18885821748956472f,0f,0f,0f,1f],start_interpolation:0}
execute if entity @s[tag=aj.spawner.bone.t34] run data modify entity @s {} merge value {transformation:[-0.9039093506741854f,0.4110606909523103f,0.11822433809322716f,-0.1605733206584713f,0.4212532366409261f,0.8076555844000413f,0.41259928212125074f,0.8724474337310495f,0.0741187991221951f,0.42275473426235793f,-0.9032080813829373f,-0.17252973663039264f,0f,0f,0f,1f],start_interpolation:0}
execute if entity @s[tag=aj.spawner.bone.t35] run data modify entity @s {} merge value {transformation:[-0.8055107069029406f,0.5575568698713602f,0.20070584925202345f,-0.13398899970680883f,0.576121696770162f,0.6575768373785724f,0.4854652340321229f,0.8803754376088935f,0.13869495872379164f,0.5066784382647889f,-0.8509057930359625f,-0.167005359566961f,0f,0f,0f,1f],start_interpolation:0}
execute if entity @s[tag=aj.spawner.bone.t41] run data modify entity @s {} merge value {transformation:[-0.996992941167792f,-0.07725939640392025f,-0.006005075261595387f,0.14316926668537466f,-0.07749242067193093f,0.9939949247384045f,0.07725939640392024f,0.7187460273980981f,-1.2166274054837e-16f,0.07749242067193092f,-0.996992941167792f,-0.21397348548009879f,0f,0f,0f,1f],start_interpolation:0}
execute if entity @s[tag=aj.spawner.bone.t42] run data modify entity @s {} merge value {transformation:[-0.996992941167792f,-0.07725939640392025f,-0.006005075261595387f,0.13166400902069142f,-0.07749242067193093f,0.9939949247384045f,0.07725939640392024f,0.7861159796171386f,-1.2166274054837e-16f,0.07749242067193092f,-0.996992941167792f,-0.20241467567660493f,0f,0f,0f,1f],start_interpolation:0}
execute if entity @s[tag=aj.spawner.bone.t43] run data modify entity @s {} merge value {transformation:[-0.996992941167792f,-0.07725939640392025f,-0.006005075261595387f,0.11754478550257581f,-0.07749242067193093f,0.9939949247384045f,0.07725939640392024f,0.8467898641282027f,-1.2166274054837e-16f,0.07749242067193092f,-0.996992941167792f,-0.18822459056116117f,0f,0f,0f,1f],start_interpolation:0}
execute if entity @s[tag=aj.spawner.bone.t44] run data modify entity @s {} merge value {transformation:[-0.996992941167792f,-0.07725939640392025f,-0.006005075261595387f,0.360836537002296f,-0.07749242067193093f,0.9939949247384045f,0.07725939640392024f,0.1604345749085616f,-1.2166274054837e-16f,0.07749242067193092f,-0.996992941167792f,0.2686620006126382f,0f,0f,0f,1f],start_interpolation:0}
execute if entity @s[tag=aj.spawner.bone.t45] run data modify entity @s {} merge value {transformation:[-0.996992941167792f,-0.07725939640392025f,-0.006005075261595387f,0.09389361512782739f,-0.07749242067193093f,0.9939949247384045f,0.07725939640392024f,0.9091191844939878f,-1.2166274054837e-16f,0.07749242067193092f,-0.996992941167792f,-0.16444553280766983f,0f,0f,0f,1f],start_interpolation:0}
execute if entity @s[tag=aj.spawner.bone.v61] run data modify entity @s {} merge value {transformation:[-1f,0f,1.2771316619679538e-16f,-0.09963345872519982f,0f,1f,0f,0.38940718852138173f,-1.2246467991473532e-16f,0f,-1.0428571428571427f,-0.03125f,0f,0f,0f,1f],start_interpolation:0}
execute if entity @s[tag=aj.spawner.bone.v62] run data modify entity @s {} merge value {transformation:[-1f,0f,1.2771316619679538e-16f,0.03806003325170601f,0f,1f,0f,0.38940718852138173f,-1.2246467991473532e-16f,0f,-1.0428571428571427f,-0.03125f,0f,0f,0f,1f],start_interpolation:0}
execute if entity @s[tag=aj.spawner.bone.heart] run data modify entity @s {} merge value {transformation:[-1.177777777777778f,0f,1.2246467991473532e-16f,-0.03125f,0f,1f,0f,0.37499999999999994f,-1.4423617856624385e-16f,0f,-1f,-0.017116477272727693f,0f,0f,0f,1f],start_interpolation:0}