execute if entity @s[tag=aj.spawner.bone.bones_right] run data modify entity @s {} merge value {transformation:[-1f,1.02932206321258e-17f,1.2203133792447312e-16f,-0.03125f,0f,0.9964614941176191f,-0.0840505249292477f,0.710397408118797f,-1.2246467991473532e-16f,-0.0840505249292477f,-0.9964614941176191f,-0.1248897215945442f,0f,0f,0f,1f],start_interpolation:0}
execute if entity @s[tag=aj.spawner.bone.bones_left] run data modify entity @s {} merge value {transformation:[-1f,-1.02932206321258e-17f,1.2203133792447312e-16f,-0.031250000000000056f,0f,0.9964614941176191f,0.0840505249292477f,0.710397408118797f,-1.2246467991473532e-16f,0.0840505249292477f,-0.9964614941176191f,0.0623897215945442f,0f,0f,0f,1f],start_interpolation:0}
execute if entity @s[tag=aj.spawner.bone.t11] run data modify entity @s {} merge value {transformation:[-0.9957236361035552f,0.09257729942823749f,-0.0003889787555975701f,-0.19717992839684556f,0.09159621170941075f,0.9887913013282826f,-0.13430996583010824f,0.7162272299195442f,-0.012023913888570463f,-0.1340551711681208f,-0.9909392926785389f,0.1461481282731081f,0f,0f,0f,1f],start_interpolation:0}
execute if entity @s[tag=aj.spawner.bone.t12] run data modify entity @s {} merge value {transformation:[-0.9854304139018585f,0.16992525744074374f,-0.0072323053661291735f,-0.17940581250662785f,0.16759758614327291f,0.9629369006198543f,-0.21133758431376387f,0.7788303559166833f,-0.028947339707824454f,-0.20947060010494556f,-0.9773863715110385f,0.12583007362869f,0f,0f,0f,1f],start_interpolation:0}
execute if entity @s[tag=aj.spawner.bone.t13] run data modify entity @s {} merge value {transformation:[-0.9885469942436361f,0.15055636931868094f,-0.010373997756383589f,-0.1596339207122095f,0.14973830274772712f,0.9699682018744203f,-0.19167714533228514f,0.8361500128421537f,-0.018795767132589358f,-0.1910352507001807f,-0.9814032056845017f,0.11008743523333277f,0f,0f,0f,1f],start_interpolation:0}
execute if entity @s[tag=aj.spawner.bone.t14] run data modify entity @s {} merge value {transformation:[-0.9905544822776216f,0.13673264584156322f,-0.010295688460648865f,-0.15961052784707996f,0.1363762316976866f,0.9745939370835657f,-0.1776743685169409f,0.8764286252853758f,-0.014259770953700669f,-0.17740022931529836f,-0.9840354757686469f,0.10201422735443764f,0f,0f,0f,1f],start_interpolation:0}
execute if entity @s[tag=aj.spawner.bone.t15] run data modify entity @s {} merge value {transformation:[-0.9923434230097372f,0.12304783502995624f,-0.010665885043377302f,-0.14612112777988379f,0.12306496915901359f,0.977762139564288f,-0.16981228400959894f,0.8969520619354189f,-0.010466335328513885f,-0.16982469999710392f,-0.9854187064875948f,0.08774366072246832f,0f,0f,0f,1f],start_interpolation:0}
execute if entity @s[tag=aj.spawner.bone.t21] run data modify entity @s {} merge value {transformation:[-0.9920516713568143f,-0.12519029380973534f,0.014766636738696694f,0.1352815545597564f,-0.12582643863869017f,0.9859433491651266f,-0.12502036163455973f,0.715670533572156f,0.0010902741192977117f,-0.12611496890035467f,-0.992044281076299f,0.145540307747092f,0f,0f,0f,1f],start_interpolation:0}
execute if entity @s[tag=aj.spawner.bone.t22] run data modify entity @s {} merge value {transformation:[-0.9810950371660321f,-0.19038540869893505f,0.03472641937662782f,0.1214813753474402f,-0.19350754481002364f,0.9625608291463594f,-0.1898195993428224f,0.7796110887280194f,0.002712590971500258f,-0.19295089102570212f,-0.9812046654508981f,0.13160240504890883f,0f,0f,0f,1f],start_interpolation:0}
execute if entity @s[tag=aj.spawner.bone.t23] run data modify entity @s {} merge value {transformation:[-0.9829094946029612f,-0.18222357842587614f,0.026143696850675722f,0.10399548081388973f,-0.18391600843146036f,0.9658670878683879f,-0.18241620107676532f,0.836659244381627f,0.007989196579786242f,-0.18410686037817398f,-0.9828737643765354f,0.11661977553423133f,0f,0f,0f,1f],start_interpolation:0}
execute if entity @s[tag=aj.spawner.bone.t24] run data modify entity @s {} merge value {transformation:[-0.9829094946029612f,-0.18222357842587614f,0.026143696850675722f,0.09010699958555458f,-0.18391600843146036f,0.9658670878683879f,-0.18241620107676532f,0.874552883506063f,0.007989196579786242f,-0.18410686037817398f,-0.9828737643765354f,0.10257149884001837f,0f,0f,0f,1f],start_interpolation:0}
execute if entity @s[tag=aj.spawner.bone.t25] run data modify entity @s {} merge value {transformation:[-0.9828820261170733f,-0.18215968573234398f,0.02758208893268816f,0.08078445795887078f,-0.18412106055381844f,0.9659096087195692f,-0.18198368840021262f,0.8946139685699074f,0.006508286758754365f,-0.18394693984163535f,-0.982914627791429f,0.08819294492684518f,0f,0f,0f,1f],start_interpolation:0}
execute if entity @s[tag=aj.spawner.bone.t31] run data modify entity @s {} merge value {transformation:[-0.9920516713568143f,0.12519029380973534f,0.014766636738696694f,-0.19527726501081322f,0.12582643863869017f,0.9859433491651266f,0.12502036163455973f,0.715523522915152f,0.0010902741192977117f,0.12611496890035467f,-0.992044281076299f,-0.20928393922961175f,0f,0f,0f,1f],start_interpolation:0}
execute if entity @s[tag=aj.spawner.bone.t32] run data modify entity @s {} merge value {transformation:[-0.9793967699729255f,0.19849127111424017f,0.03719115833170255f,-0.18151843450719685f,0.20191326534247242f,0.9592030750168425f,0.19789010626348602f,0.7791119038426814f,0.003605585297964049f,0.20132231910468013f,-0.9795184141122475f,-0.19538766926194368f,0f,0f,0f,1f],start_interpolation:0}
execute if entity @s[tag=aj.spawner.bone.t33] run data modify entity @s {} merge value {transformation:[-0.9831841001786331f,0.18070220368373233f,0.02637685993014289f,-0.16650155568314118f,0.18247572972604012f,0.96643750552824f,0.18083460943442797f,0.8364095608167385f,0.0071856257125330995f,0.18260684952157696f,-0.9831597557319581f,-0.17780737902252475f,0f,0f,0f,1f],start_interpolation:0}
execute if entity @s[tag=aj.spawner.bone.t34] run data modify entity @s {} merge value {transformation:[-0.9855881607795342f,0.16717413717678536f,0.025860881470134496f,-0.16044437454416294f,0.16913995183453678f,0.971372463034632f,0.16681491165793058f,0.8745977835931824f,0.0027665907947449966f,0.16878491021779746f,-0.9856490247842506f,-0.1567005305735248f,0f,0f,0f,1f],start_interpolation:0}
execute if entity @s[tag=aj.spawner.bone.t35] run data modify entity @s {} merge value {transformation:[-0.9877794286366985f,0.15367696967615702f,0.0259844059641737f,-0.13880862296153917f,0.155855622361865f,0.9749102882796731f,0.15893066030392156f,0.8953397264844902f,-0.0009084824451712726f,0.1610382525911105f,-0.9869477472804973f,-0.15450936847947205f,0f,0f,0f,1f],start_interpolation:0}
execute if entity @s[tag=aj.spawner.bone.t41] run data modify entity @s {} merge value {transformation:[-0.9931779200679753f,-0.11581331462551514f,-0.013597619089450218f,0.14712004613118068f,-0.11660882938032753f,0.9864023809105497f,0.11581331462551513f,0.7179130938908823f,-1.2162921607950717e-16f,0.11660882938032752f,-0.9931779200679753f,-0.2152525565377124f,0f,0f,0f,1f],start_interpolation:0}
execute if entity @s[tag=aj.spawner.bone.t42] run data modify entity @s {} merge value {transformation:[-0.9931779200679753f,-0.11581331462551514f,-0.013597619089450218f,0.13303550386956078f,-0.11660882938032753f,0.9864023809105497f,0.11581331462551513f,0.7842756191784453f,-1.2162921607950717e-16f,0.11660882938032752f,-0.9931779200679753f,-0.20102833751739013f,0f,0f,0f,1f],start_interpolation:0}
execute if entity @s[tag=aj.spawner.bone.t43] run data modify entity @s {} merge value {transformation:[-0.9931779200679753f,-0.11581331462551514f,-0.013597619089450218f,0.11661360638379242f,-0.11660882938032753f,0.9864023809105497f,0.11581331462551513f,0.8437468103852998f,-1.2162921607950717e-16f,0.11660882938032752f,-0.9931779200679753f,-0.18442924268048239f,0f,0f,0f,1f],start_interpolation:0}
execute if entity @s[tag=aj.spawner.bone.t44] run data modify entity @s {} merge value {transformation:[-0.9931779200679753f,-0.11581331462551514f,-0.013597619089450218f,0.3887175539774791f,-0.11660882938032753f,0.9864023809105497f,0.11581331462551513f,0.15019035281510973f,-1.2162921607950717e-16f,0.11660882938032752f,-0.9931779200679753f,0.2444748240391219f,0f,0f,0f,1f],start_interpolation:0}
execute if entity @s[tag=aj.spawner.bone.t45] run data modify entity @s {} merge value {transformation:[-0.9931779200679753f,-0.11581331462551514f,-0.013597619089450218f,0.09064622696814567f,-0.11660882938032753f,0.9864023809105497f,0.11581331462551513f,0.9041215514324445f,-1.2162921607950717e-16f,0.11660882938032752f,-0.9931779200679753f,-0.1581547022511241f,0f,0f,0f,1f],start_interpolation:0}
execute if entity @s[tag=aj.spawner.bone.v51] run data modify entity @s {} merge value {transformation:[-1f,0f,1.277131661967954e-16f,-0.17228970872519955f,0f,1f,0f,0.40503218852138173f,-1.2246467991473532e-16f,0f,-1.042857142857143f,-0.031250000000000056f,0f,0f,0f,1f],start_interpolation:0}
execute if entity @s[tag=aj.spawner.bone.v52] run data modify entity @s {} merge value {transformation:[-1f,0f,1.277131661967954e-16f,0.11071628623193841f,0f,1f,0f,0.4050321885213818f,-1.2246467991473532e-16f,0f,-1.042857142857143f,-0.03125f,0f,0f,0f,1f],start_interpolation:0}
execute if entity @s[tag=aj.spawner.bone.v61] run data modify entity @s {} merge value {transformation:[-1f,0f,1.4170912961562232e-16f,-0.09963345872519982f,0f,1f,0f,0.38940718852138173f,-1.2246467991473532e-16f,0f,-1.1571428571428573f,-0.03125f,0f,0f,0f,1f],start_interpolation:0}
execute if entity @s[tag=aj.spawner.bone.v62] run data modify entity @s {} merge value {transformation:[-1f,0f,1.4170912961562232e-16f,0.03806003325170601f,0f,1f,0f,0.38940718852138173f,-1.2246467991473532e-16f,0f,-1.1571428571428573f,-0.03125f,0f,0f,0f,1f],start_interpolation:0}
execute if entity @s[tag=aj.spawner.bone.heart] run data modify entity @s {} merge value {transformation:[-1.267857142857143f,0f,1.2246467991473532e-16f,-0.03125f,0f,1f,0f,0.37499999999999994f,-1.5526771917761088e-16f,0f,-1f,-0.017116477272727693f,0f,0f,0f,1f],start_interpolation:0}