execute if entity @s[tag=aj.spawner.bone.bones_right] run data modify entity @s {} merge value {transformation:[-1f,3.7189675387397607e-17f,1.1668130043498216e-16f,-0.03125f,0f,0.9527751227228963f,-0.3036767451096145f,0.7220045509759399f,-1.2246467991473532e-16f,-0.3036767451096145f,-0.9527751227228963f,-0.12578257873740134f,0f,0f,0f,1f],start_interpolation:0}
execute if entity @s[tag=aj.spawner.bone.bones_left] run data modify entity @s {} merge value {transformation:[-1f,-3.7189675387397607e-17f,1.1668130043498216e-16f,-0.031250000000000056f,0f,0.9527751227228963f,0.3036767451096145f,0.7220045509759399f,-1.2246467991473532e-16f,0.3036767451096145f,-0.9527751227228963f,0.06328257873740134f,0f,0f,0f,1f],start_interpolation:0}
execute if entity @s[tag=aj.spawner.bone.t11] run data modify entity @s {} merge value {transformation:[-0.9976184496401138f,0.06912604458297801f,-0.00014280480782096882f,-0.19892575868693313f,0.06874364824092347f,0.9963056044620291f,-0.08373839727892893f,0.7199704004436726f,-0.005633805479782069f,-0.0837329962346863f,-0.9964877623071661f,0.1485907656306448f,0f,0f,0f,1f],start_interpolation:0}
execute if entity @s[tag=aj.spawner.bone.t12] run data modify entity @s {} merge value {transformation:[-0.9980951458791022f,0.06167085327284402f,0.0016690204231699964f,-0.18459950613497306f,0.06136274990563481f,0.9951792041044094f,-0.07650467072102475f,0.7879753720578562f,-0.006379082739087885f,-0.07625652480091949f,-0.9970678260422882f,0.13332604474606732f,0f,0f,0f,1f],start_interpolation:0}
execute if entity @s[tag=aj.spawner.bone.t13] run data modify entity @s {} merge value {transformation:[-0.9997808429551042f,0.02077531579648706f,0.002579207928300066f,-0.17365943732612327f,0.020669946120323086f,0.9991472913845773f,-0.0357413408568497f,0.8503118454596001f,-0.0033195462587695757f,-0.035680195801295826f,-0.999357745874928f,0.12777295468967143f,0f,0f,0f,1f],start_interpolation:0}
execute if entity @s[tag=aj.spawner.bone.t14] run data modify entity @s {} merge value {transformation:[-0.9998543810668741f,0.016965151092048738f,0.00184399289641101f,-0.17565111414277101f,0.016897791079637844f,0.9993490222794303f,-0.03187469726562828f,0.8908927369866088f,-0.002383551553243254f,-0.03183889629950285f,-0.9994901717197736f,0.12288252332072706f,0f,0f,0f,1f],start_interpolation:0}
execute if entity @s[tag=aj.spawner.bone.t15] run data modify entity @s {} merge value {transformation:[-0.9999126213109569f,0.013202652448700244f,0.0006631073588531677f,-0.16587562411576887f,0.01317706920745806f,0.9994700449377921f,-0.029765653346595165f,0.9156768936112595f,-0.001055741517795143f,-0.029754314651267644f,-0.9995566848205663f,0.11279179230977882f,0f,0f,0f,1f],start_interpolation:0}
execute if entity @s[tag=aj.spawner.bone.t21] run data modify entity @s {} merge value {transformation:[-0.9963316350050305f,-0.08556223808992096f,0.005572490158043751f,0.1370866613515958f,-0.08555798520127406f,0.9946154985870117f,-0.08540959343893793f,0.7192479875401095f,0.0017618900366427378f,-0.0857411408280318f,-0.9963303411529901f,0.14764083869242128f,0f,0f,0f,1f],start_interpolation:0}
execute if entity @s[tag=aj.spawner.bone.t22] run data modify entity @s {} merge value {transformation:[-0.9963293863560384f,-0.08531090350579382f,0.007057168442445397f,0.12733220660603842f,-0.08560188356465631f,0.9926755964724799f,-0.08524950262722415f,0.7871742341076984f,0.0002672331995367905f,-0.08554069155104611f,-0.9963346419127389f,0.13786519856729668f,0f,0f,0f,1f],start_interpolation:0}
execute if entity @s[tag=aj.spawner.bone.t23] run data modify entity @s {} merge value {transformation:[-0.9986780322407229f,-0.05133426499711416f,0.002642187919797587f,0.10852772762720686f,-0.051402217070837176f,0.9973578120802026f,-0.051334264997114167f,0.8485455181428629f,-1.2186910468724365e-16f,-0.05140221707083718f,-0.9986780322407229f,0.13153169114961707f,0f,0f,0f,1f],start_interpolation:0}
execute if entity @s[tag=aj.spawner.bone.t24] run data modify entity @s {} merge value {transformation:[-0.9986780322407229f,-0.05133426499711416f,0.002642187919797587f,0.09710443707119049f,-0.051402217070837176f,0.9973578120802026f,-0.051334264997114167f,0.8881000247392337f,-1.2186910468724365e-16f,-0.05140221707083718f,-0.9986780322407229f,0.12008086952885762f,0f,0f,0f,1f],start_interpolation:0}
execute if entity @s[tag=aj.spawner.bone.t25] run data modify entity @s {} merge value {transformation:[-0.9986780322407229f,-0.05133426499711416f,0.002642187919797587f,0.0864832444057539f,-0.051402217070837176f,0.9973578120802026f,-0.051334264997114167f,0.9120708155218517f,-1.2186910468724365e-16f,-0.05140221707083718f,-0.9986780322407229f,0.10943320754982988f,0f,0f,0f,1f],start_interpolation:0}
execute if entity @s[tag=aj.spawner.bone.t31] run data modify entity @s {} merge value {transformation:[-0.9963316350050305f,0.08556223808992096f,0.005572490158043751f,-0.19708231571380633f,0.08555798520127406f,0.9946154985870117f,0.08540959343893793f,0.7191835379370067f,0.0017618900366427378f,0.0857411408280318f,-0.9963303411529901f,-0.21139135727192251f,0f,0f,0f,1f],start_interpolation:0}
execute if entity @s[tag=aj.spawner.bone.t32] run data modify entity @s {} merge value {transformation:[-0.9965350848140817f,0.08312104558566347f,0.002952374525219251f,-0.18731435625886678f,0.08307777209650427f,0.9930590677936273f,0.08325726188347446f,0.7873721633932964f,0.003988548366561921f,0.08321405923038613f,-0.996523713630704f,-0.2016021945609932f,0f,0f,0f,1f],start_interpolation:0}
execute if entity @s[tag=aj.spawner.bone.t33] run data modify entity @s {} merge value {transformation:[-0.9990954745787795f,0.042453545541778416f,0.0024349840112946842f,-0.18156512223091034f,0.04251866519216803f,0.9981941314293978f,0.04243393795285346f,0.8490614905006901f,-0.0006291156328003034f,0.04249908764717715f,-0.9990963075513181f,-0.18218704057665286f,0f,0f,0f,1f],start_interpolation:0}
execute if entity @s[tag=aj.spawner.bone.t34] run data modify entity @s {} merge value {transformation:[-0.9992474636848646f,0.03866500221555164f,0.003086085390357689f,-0.17773395866005978f,0.038755330269084995f,0.9985047242161252f,0.0385530815086709f,0.8887063233257932f,-0.0015908158596574132f,0.03864367117331717f,-0.9992517880810367f,-0.16381002579533602f,0f,0f,0f,1f],start_interpolation:0}
execute if entity @s[tag=aj.spawner.bone.t35] run data modify entity @s {} merge value {transformation:[-0.9993813753419629f,0.0349149092017813f,0.004220868990865667f,-0.15995298196891397f,0.03504568537612793f,0.9987219044092844f,0.036419192599639647f,0.9131433406883461f,-0.0029439015140008493f,0.03654458603573944f,-0.9993276873355167f,-0.15985411817434184f,0f,0f,0f,1f],start_interpolation:0}
execute if entity @s[tag=aj.spawner.bone.t41] run data modify entity @s {} merge value {transformation:[-0.9986780322407229f,-0.05133426499711417f,-0.0026421879197973423f,0.14235783668102525f,-0.051402217070837176f,0.9973578120802026f,0.051334264997114167f,0.7197198452585765f,-1.2273646642523206e-16f,0.05140221707083717f,-0.9986780322407229f,-0.21403209245332816f,0f,0f,0f,1f],start_interpolation:0}
execute if entity @s[tag=aj.spawner.bone.t42] run data modify entity @s {} merge value {transformation:[-0.9986780322407229f,-0.05133426499711417f,-0.0026421879197973423f,0.13260338193546783f,-0.051402217070837176f,0.9973578120802026f,0.051334264997114167f,0.7876460918261649f,-1.2273646642523206e-16f,0.05140221707083717f,-0.9986780322407229f,-0.20425645232820364f,0f,0f,0f,1f],start_interpolation:0}
execute if entity @s[tag=aj.spawner.bone.t43] run data modify entity @s {} merge value {transformation:[-0.9986780322407229f,-0.05133426499711417f,-0.0026421879197973423f,0.12005715433263955f,-0.051402217070837176f,0.9973578120802026f,0.051334264997114167f,0.8490178005617903f,-1.2273646642523206e-16f,0.05140221707083717f,-0.9986780322407229f,-0.19168120720901952f,0f,0f,0f,1f],start_interpolation:0}
execute if entity @s[tag=aj.spawner.bone.t44] run data modify entity @s {} merge value {transformation:[-0.9986780322407229f,-0.05133426499711417f,-0.0026421879197973423f,0.34469652449877f,-0.051402217070837176f,0.9973578120802026f,0.051334264997114167f,0.16870515906310346f,-1.2273646642523206e-16f,0.05140221707083717f,-0.9986780322407229f,0.28343107401557327f,0f,0f,0f,1f],start_interpolation:0}
execute if entity @s[tag=aj.spawner.bone.t45] run data modify entity @s {} merge value {transformation:[-0.9986780322407229f,-0.05133426499711417f,-0.0026421879197973423f,0.09801267111118658f,-0.051402217070837176f,0.9973578120802026f,0.051334264997114167f,0.9125430979407791f,-1.2273646642523206e-16f,0.05140221707083717f,-0.9986780322407229f,-0.1695827236092325f,0f,0f,0f,1f],start_interpolation:0}
execute if entity @s[tag=aj.spawner.bone.v41] run data modify entity @s {} merge value {transformation:[-1f,0f,1.277131661967954e-16f,-0.17228970872519958f,0f,1f,0f,0.4987821885213817f,-1.2246467991473532e-16f,0f,-1.042857142857143f,-0.03125f,0f,0f,0f,1f],start_interpolation:0}
execute if entity @s[tag=aj.spawner.bone.v42] run data modify entity @s {} merge value {transformation:[-1f,0f,1.277131661967954e-16f,0.11071628623193838f,0f,1f,0f,0.4987821885213818f,-1.2246467991473532e-16f,0f,-1.042857142857143f,-0.03125f,0f,0f,0f,1f],start_interpolation:0}
execute if entity @s[tag=aj.spawner.bone.v51] run data modify entity @s {} merge value {transformation:[-1f,0f,1.4170912961562232e-16f,-0.17228970872519955f,0f,1f,0f,0.40503218852138173f,-1.2246467991473532e-16f,0f,-1.1571428571428573f,-0.031250000000000056f,0f,0f,0f,1f],start_interpolation:0}
execute if entity @s[tag=aj.spawner.bone.v52] run data modify entity @s {} merge value {transformation:[-1f,0f,1.4170912961562232e-16f,0.11071628623193841f,0f,1f,0f,0.4050321885213818f,-1.2246467991473532e-16f,0f,-1.1571428571428573f,-0.03125f,0f,0f,0f,1f],start_interpolation:0}
execute if entity @s[tag=aj.spawner.bone.heart] run data modify entity @s {} merge value {transformation:[-1.1178571428571429f,0f,1.2246467991473532e-16f,-0.03125f,0f,1f,0f,0.37499999999999994f,-1.3689801719040055e-16f,0f,-1f,-0.017116477272727693f,0f,0f,0f,1f],start_interpolation:0}