execute if entity @s[tag=aj.spawner.bone.bones_right] run data modify entity @s {} merge value {transformation:[-1f,2.7250954951288018e-17f,1.1939423470528823e-16f,-0.03125f,0f,0.9749279121818236f,-0.22252093395631453f,0.7176518724045112f,-1.2246467991473532e-16f,-0.22252093395631453f,-0.9749279121818236f,-0.1254477573088299f,0f,0f,0f,1f],start_interpolation:0}
execute if entity @s[tag=aj.spawner.bone.bones_left] run data modify entity @s {} merge value {transformation:[-1f,-2.7250954951288018e-17f,1.1939423470528823e-16f,-0.031250000000000056f,0f,0.9749279121818236f,0.22252093395631453f,0.7176518724045112f,-1.2246467991473532e-16f,0.22252093395631453f,-0.9749279121818236f,0.0629477573088299f,0f,0f,0f,1f],start_interpolation:0}
execute if entity @s[tag=aj.spawner.bone.t11] run data modify entity @s {} merge value {transformation:[-0.9951322140983534f,0.0987779243244017f,-0.0010178045653614334f,-0.1976134620407575f,0.09780110333815469f,0.9886042430942905f,-0.13314691583701666f,0.717251467048457f,-0.012116957107639844f,-0.13291363361872086f,-0.9910957889512786f,0.14677822875736588f,0f,0f,0f,1f],start_interpolation:0}
execute if entity @s[tag=aj.spawner.bone.t12] run data modify entity @s {} merge value {transformation:[-0.9903383158855984f,0.1386393583542432f,-0.0030246328703602584f,-0.1806677908040199f,0.1370661537929386f,0.975324602124236f,-0.1730745214513429f,0.7818877579492195f,-0.02104494175062587f,-0.17181690489100473f,-0.9849040875234443f,0.12768384407853933f,0f,0f,0f,1f],start_interpolation:0}
execute if entity @s[tag=aj.spawner.bone.t13] run data modify entity @s {} merge value {transformation:[-0.9948771242155241f,0.10107471935032857f,-0.0018462992446781105f,-0.16427368540403817f,0.10039009605037995f,0.9856609568988133f,-0.1356256121103649f,0.8414988258277999f,-0.011888495600540672f,-0.13511616910484095f,-0.9907584390348578f,0.11562325950885911f,0f,0f,0f,1f],start_interpolation:0}
execute if entity @s[tag=aj.spawner.bone.t14] run data modify entity @s {} merge value {transformation:[-0.9959370498283119f,0.09001131338984249f,-0.0027122391329232397f,-0.16478048605819687f,0.08964859441934889f,0.9881756858951282f,-0.12438626662267961f,0.8818883308351589f,-0.008516002460878493f,-0.12412403984534509f,-0.9922301650497014f,0.10839109377190567f,0f,0f,0f,1f],start_interpolation:0}
execute if entity @s[tag=aj.spawner.bone.t15] run data modify entity @s {} merge value {transformation:[-0.9968599163723364f,0.07907786921811503f,-0.004122830345902698f,-0.15275216660861357f,0.07901053817112628f,0.9898541861259724f,-0.11809328967726243f,0.9042684435275774f,-0.005257564840056555f,-0.11804821391622795f,-0.9929939462066931f,0.09566716625009816f,0f,0f,0f,1f],start_interpolation:0}
execute if entity @s[tag=aj.spawner.bone.t21] run data modify entity @s {} merge value {transformation:[-0.99300516608608f,-0.11774554541606068f,0.011649610790357565f,0.13588392333103977f,-0.11804796616018347f,0.9881270835577487f,-0.11757457751915876f,0.7169760850166139f,0.0023276193418945274f,-0.11837947684402876f,-0.9929957226945262f,0.1462764717277819f,0f,0f,0f,1f],start_interpolation:0}
execute if entity @s[tag=aj.spawner.bone.t22] run data modify entity @s {} merge value {transformation:[-0.987886402535516f,-0.15352588778037823f,0.022588879270186542f,0.12344948549237506f,-0.15517176014632136f,0.9759344065683042f,-0.15321148432563467f,0.7826346997311813f,0.0014766646636499917f,-0.15486069823366544f,-0.9879352122503038f,0.13376006370029464f,0f,0f,0f,1f],start_interpolation:0}
execute if entity @s[tag=aj.spawner.bone.t23] run data modify entity @s {} merge value {transformation:[-0.9914601096849873f,-0.12970175096678788f,0.013575960355804469f,0.10492495091381751f,-0.13036358381181945f,0.9829330580169521f,-0.12979961276206417f,0.8415140896083174f,0.0034909768220029503f,-0.1304609491518149f,-0.9914473025971859f,0.12227165683230849f,0f,0f,0f,1f],start_interpolation:0}
execute if entity @s[tag=aj.spawner.bone.t24] run data modify entity @s {} merge value {transformation:[-0.9914601096849873f,-0.12970175096678788f,0.013575960355804469f,0.09189629030996672f,-0.13036358381181945f,0.9829330580169521f,-0.12979961276206417f,0.8800382266080455f,0.0034909768220029503f,-0.1304609491518149f,-0.9914473025971859f,0.10914470949883434f,0f,0f,0f,1f],start_interpolation:0}
execute if entity @s[tag=aj.spawner.bone.t25] run data modify entity @s {} merge value {transformation:[-0.9914503362439604f,-0.12969058824345361f,0.014372963605497776f,0.08178966857355728f,-0.1304570584185604f,0.9829462361674658f,-0.1296057587956221f,0.9017464977252662f,0.0026807966193473825f,-0.13037272768980346f,-0.9914614290047828f,0.09626817327446217f,0f,0f,0f,1f],start_interpolation:0}
execute if entity @s[tag=aj.spawner.bone.t31] run data modify entity @s {} merge value {transformation:[-0.99300516608608f,0.11774554541606068f,0.011649610790357565f,-0.1958795993948462f,0.11804796616018347f,0.9881270835577487f,0.11757457751915876f,0.7168586668990599f,0.0023276193418945274f,0.11837947684402876f,-0.9929957226945262f,-0.21002317624402106f,0f,0f,0f,1f],start_interpolation:0}
execute if entity @s[tag=aj.spawner.bone.t32] run data modify entity @s {} merge value {transformation:[-0.9868281874134823f,0.16026068196228668f,0.022059971514121233f,-0.18345532436269557f,0.16171779929504065f,0.9737588813653523f,0.16012805610906122f,0.7824089051664751f,0.004181138288791229f,0.16158636940992427f,-0.9868497166760142f,-0.19751697560812848f,0f,0f,0f,1f],start_interpolation:0}
execute if entity @s[tag=aj.spawner.bone.t33] run data modify entity @s {} merge value {transformation:[-0.9922292673346621f,0.1237322813275026f,0.013092119844063017f,-0.17226201359236737f,0.12439931333715798f,0.9844805580417765f,0.12378546634801611f,0.8416629814195882f,0.0024273206963958596f,0.12445221329990074f,-0.9922226336457927f,-0.17860905540365288f,0f,0f,0f,1f],start_interpolation:0}
execute if entity @s[tag=aj.spawner.bone.t34] run data modify entity @s {} merge value {transformation:[-0.9935208296209215f,0.11282159411579379f,0.013698503952148583f,-0.1669937972930057f,0.11364715043590033f,0.9871298846894286f,0.11251184804648354f,0.8804186633505856f,-0.0008284365731838844f,0.11333966055272199f,-0.9935559546591415f,-0.15845746637577351f,0f,0f,0f,1f],start_interpolation:0}
execute if entity @s[tag=aj.spawner.bone.t35] run data modify entity @s {} merge value {transformation:[-0.9946737979421241f,0.10198108019792895f,0.014963120298058678f,-0.14698015413384108f,0.10299646644977961f,0.9889984450207535f,0.10617816934469504f,0.9028301640874592f,-0.003970338304227884f,0.10715379147839285f,-0.9942345303727663f,-0.15529963625674403f,0f,0f,0f,1f],start_interpolation:0}
execute if entity @s[tag=aj.spawner.bone.t41] run data modify entity @s {} merge value {transformation:[-0.9956320789411338f,-0.09295580358145729f,-0.008716763383355756f,0.14540448628549285f,-0.09336360845295066f,0.9912832366166441f,0.09295580358145727f,0.7184371117551142f,-1.2106240212238003e-16f,0.09336360845295065f,-0.9956320789411338f,-0.2148098689312379f,0f,0f,0f,1f],start_interpolation:0}
execute if entity @s[tag=aj.spawner.bone.t42] run data modify entity @s {} merge value {transformation:[-0.9956320789411338f,-0.09295580358145729f,-0.008716763383355756f,0.13284555406703158f,-0.09336360845295066f,0.9912832366166441f,0.09295580358145727f,0.7854233379472926f,-1.2106240212238003e-16f,0.09336360845295065f,-0.9956320789411338f,-0.20216842035671556f,0f,0f,0f,1f],start_interpolation:0}
execute if entity @s[tag=aj.spawner.bone.t43] run data modify entity @s {} merge value {transformation:[-0.9956320789411338f,-0.09295580358145729f,-0.008716763383355756f,0.11778348525983633f,-0.09336360845295066f,0.9912832366166441f,0.09295580358145727f,0.8456317957480102f,-1.2106240212238003e-16f,0.09336360845295065f,-0.9956320789411338f,-0.186999144088333f,0f,0f,0f,1f],start_interpolation:0}
execute if entity @s[tag=aj.spawner.bone.t44] run data modify entity @s {} merge value {transformation:[-0.9956320789411338f,-0.09295580358145729f,-0.008716763383355756f,0.37264841135091226f,-0.09336360845295066f,0.9912832366166441f,0.09295580358145727f,0.15608186089600828f,-1.2106240212238003e-16f,0.09336360845295065f,-0.9956320789411338f,0.2586291465039313f,0f,0f,0f,1f],start_interpolation:0}
execute if entity @s[tag=aj.spawner.bone.t45] run data modify entity @s {} merge value {transformation:[-0.9956320789411338f,-0.09295580358145729f,-0.008716763383355756f,0.09317859848309488f,-0.09336360845295066f,0.9912832366166441f,0.09295580358145727f,0.9071912691753319f,-1.2106240212238003e-16f,0.09336360845295065f,-0.9956320789411338f,-0.1622040558034621f,0f,0f,0f,1f],start_interpolation:0}
execute if entity @s[tag=aj.spawner.bone.v51] run data modify entity @s {} merge value {transformation:[-1f,0f,1.3646064333356224e-16f,-0.17228970872519955f,0f,1f,0f,0.40503218852138173f,-1.2246467991473532e-16f,0f,-1.1142857142857145f,-0.031250000000000056f,0f,0f,0f,1f],start_interpolation:0}
execute if entity @s[tag=aj.spawner.bone.v52] run data modify entity @s {} merge value {transformation:[-1f,0f,1.3646064333356224e-16f,0.11071628623193841f,0f,1f,0f,0.4050321885213818f,-1.2246467991473532e-16f,0f,-1.1142857142857145f,-0.03125f,0f,0f,0f,1f],start_interpolation:0}
execute if entity @s[tag=aj.spawner.bone.v61] run data modify entity @s {} merge value {transformation:[-1f,0f,1.329616524788555e-16f,-0.09963345872519982f,0f,1f,0f,0.38940718852138173f,-1.2246467991473532e-16f,0f,-1.0857142857142856f,-0.03125f,0f,0f,0f,1f],start_interpolation:0}
execute if entity @s[tag=aj.spawner.bone.v62] run data modify entity @s {} merge value {transformation:[-1f,0f,1.329616524788555e-16f,0.03806003325170601f,0f,1f,0f,0.38940718852138173f,-1.2246467991473532e-16f,0f,-1.0857142857142856f,-0.03125f,0f,0f,0f,1f],start_interpolation:0}
execute if entity @s[tag=aj.spawner.bone.heart] run data modify entity @s {} merge value {transformation:[-1.2142857142857144f,0f,1.2246467991473532e-16f,-0.03125f,0f,1f,0f,0.37499999999999994f,-1.4870711132503577e-16f,0f,-1f,-0.017116477272727693f,0f,0f,0f,1f],start_interpolation:0}