execute if entity @s[tag=aj.spawner.bone.bones_right] run data modify entity @s {} merge value {transformation:[-1f,3.4346757976309147e-18f,1.22416505540649e-16f,-0.03125f,0f,0.9996066263830529f,-0.028046256275868844f,0.7074956224045112f,-1.2246467991473532e-16f,-0.028046256275868844f,-0.9996066263830529f,-0.12466650730882989f,0f,0f,0f,1f],start_interpolation:0}
execute if entity @s[tag=aj.spawner.bone.bones_left] run data modify entity @s {} merge value {transformation:[-1f,-3.4346757976309147e-18f,1.22416505540649e-16f,-0.031250000000000056f,0f,0.9996066263830529f,0.028046256275868844f,0.7074956224045112f,-1.2246467991473532e-16f,0.028046256275868844f,-0.9996066263830529f,0.06216650730882989f,0f,0f,0f,1f],start_interpolation:0}
execute if entity @s[tag=aj.spawner.bone.t11] run data modify entity @s {} merge value {transformation:[-0.9999999061717046f,-0.0004308367346251417f,0.00004514331852531045f,-0.19998692625560902f,-0.0004308233332192333f,1.0000042638483795f,0.0002546756525962573f,0.7218532258970978f,-0.00004525303601679107f,0.0002546572976126646f,-0.9999999665511958f,0.14998315293006215f,0f,0f,0f,1f],start_interpolation:0}
execute if entity @s[tag=aj.spawner.bone.t12] run data modify entity @s {} merge value {transformation:[-0.9999989886069267f,0.001411931920095635f,0.0001709777075419004f,-0.18771251625887755f,0.0014116586392951113f,0.9999977426543643f,-0.0015880510262950497f,0.7905263407505865f,-0.00017321954152088508f,-0.0015878080579932634f,-0.9999987244294671f,0.1376977645556422f,0f,0f,0f,1f],start_interpolation:0}
execute if entity @s[tag=aj.spawner.bone.t13] run data modify entity @s {} merge value {transformation:[-0.9999675448450828f,0.00804597838915583f,0.00041411140839585657f,-0.17772609673920514f,0.008042306088316839f,0.9999339209317655f,-0.008214321810560123f,0.8526765373604516f,-0.00048017630006918274f,-0.008210724802772238f,-0.9999661761424404f,0.13388013267622761f,0f,0f,0f,1f],start_interpolation:0}
execute if entity @s[tag=aj.spawner.bone.t14] run data modify entity @s {} merge value {transformation:[-0.99984174834726f,0.01766575434277476f,0.002097471190544627f,-0.18062420837864746f,0.01762530623623082f,0.9996835458123358f,-0.017948727312950257f,0.8931590442149215f,-0.002413885244478905f,-0.01790891832513338f,-0.9998367085691795f,0.13059202443009882f,0f,0f,0f,1f],start_interpolation:0}
execute if entity @s[tag=aj.spawner.bone.t15] run data modify entity @s {} merge value {transformation:[-0.9996197804592378f,0.027222706216860782f,0.004383922998357208f,-0.17082236747698545f,0.02711323766738603f,0.9993597127250126f,-0.02334602590104621f,0.9174489821510216f,-0.00501665803268224f,-0.023218286939629514f,-0.9997178323375913f,0.1207867976425365f,0f,0f,0f,1f],start_interpolation:0}
execute if entity @s[tag=aj.spawner.bone.t21] run data modify entity @s {} merge value {transformation:[-0.9999882478077495f,-0.004848356456455216f,0.00002350424638704565f,0.13858640323244525f,-0.004848117819001843f,1.0000374699301833f,-0.0048480608429891815f,0.7216348229539827f,-1.224666288180621e-16f,-0.004848413435942027f,-0.9999882478077495f,0.14920756015615072f,0f,0f,0f,1f],start_interpolation:0}
execute if entity @s[tag=aj.spawner.bone.t22] run data modify entity @s {} merge value {transformation:[-0.9999674077738803f,-0.008066842863677466f,0.00033081142522904645f,0.1320038805203843f,-0.00806924898280951f,0.9999349155761357f,-0.0080654716290956f,0.790206867900064f,-0.0002657270023046648f,-0.00806787815717703f,-0.9999674188348344f,0.1426248866320434f,0f,0f,0f,1f],start_interpolation:0}
execute if entity @s[tag=aj.spawner.bone.t23] run data modify entity @s {} merge value {transformation:[-0.9998503154473586f,-0.017277378259693447f,0.0009159150008869705f,0.11663686404322615f,-0.017290619313703758f,0.9997014855325964f,-0.01726193232719039f,0.8520600667098335f,-0.0006174006526981951f,-0.017275185220176317f,-0.9998505822331868f,0.13852996638930581f,0f,0f,0f,1f],start_interpolation:0}
execute if entity @s[tag=aj.spawner.bone.t24] run data modify entity @s {} merge value {transformation:[-0.9994689043278963f,-0.03225625039744858f,0.004630722610095842f,0.10695580582872333f,-0.03238964086842885f,0.9989498312649014f,-0.03240595285189276f,0.8921451688553897f,-0.00358056504043124f,-0.03253872963288504f,-0.9994640616990034f,0.12873707445556623f,0f,0f,0f,1f],start_interpolation:0}
execute if entity @s[tag=aj.spawner.bone.t25] run data modify entity @s {} merge value {transformation:[-0.9988499136086096f,-0.04699050911865161f,0.009525866723971807f,0.09768749086442126f,-0.04733936470053158f,0.9980580471622263f,-0.04048603517847849f,0.9161586791171926f,-0.0076049085348225956f,-0.04089042121931313f,-0.9991346950329991f,0.11857567537614636f,0f,0f,0f,1f],start_interpolation:0}
execute if entity @s[tag=aj.spawner.bone.t31] run data modify entity @s {} merge value {transformation:[-0.9999882478077495f,0.004848356456455216f,0.00002350424638704565f,-0.19858205540653112f,0.004848117819001843f,1.0000374699301833f,0.0048480608429891815f,0.7216287521959786f,-1.224666288180621e-16f,0.004848413435942027f,-0.9999882478077495f,-0.21295971935340544f,0f,0f,0f,1f],start_interpolation:0}
execute if entity @s[tag=aj.spawner.bone.t32] run data modify entity @s {} merge value {transformation:[-0.9999674079334986f,0.008066823073408341f,0.00033081152117085113f,-0.19199953269447023f,0.008069229199216198f,0.9999349155761642f,0.008065491418358295f,0.7902007971420596f,-0.0002657270982216078f,0.00806789794131169f,-0.9999674186751876f,-0.20637704582929808f,0f,0f,0f,1f],start_interpolation:0}
execute if entity @s[tag=aj.spawner.bone.t33] run data modify entity @s {} merge value {transformation:[-0.9998503475041196f,0.01729421040608661f,-0.0004391836986943143f,-0.18801657332680205f,0.017284037984487976f,0.9997011952838907f,0.017285316858854184f,0.8520550787568782f,0.0007379883752268065f,0.017275139200313774f,-0.9998505012944524f,-0.19112154246370636f,0f,0f,0f,1f],start_interpolation:0}
execute if entity @s[tag=aj.spawner.bone.t34] run data modify entity @s {} merge value {transformation:[-0.9994690804115622f,0.03246181740596265f,-0.002790647231044106f,-0.1856134581637321f,0.0323535835807289f,0.9989431724403065f,0.032646345344935095f,0.8923675078204881f,0.003847457699700238f,0.03253872532226665f,-0.999463070064948f,-0.17489798553829916f,0f,0f,0f,1f],start_interpolation:0}
execute if entity @s[tag=aj.spawner.bone.t35] run data modify entity @s {} merge value {transformation:[-0.9988502776193166f,0.04755312183234039f,-0.006068237290412754f,-0.16795112084977745f,0.047263688790708296f,0.998031403183404f,0.041224531309169754f,0.9161526089442102f,0.008016646537626577f,0.040890327264088165f,-0.9991314800938496f,-0.17206009810037523f,0f,0f,0f,1f],start_interpolation:0}
execute if entity @s[tag=aj.spawner.bone.t41] run data modify entity @s {} merge value {transformation:[-0.9999882478077495f,-0.004848060842989182f,-0.000023504246386800723f,0.1390173981526293f,-0.004848117819001843f,0.999976495753613f,0.0048480608429891815f,0.7216440281159548f,-1.2245985255448406e-16f,0.004848117819001842f,-0.9999882478077495f,-0.21317523406198458f,0f,0f,0f,1f],start_interpolation:0}
execute if entity @s[tag=aj.spawner.bone.t42] run data modify entity @s {} merge value {transformation:[-0.9999882478077495f,-0.004848060842989182f,-0.000023504246386800723f,0.13243431432241523f,-0.004848117819001843f,0.999976495753613f,0.0048480608429891815f,0.7903318110823775f,-1.2245985255448406e-16f,0.004848117819001842f,-0.9999882478077495f,-0.20659199941312978f,0f,0f,0f,1f],start_interpolation:0}
execute if entity @s[tag=aj.spawner.bone.t43] run data modify entity @s {} merge value {transformation:[-0.9999882478077495f,-0.004848060842989182f,-0.000023504246386800723f,0.12275664104884065f,-0.004848117819001843f,0.999976495753613f,0.0048480608429891815f,0.8527394403920221f,-1.2245985255448406e-16f,0.004848117819001842f,-0.9999882478077495f,-0.1969141022262445f,0f,0f,0f,1f],start_interpolation:0}
execute if entity @s[tag=aj.spawner.bone.t44] run data modify entity @s {} merge value {transformation:[-0.9999882478077495f,-0.004848060842989182f,-0.000023504246386800723f,0.31536621927975794f,-0.004848117819001843f,0.999976495753613f,0.0048480608429891815f,0.18557567087905513f,-1.2245985255448406e-16f,0.004848117819001842f,-0.9999882478077495f,0.3098539626761821f,0f,0f,0f,1f],start_interpolation:0}
execute if entity @s[tag=aj.spawner.bone.t45] run data modify entity @s {} merge value {transformation:[-0.9999882478077495f,-0.004848060842989182f,-0.000023504246386800723f,0.10368914811424393f,-0.004848117819001843f,0.999976495753613f,0.0048480608429891815f,0.9181810945759401f,-1.2245985255448406e-16f,0.004848117819001842f,-0.9999882478077495f,-0.17784616484797738f,0f,0f,0f,1f],start_interpolation:0}
execute if entity @s[tag=aj.spawner.bone.v31] run data modify entity @s {} merge value {transformation:[-1f,0f,1.2421417534208868e-16f,-0.14883150298131478f,0f,1f,0f,0.5591048674991094f,-1.2246467991473532e-16f,0f,-1.0142857142857142f,-0.03125f,0f,0f,0f,1f],start_interpolation:0}
execute if entity @s[tag=aj.spawner.bone.v32] run data modify entity @s {} merge value {transformation:[-1f,0f,1.2421417534208868e-16f,0.08725808048805375f,0f,1f,0f,0.5591048674991094f,-1.2246467991473532e-16f,0f,-1.0142857142857142f,-0.03125f,0f,0f,0f,1f],start_interpolation:0}
execute if entity @s[tag=aj.spawner.bone.v41] run data modify entity @s {} merge value {transformation:[-1f,0f,1.4520812047032904e-16f,-0.17228970872519958f,0f,1f,0f,0.4987821885213817f,-1.2246467991473532e-16f,0f,-1.185714285714286f,-0.03125f,0f,0f,0f,1f],start_interpolation:0}
execute if entity @s[tag=aj.spawner.bone.v42] run data modify entity @s {} merge value {transformation:[-1f,0f,1.4520812047032904e-16f,0.11071628623193838f,0f,1f,0f,0.4987821885213818f,-1.2246467991473532e-16f,0f,-1.185714285714286f,-0.03125f,0f,0f,0f,1f],start_interpolation:0}
execute if entity @s[tag=aj.spawner.bone.heart] run data modify entity @s {} merge value {transformation:[-1.011111111111111f,0f,1.2246467991473532e-16f,-0.03125f,0f,1f,0f,0.37499999999999994f,-1.2382539858045459e-16f,0f,-1f,-0.017116477272727693f,0f,0f,0f,1f],start_interpolation:0}