execute if entity @s[tag=aj.spawner.bone.bones_right] run data modify entity @s {} merge value {transformation:[-1f,1.711937918638714e-17f,1.2126221457194023e-16f,-0.03125f,0f,0.9901811253364455f,-0.13979033953549969f,0.7132991938330827f,-1.2246467991473532e-16f,-0.13979033953549969f,-0.9901811253364455f,-0.12511293588025846f,0f,0f,0f,1f],start_interpolation:0}
execute if entity @s[tag=aj.spawner.bone.bones_left] run data modify entity @s {} merge value {transformation:[-1f,-1.711937918638714e-17f,1.2126221457194023e-16f,-0.031250000000000056f,0f,0.9901811253364455f,0.13979033953549969f,0.7132991938330827f,-1.2246467991473532e-16f,0.13979033953549969f,-0.9901811253364455f,0.06261293588025849f,0f,0f,0f,1f],start_interpolation:0}
execute if entity @s[tag=aj.spawner.bone.t11] run data modify entity @s {} merge value {transformation:[-0.9954096518503632f,0.09591799538814602f,-0.0006441537324118417f,-0.19731384746661929f,0.09491029935872036f,0.9884538286878412f,-0.13531682038094492f,0.7165516603994717f,-0.012315034664056161f,-0.1350584596661651f,-0.9908021715700668f,0.14634483273592408f,0f,0f,0f,1f],start_interpolation:0}
execute if entity @s[tag=aj.spawner.bone.t12] run data modify entity @s {} merge value {transformation:[-0.9870432455876038f,0.16034889890043244f,-0.005819103136056618f,-0.1797912946375951f,0.15827216794374988f,0.9670173543461332f,-0.19956792640048773f,0.7798389435584878f,-0.026373323534863994f,-0.1979031758583574f,-0.9798667158297099f,0.12639936070242297f,0f,0f,0f,1f],start_interpolation:0}
execute if entity @s[tag=aj.spawner.bone.t13] run data modify entity @s {} merge value {transformation:[-0.9912403909570612f,0.13189732819159486f,-0.0067514554883437525f,-0.1612389009573546f,0.13110150515111957f,0.9765052432147933f,-0.17102603696843563f,0.8380920582682979f,-0.01596504564363462f,-0.1704130417249116f,-0.985243377307181f,0.11197918911551144f,0f,0f,0f,1f],start_interpolation:0}
execute if entity @s[tag=aj.spawner.bone.t14] run data modify entity @s {} merge value {transformation:[-0.9931745014356375f,0.11641452479127261f,-0.007215823978931809f,-0.16143500135000982f,0.1161178591887423f,0.9810163512166478f,-0.15531761465782987f,0.8784540377621348f,-0.011002384991271985f,-0.15509538053467903f,-0.9878382309170397f,0.10420240597843702f,0f,0f,0f,1f],start_interpolation:0}
execute if entity @s[tag=aj.spawner.bone.t15] run data modify entity @s {} merge value {transformation:[-0.9948409426139266f,0.10108516546577542f,-0.008560854033955491f,-0.14853461964904557f,0.1012458538641286f,0.9840148269128692f,-0.14650630529420738f,0.8998280355588322f,-0.0063856068119953115f,-0.14661722183424697f,-0.9891726918426578f,0.09053464127801389f,0f,0f,0f,1f],start_interpolation:0}
execute if entity @s[tag=aj.spawner.bone.t21] run data modify entity @s {} merge value {transformation:[-0.9924414281077827f,-0.12222132561617306f,0.013419538089999348f,0.13551672051375716f,-0.12270784491255353f,0.9868299354559389f,-0.12206020812035359f,0.7161962892743118f,0.0016722955186069483f,-0.12302386896301012f,-0.9924319732813263f,0.14583286418566505f,0f,0f,0f,1f],start_interpolation:0}
execute if entity @s[tag=aj.spawner.bone.t22] run data modify entity @s {} merge value {transformation:[-0.9839905885492389f,-0.17574283493429513f,0.029613807856800484f,0.12225366571725779f,-0.1782076864128721f,0.9682548547402964f,-0.1752842171309762f,0.7808311009043662f,0.002131232013142896f,-0.1777554281621376f,-0.984072388398842f,0.13245646263494681f,0f,0f,0f,1f],start_interpolation:0}
execute if entity @s[tag=aj.spawner.bone.t23] run data modify entity @s {} merge value {transformation:[-0.9866780835954181f,-0.16137560618053645f,0.02059789023997005f,0.1043415516734729f,-0.16257352444513584f,0.9733847476713875f,-0.1615301276858162f,0.8386177122105334f,0.006017350077921862f,-0.1627269084404103f,-0.9866527984896543f,0.1188630958599982f,0f,0f,0f,1f],start_interpolation:0}
execute if entity @s[tag=aj.spawner.bone.t24] run data modify entity @s {} merge value {transformation:[-0.9866780835954181f,-0.16137560618053645f,0.02059789023997005f,0.09079406510943752f,-0.16257352444513584f,0.9733847476713875f,-0.1615301276858162f,0.8767684347365351f,0.006017350077921862f,-0.1627269084404103f,-0.9866527984896543f,0.10518245795304115f,0f,0f,0f,1f],start_interpolation:0}
execute if entity @s[tag=aj.spawner.bone.t25] run data modify entity @s {} merge value {transformation:[-0.9866588886022225f,-0.16133737675320828f,0.021782754752791143f,0.08114854513386031f,-0.16273032132631304f,0.9734130644956801f,-0.16120126671389307f,0.8974895652193415f,0.004804171443841504f,-0.16259537733749416f,-0.9866811355271855f,0.09139692570509612f,0f,0f,0f,1f],start_interpolation:0}
execute if entity @s[tag=aj.spawner.bone.t31] run data modify entity @s {} merge value {transformation:[-0.9924414281077827f,0.12222132561617306f,0.013419538089999348f,-0.19551241445161055f,0.12270784491255353f,0.9868299354559389f,0.12206020812035359f,0.7160611328041644f,0.0016722955186069483f,0.12302386896301012f,-0.9924319732813263f,-0.20957780652095864f,0f,0f,0f,1f],start_interpolation:0}
execute if entity @s[tag=aj.spawner.bone.t32] run data modify entity @s {} merge value {transformation:[-0.9822470677734861f,0.18492692969207686f,0.03150759472016728f,-0.18228490212691095f,0.18755489796763156f,0.9647696698257842f,0.18450648886312587f,0.7803666677702866f,0.00372264673854283f,0.18714036138393322f,-0.9823261306930356f,-0.19623715389991442f,0f,0f,0f,1f],start_interpolation:0}
execute if entity @s[tag=aj.spawner.bone.t33] run data modify entity @s {} merge value {transformation:[-0.987239717889452f,0.15791180022192328f,0.020532967935172f,-0.16873555936611012f,0.15916446923728314f,0.9745262632895125f,0.15800390467135206f,0.8384982928548429f,0.004940764512639811f,0.15925584921644526f,-0.9872249811144265f,-0.17814130868386616f,0f,0f,0f,1f],start_interpolation:0}
execute if entity @s[tag=aj.spawner.bone.t34] run data modify entity @s {} merge value {transformation:[-0.9895517169506891f,0.14270252674357758f,0.020576402526731163f,-0.16304808960381412f,0.1441782814953003f,0.9792730817905761f,0.14225629836829573f,0.8769609455889433f,0.00015041610782864142f,0.14373663465305617f,-0.9896159645203833f,-0.15737026052697678f,0f,0f,0f,1f],start_interpolation:0}
execute if entity @s[tag=aj.spawner.bone.t35] run data modify entity @s {} merge value {transformation:[-0.9915961443687722f,0.1275417287162453f,0.02168395510641158f,-0.14208628657538186f,0.1293006384369257f,0.9825921706238495f,0.13339404457664147f,0.8985173088118013f,-0.004293177469962323f,0.13507676952305048f,-0.9908258348279118f,-0.15488823439996696f,0f,0f,0f,1f],start_interpolation:0}
execute if entity @s[tag=aj.spawner.bone.t41] run data modify entity @s {} merge value {transformation:[-0.9942247816582204f,-0.106697892778975f,-0.011517083536664018f,0.1464324546594422f,-0.10731767578858639f,0.9884829164633359f,0.10669789277897498f,0.718106495664388f,-1.2175741964907158e-16f,0.10731767578858638f,-0.9942247816582204f,-0.21507472238108807f,0f,0f,0f,1f],start_interpolation:0}
execute if entity @s[tag=aj.spawner.bone.t42] run data modify entity @s {} merge value {transformation:[-0.9942247816582204f,-0.106697892778975f,-0.011517083536664018f,0.13295505141762798f,-0.10731767578858639f,0.9884829164633359f,0.10669789277897498f,0.7847270988676943f,-1.2175741964907158e-16f,0.10731767578858638f,-0.9942247816582204f,-0.20148272728525898f,0f,0f,0f,1f],start_interpolation:0}
execute if entity @s[tag=aj.spawner.bone.t43] run data modify entity @s {} merge value {transformation:[-0.9942247816582204f,-0.106697892778975f,-0.011517083536664018f,0.11707354844905246f,-0.10731767578858639f,0.9884829164633359f,0.10669789277897498f,0.8445008851913318f,-1.2175741964907158e-16f,0.10731767578858638f,-0.9942247816582204f,-0.18545451522042652f,0f,0f,0f,1f],start_interpolation:0}
execute if entity @s[tag=aj.spawner.bone.t44] run data modify entity @s {} merge value {transformation:[-0.9942247816582204f,-0.106697892778975f,-0.011517083536664018f,0.3822472151206297f,-0.10731767578858639f,0.9884829164633359f,0.10669789277897498f,0.1524489541803452f,-1.2175741964907158e-16f,0.10731767578858638f,-0.9942247816582204f,0.25016787615759845f,0f,0f,0f,1f],start_interpolation:0}
execute if entity @s[tag=aj.spawner.bone.t45] run data modify entity @s {} merge value {transformation:[-0.9942247816582204f,-0.106697892778975f,-0.011517083536664018f,0.09164572989565309f,-0.10731767578858639f,0.9884829164633359f,0.10669789277897498f,0.905357284673596f,-1.2175741964907158e-16f,0.10731767578858638f,-0.9942247816582204f,-0.15977007809070914f,0f,0f,0f,1f],start_interpolation:0}
execute if entity @s[tag=aj.spawner.bone.v51] run data modify entity @s {} merge value {transformation:[-1f,0f,1.3121215705150215e-16f,-0.17228970872519955f,0f,1f,0f,0.40503218852138173f,-1.2246467991473532e-16f,0f,-1.0714285714285716f,-0.031250000000000056f,0f,0f,0f,1f],start_interpolation:0}
execute if entity @s[tag=aj.spawner.bone.v52] run data modify entity @s {} merge value {transformation:[-1f,0f,1.3121215705150215e-16f,0.11071628623193841f,0f,1f,0f,0.4050321885213818f,-1.2246467991473532e-16f,0f,-1.0714285714285716f,-0.03125f,0f,0f,0f,1f],start_interpolation:0}
execute if entity @s[tag=aj.spawner.bone.v61] run data modify entity @s {} merge value {transformation:[-1f,0f,1.3821013876091557e-16f,-0.09963345872519982f,0f,1f,0f,0.38940718852138173f,-1.2246467991473532e-16f,0f,-1.1285714285714286f,-0.03125f,0f,0f,0f,1f],start_interpolation:0}
execute if entity @s[tag=aj.spawner.bone.v62] run data modify entity @s {} merge value {transformation:[-1f,0f,1.3821013876091557e-16f,0.03806003325170601f,0f,1f,0f,0.38940718852138173f,-1.2246467991473532e-16f,0f,-1.1285714285714286f,-0.03125f,0f,0f,0f,1f],start_interpolation:0}
execute if entity @s[tag=aj.spawner.bone.heart] run data modify entity @s {} merge value {transformation:[-1.2464285714285717f,0f,1.2246467991473532e-16f,-0.03125f,0f,1f,0f,0.37499999999999994f,-1.5264347603658085e-16f,0f,-1f,-0.017116477272727693f,0f,0f,0f,1f],start_interpolation:0}