execute if entity @s[tag=aj.spawner.bone.bones_right] run data modify entity @s {} merge value {transformation:[-1f,3.434675797630929e-18f,1.22416505540649e-16f,-0.03125f,0f,0.9996066263830529f,-0.02804625627586896f,0.7074956224045112f,-1.2246467991473532e-16f,-0.02804625627586896f,-0.9996066263830529f,-0.12466650730882989f,0f,0f,0f,1f],start_interpolation:0}
execute if entity @s[tag=aj.spawner.bone.bones_left] run data modify entity @s {} merge value {transformation:[-1f,-3.434675797630929e-18f,1.22416505540649e-16f,-0.031250000000000056f,0f,0.9996066263830529f,0.02804625627586896f,0.7074956224045112f,-1.2246467991473532e-16f,0.02804625627586896f,-0.9996066263830529f,0.06216650730882989f,0f,0f,0f,1f],start_interpolation:0}
execute if entity @s[tag=aj.spawner.bone.t11] run data modify entity @s {} merge value {transformation:[-0.9999929797646242f,0.003741055346748807f,0.0002193189884400823f,-0.1999338546948629f,0.0037395750026597806f,1.0000957046698156f,-0.004632548448864987f,0.7217645074069021f,-0.0002366437560994818f,-0.004632221137487775f,-0.999989245639197f,0.14991469520408157f,0f,0f,0f,1f],start_interpolation:0}
execute if entity @s[tag=aj.spawner.bone.t12] run data modify entity @s {} merge value {transformation:[-0.9999937176163796f,0.003532891764556229f,0.0002887967320461194f,-0.18756005041162307f,0.0035315794125875765f,0.9999839736285685f,-0.004424978290468639f,0.7904675054821332f,-0.00030442507304316016f,-0.004423930582464189f,-0.9999901680334544f,0.13748519708121354f,0f,0f,0f,1f],start_interpolation:0}
execute if entity @s[tag=aj.spawner.bone.t13] run data modify entity @s {} merge value {transformation:[-0.9999987672034122f,0.0015537188189576135f,0.00022704512157033517f,-0.1778390655469661f,0.0015531588259956215f,0.9999958020280498f,-0.002446144709173898f,0.8529487643726998f,-0.00023084478950982052f,-0.0024457890564405817f,-0.9999969824087344f,0.1339614395058084f,0f,0f,0f,1f],start_interpolation:0}
execute if entity @s[tag=aj.spawner.bone.t14] run data modify entity @s {} merge value {transformation:[-0.9999987672034122f,0.0015537188189576135f,0.00022704512157033517f,-0.18089183250467908f,0.0015531588259956215f,0.9999958020280498f,-0.002446144709173898f,0.8935707679272467f,-0.00023084478950982052f,-0.0024457890564405817f,-0.9999969824087344f,0.13072797138067832f,0f,0f,0f,1f],start_interpolation:0}
execute if entity @s[tag=aj.spawner.bone.t15] run data modify entity @s {} merge value {transformation:[-0.9999987683677486f,0.0015536216095876783f,0.00022253736805762412f,-0.17147810082010054f,0.0015530725321719284f,0.9999958009755852f,-0.002446629703820017f,0.9185367069838499f,-0.00022633757039629632f,-0.0024462810737982546f,-0.9999969822355526f,0.12129624361655053f,0f,0f,0f,1f],start_interpolation:0}
execute if entity @s[tag=aj.spawner.bone.t21] run data modify entity @s {} merge value {transformation:[-0.9999696454200336f,-0.007792803888162966f,0.00004613872737800464f,0.13859229308287288f,-0.007791535550804224f,1.0001178515884397f,-0.0077914239170952925f,0.7216434283681097f,0.000014570271860890524f,-0.007792938250890874f,-0.9999696453315781f,0.14921349091489805f,0f,0f,0f,1f],start_interpolation:0}
execute if entity @s[tag=aj.spawner.bone.t22] run data modify entity @s {} merge value {transformation:[-0.9999696565228707f,-0.007787997663975595f,0.00018200526863758028f,0.13202109716183494f,-0.007789178948509297f,0.9999393406829137f,-0.007787403028483669f,0.7903334889806723f,-0.00012134595172801129f,-0.007788584403204967f,-0.9999696611538542f,0.14264215488561444f,0f,0f,0f,1f],start_interpolation:0}
execute if entity @s[tag=aj.spawner.bone.t23] run data modify entity @s {} merge value {transformation:[-0.9999890722585104f,-0.004674920951919637f,0.000021855363563736174f,0.11610415364631185f,-0.0046749720388055485f,0.9999781446364364f,-0.004674920951919638f,0.8527444674543683f,-1.2246503571826612e-16f,-0.004674972038805549f,-0.9999890722585104f,0.13922500328238122f,0f,0f,0f,1f],start_interpolation:0}
execute if entity @s[tag=aj.spawner.bone.t24] run data modify entity @s {} merge value {transformation:[-0.9999890722585104f,-0.004674920951919637f,0.000021855363563736174f,0.10653954232425003f,-0.0046749720388055485f,0.9999781446364364f,-0.004674920951919638f,0.893280924333435f,-1.2246503571826612e-16f,-0.004674972038805549f,-0.9999890722585104f,0.12966018499088128f,0f,0f,0f,1f],start_interpolation:0}
execute if entity @s[tag=aj.spawner.bone.t25] run data modify entity @s {} merge value {transformation:[-0.9999890722585104f,-0.004674920951919637f,0.000021855363563736174f,0.09704797664206188f,-0.0046749720388055485f,0.9999781446364364f,-0.004674920951919638f,0.9181927227025578f,-1.2246503571826612e-16f,-0.004674972038805549f,-0.9999890722585104f,0.12016841313748758f,0f,0f,0f,1f],start_interpolation:0}
execute if entity @s[tag=aj.spawner.bone.t31] run data modify entity @s {} merge value {transformation:[-0.9999696454200336f,0.007792803888162966f,0.00004613872737800464f,-0.19858794525693532f,0.007791535550804224f,1.0001178515884397f,0.0077914239170952925f,0.7216375744261089f,0.000014570271860890524f,0.007792938250890874f,-0.9999696453315781f,-0.21296565114450852f,0f,0f,0f,1f],start_interpolation:0}
execute if entity @s[tag=aj.spawner.bone.t32] run data modify entity @s {} merge value {transformation:[-0.9999696622364586f,0.007788873287235103f,-0.00008977537713269367f,-0.19201674933589746f,0.007787937732329604f,0.9999393340917154f,0.007789490490019558f,0.7903276350386714f,0.00015044128522678356f,0.007788555009251958f,-0.999969657428808f,-0.20639431511522485f,0f,0f,0f,1f],start_interpolation:0}
execute if entity @s[tag=aj.spawner.bone.t33] run data modify entity @s {} merge value {transformation:[-0.9999890722585104f,0.004674920951919637f,0.000021855363563736174f,-0.1885999424156504f,0.0046749720388055485f,0.9999781446364364f,0.004674920951919638f,0.8527386141509534f,-1.2246503571826612e-16f,0.004674972038805549f,-0.9999890722585104f,-0.1904773001087605f,0f,0f,0f,1f],start_interpolation:0}
execute if entity @s[tag=aj.spawner.bone.t34] run data modify entity @s {} merge value {transformation:[-0.9999890722585104f,0.004674920951919637f,0.000021855363563736174f,-0.18653757330419513f,0.0046749720388055485f,0.9999781446364364f,0.004674920951919638f,0.893277998320314f,-1.2246503571826612e-16f,0.004674972038805549f,-0.9999890722585104f,-0.17403647000083966f,0f,0f,0f,1f],start_interpolation:0}
execute if entity @s[tag=aj.spawner.bone.t35] run data modify entity @s {} merge value {transformation:[-0.9999890722585104f,0.004674920951919637f,0.000021855363563736174f,-0.16954376541140043f,0.0046749720388055485f,0.9999781446364364f,0.004674920951919638f,0.9181868693991433f,-1.2246503571826612e-16f,0.004674972038805549f,-0.9999890722585104f,-0.17142070996386682f,0f,0f,0f,1f],start_interpolation:0}
execute if entity @s[tag=aj.spawner.bone.t41] run data modify entity @s {} merge value {transformation:[-0.9999890722585104f,-0.0046749209519196385f,-0.000021855363563491246f,0.13907302443951103f,-0.0046749720388055485f,0.9999781446364364f,0.004674920951919638f,0.7216526535439576f,-1.224616475864771e-16f,0.004674972038805548f,-0.9999890722585104f,-0.2132060331330321f,0f,0f,0f,1f],start_interpolation:0}
execute if entity @s[tag=aj.spawner.bone.t42] run data modify entity @s {} merge value {transformation:[-0.9999890722585104f,-0.0046749209519196385f,-0.000021855363563491246f,0.13250182851847309f,-0.0046749720388055485f,0.9999781446364364f,0.004674920951919638f,0.7903427141565197f,-1.224616475864771e-16f,0.004674972038805548f,-0.9999890722585104f,-0.20663469710374854f,0f,0f,0f,1f],start_interpolation:0}
execute if entity @s[tag=aj.spawner.bone.t43] run data modify entity @s {} merge value {transformation:[-0.9999890722585104f,-0.0046749209519196385f,-0.000021855363563491246f,0.12283495330058797f,-0.0046749720388055485f,0.9999781446364364f,0.004674920951919638f,0.8527536929495089f,-1.224616475864771e-16f,0.004674972038805548f,-0.9999890722585104f,-0.19696761379889965f,0f,0f,0f,1f],start_interpolation:0}
execute if entity @s[tag=aj.spawner.bone.t44] run data modify entity @s {} merge value {transformation:[-0.9999890722585104f,-0.0046749209519196385f,-0.000021855363563491246f,0.3153286004880505f,-0.0046749720388055485f,0.9999781446364364f,0.004674920951919638f,0.18564433832583283f,-1.224616475864771e-16f,0.004674972038805548f,-0.9999890722585104f,0.30991612173425426f,0f,0f,0f,1f],start_interpolation:0}
execute if entity @s[tag=aj.spawner.bone.t45] run data modify entity @s {} merge value {transformation:[-0.9999890722585104f,-0.0046749209519196385f,-0.000021855363563491246f,0.10377877629633797f,-0.0046749720388055485f,0.9999781446364364f,0.004674920951919638f,0.9182019481976984f,-1.224616475864771e-16f,0.004674972038805548f,-0.9999890722585104f,-0.17791102365400613f,0f,0f,0f,1f],start_interpolation:0}
execute if entity @s[tag=aj.spawner.bone.v11] run data modify entity @s {} merge value {transformation:[-1f,0f,1.2421417534208868e-16f,-0.030800627695997784f,0f,1f,0f,0.6526466891732801f,-1.2246467991473532e-16f,0f,-1.0142857142857142f,-0.031250000000000056f,0f,0f,0f,1f],start_interpolation:0}
execute if entity @s[tag=aj.spawner.bone.heart] run data modify entity @s {} merge value {transformation:[-1.0107142857142857f,0f,1.2246467991473532e-16f,-0.03125f,0f,1f,0f,0.37499999999999994f,-1.2377680148525035e-16f,0f,-1f,-0.017116477272727693f,0f,0f,0f,1f],start_interpolation:0}