execute if entity @s[tag=aj.spawner.bone.bones_right] run data modify entity @s {} merge value {transformation:[-1f,2.0513596020740707e-17f,1.2073437872004985e-16f,-0.03125f,0f,0.9858710185182359f,-0.16750622330473627f,0.7147500866902256f,-1.2246467991473532e-16f,-0.16750622330473627f,-0.9858710185182359f,-0.12522454302311564f,0f,0f,0f,1f],start_interpolation:0}
execute if entity @s[tag=aj.spawner.bone.bones_left] run data modify entity @s {} merge value {transformation:[-1f,-2.0513596020740707e-17f,1.2073437872004985e-16f,-0.031250000000000056f,0f,0.9858710185182359f,0.16750622330473627f,0.7147500866902256f,-1.2246467991473532e-16f,0.16750622330473627f,-0.9858710185182359f,0.06272454302311561f,0f,0f,0f,1f],start_interpolation:0}
execute if entity @s[tag=aj.spawner.bone.t11] run data modify entity @s {} merge value {transformation:[-0.9995353571019362f,0.030505314117159565f,0.0005694903351603834f,-0.199619833610543f,0.030435716414988198f,0.9998847076581173f,-0.03562042604863762f,0.7212284638855737f,-0.0016544090822299936f,-0.03562155833704139f,-0.9993652289973229f,0.14950728529632323f,0f,0f,0f,1f],start_interpolation:0}
execute if entity @s[tag=aj.spawner.bone.t12] run data modify entity @s {} merge value {transformation:[-0.9998033820704307f,0.019806514802864997f,0.0009482467464721536f,-0.18664834174482656f,0.01977667861990551f,0.9994926256747461f,-0.024967462918101747f,0.7900353761209578f,-0.0014422840542963533f,-0.024943800696078842f,-0.9996878145819028f,0.1362107463972963f,0f,0f,0f,1f],start_interpolation:0}
execute if entity @s[tag=aj.spawner.bone.t13] run data modify entity @s {} merge value {transformation:[-0.9999785430059726f,-0.006537848204457294f,0.00041239363215931735f,-0.17724972446154433f,-0.006537290855517517f,0.9999777356488376f,0.0013386690756066154f,0.8529996601452561f,-0.00042113646569499116f,0.001335944414671865f,-0.9999990189478178f,0.13286016037548415f,0f,0f,0f,1f],start_interpolation:0}
execute if entity @s[tag=aj.spawner.bone.t14] run data modify entity @s {} merge value {transformation:[-0.9997699110316146f,-0.021221502920775986f,-0.003126149327986924f,-0.18028102237174465f,-0.02126949985023884f,0.9996422540100739f,0.01621642296499141f,0.8938268261735512f,0.0027808940932848216f,0.01627918337762394f,-0.9998636181082896f,0.12932064545489014f,0f,0f,0f,1f],start_interpolation:0}
execute if entity @s[tag=aj.spawner.bone.t15] run data modify entity @s {} merge value {transformation:[-0.9993322570375734f,-0.035654146819810904f,-0.007988858412853107f,-0.17144754321936553f,-0.03583787564403043f,0.9990651771451015f,0.024174748920103614f,0.9198603918029853f,0.007119460198094785f,0.024444910115981384f,-0.9996758272839799f,0.12037383817312053f,0f,0f,0f,1f],start_interpolation:0}
execute if entity @s[tag=aj.spawner.bone.t21] run data modify entity @s {} merge value {transformation:[-0.9989076291710788f,-0.04674899016059721f,0.001660100274087604f,0.13781796215697284f,-0.04672551073699656f,0.9988845545227628f,-0.04670140698116635f,0.7204634901883934f,0.0005244331999892049f,-0.04677802643193445f,-0.9989075145643161f,0.14841990361050966f,0f,0f,0f,1f],start_interpolation:0}
execute if entity @s[tag=aj.spawner.bone.t22] run data modify entity @s {} merge value {transformation:[-0.9989074942596063f,-0.046665839494104605f,0.002473324949326096f,0.1296479153213696f,-0.04673043045972493f,0.9978178466908215f,-0.046645596730463396f,0.7888089027052901f,-0.0002911718449727143f,-0.046710215687820064f,-0.9989084397327684f,0.14024418207664952f,0f,0f,0f,1f],start_interpolation:0}
execute if entity @s[tag=aj.spawner.bone.t23] run data modify entity @s {} merge value {transformation:[-0.9996066263830529f,-0.028035223618595867f,0.0007865924910918401f,0.11227931840950679f,-0.028046256275868934f,0.9992134075089083f,-0.02803522361859587f,0.850733907846478f,-1.2236229543202471e-16f,-0.028046256275868937f,-0.9996066263830529f,0.13536752035196065f,0f,0f,0f,1f],start_interpolation:0}
execute if entity @s[tag=aj.spawner.bone.t24] run data modify entity @s {} merge value {transformation:[-0.9996066263830529f,-0.028035223618595867f,0.0007865924910918401f,0.10177644963226423f,-0.028046256275868934f,0.9992134075089083f,-0.02803522361859587f,0.8908011886525163f,-1.2236229543202471e-16f,-0.028046256275868937f,-0.9996066263830529f,0.12485682906841244f,0f,0f,0f,1f],start_interpolation:0}
execute if entity @s[tag=aj.spawner.bone.t25] run data modify entity @s {} merge value {transformation:[-0.9996066263830529f,-0.028035223618595867f,0.0007865924910918401f,0.09171163122406219f,-0.028046256275868934f,0.9992134075089083f,-0.02803522361859587f,0.9152557599662285f,-1.2236229543202471e-16f,-0.028046256275868937f,-0.9996066263830529f,0.11478436053917457f,0f,0f,0f,1f],start_interpolation:0}
execute if entity @s[tag=aj.spawner.bone.t31] run data modify entity @s {} merge value {transformation:[-0.9989076291710788f,0.04674899016059721f,0.001660100274087604f,-0.19781361452465065f,0.04672551073699656f,0.9988845545227628f,0.04670140698116635f,0.7204283575831206f,0.0005244331999892049f,0.04677802643193445f,-0.9989075145643161f,-0.2121715849513717f,0f,0f,0f,1f],start_interpolation:0}
execute if entity @s[tag=aj.spawner.bone.t32] run data modify entity @s {} merge value {transformation:[-0.9992926439175004f,0.03760013350787779f,-0.0006646597336558544f,-0.1896328399249077f,0.03754846957681656f,0.9985851764656105f,0.03765312438011824f,0.789156122169217f,0.002079481861103491f,0.037601533257774725f,-0.9992906486362482f,-0.20398513143169172f,0f,0f,0f,1f],start_interpolation:0}
execute if entity @s[tag=aj.spawner.bone.t33] run data modify entity @s {} merge value {transformation:[-0.9999354084451708f,0.011295483423941958f,0.0012613452377379718f,-0.18562736582334305f,0.011308998633089571f,0.9998724480245356f,0.011278041999349779f,0.8516790487585923f,-0.001133793414202979f,0.01129157808465104f,-0.9999356053150884f,-0.18561294437936893f,0f,0f,0f,1f],start_interpolation:0}
execute if entity @s[tag=aj.spawner.bone.t34] run data modify entity @s {} merge value {transformation:[-0.9999840555977214f,-0.0033664298195003875f,0.004533839499108093f,-0.18295102964096394f,-0.00338304076214559f,0.9999875756234355f,-0.003661097371748561f,0.8919855204121124f,-0.004521458341614525f,-0.003676377161573794f,-0.9999830201885584f,-0.16800416556968095f,0f,0f,0f,1f],start_interpolation:0}
execute if entity @s[tag=aj.spawner.bone.t35] run data modify entity @s {} merge value {transformation:[-0.9997988666107689f,-0.017793184470910328f,0.009253589044587559f,-0.16616593672247287f,-0.017901043266817178f,0.9997712268574864f,-0.011706690302386805f,0.9177032857752279f,-0.009043172771848114f,-0.011869984593950118f,-0.999888656047241f,-0.16482446010601803f,0f,0f,0f,1f],start_interpolation:0}
execute if entity @s[tag=aj.spawner.bone.t41] run data modify entity @s {} merge value {transformation:[-0.9996066263830529f,-0.028035223618595874f,-0.0007865924910915953f,0.14069932335100277f,-0.028046256275868934f,0.9992134075089083f,0.02803522361859587f,0.7206199332450702f,-1.2247071564927327e-16f,0.02804625627586893f,-0.9996066263830529f,-0.21361332527788562f,0f,0f,0f,1f],start_interpolation:0}
execute if entity @s[tag=aj.spawner.bone.t42] run data modify entity @s {} merge value {transformation:[-0.9996066263830529f,-0.028035223618595874f,-0.0007865924910915953f,0.13252927651539953f,-0.028046256275868934f,0.9992134075089083f,0.02803522361859587f,0.7889653457619665f,-1.2247071564927327e-16f,0.02804625627586893f,-0.9996066263830529f,-0.2054376037440256f,0f,0f,0f,1f],start_interpolation:0}
execute if entity @s[tag=aj.spawner.bone.t43] run data modify entity @s {} merge value {transformation:[-0.9996066263830529f,-0.028035223618595874f,-0.0007865924910915953f,0.12141313722150016f,-0.028046256275868934f,0.9992134075089083f,0.02803522361859587f,0.8508904198572625f,-1.2247071564927327e-16f,0.02804625627586893f,-0.9996066263830529f,-0.19431340060444263f,0f,0f,0f,1f],start_interpolation:0}
execute if entity @s[tag=aj.spawner.bone.t44] run data modify entity @s {} merge value {transformation:[-0.9996066263830529f,-0.028035223618595874f,-0.0007865924910915953f,0.32977357778148364f,-0.028046256275868934f,0.9992134075089083f,0.02803522361859587f,0.1768021997777134f,-1.2247071564927327e-16f,0.02804625627586893f,-0.9996066263830529f,0.2968187760462306f,0f,0f,0f,1f],start_interpolation:0}
execute if entity @s[tag=aj.spawner.bone.t45] run data modify entity @s {} merge value {transformation:[-0.9996066263830529f,-0.028035223618595874f,-0.0007865924910915953f,0.10084545003605552f,-0.028046256275868934f,0.9992134075089083f,0.02803522361859587f,0.9154122719770129f,-1.2247071564927327e-16f,0.02804625627586893f,-0.9996066263830529f,-0.1737302407916567f,0f,0f,0f,1f],start_interpolation:0}
execute if entity @s[tag=aj.spawner.bone.v41] run data modify entity @s {} merge value {transformation:[-1f,0f,1.3646064333356224e-16f,-0.17228970872519958f,0f,1f,0f,0.4987821885213817f,-1.2246467991473532e-16f,0f,-1.1142857142857145f,-0.03125f,0f,0f,0f,1f],start_interpolation:0}
execute if entity @s[tag=aj.spawner.bone.v42] run data modify entity @s {} merge value {transformation:[-1f,0f,1.3646064333356224e-16f,0.11071628623193838f,0f,1f,0f,0.4987821885213818f,-1.2246467991473532e-16f,0f,-1.1142857142857145f,-0.03125f,0f,0f,0f,1f],start_interpolation:0}
execute if entity @s[tag=aj.spawner.bone.v51] run data modify entity @s {} merge value {transformation:[-1f,0f,1.329616524788555e-16f,-0.17228970872519955f,0f,1f,0f,0.40503218852138173f,-1.2246467991473532e-16f,0f,-1.0857142857142856f,-0.031250000000000056f,0f,0f,0f,1f],start_interpolation:0}
execute if entity @s[tag=aj.spawner.bone.v52] run data modify entity @s {} merge value {transformation:[-1f,0f,1.329616524788555e-16f,0.11071628623193841f,0f,1f,0f,0.4050321885213818f,-1.2246467991473532e-16f,0f,-1.0857142857142856f,-0.03125f,0f,0f,0f,1f],start_interpolation:0}
execute if entity @s[tag=aj.spawner.bone.heart] run data modify entity @s {} merge value {transformation:[-1.0642857142857143f,0f,1.2246467991473532e-16f,-0.03125f,0f,1f,0f,0.37499999999999994f,-1.3033740933782546e-16f,0f,-1f,-0.017116477272727693f,0f,0f,0f,1f],start_interpolation:0}