execute if entity @s[tag=aj.spawner.bone.bones_right] run data modify entity @s {} merge value {transformation:[-1f,3.718967538739763e-17f,1.1668130043498216e-16f,-0.03125f,0f,0.9527751227228963f,-0.30367674510961473f,0.7220045509759399f,-1.2246467991473532e-16f,-0.30367674510961473f,-0.9527751227228963f,-0.12578257873740134f,0f,0f,0f,1f],start_interpolation:0}
execute if entity @s[tag=aj.spawner.bone.bones_left] run data modify entity @s {} merge value {transformation:[-1f,-3.718967538739763e-17f,1.1668130043498216e-16f,-0.031250000000000056f,0f,0.9527751227228963f,0.30367674510961473f,0.7220045509759399f,-1.2246467991473532e-16f,0.30367674510961473f,-0.9527751227228963f,0.06328257873740134f,0f,0f,0f,1f],start_interpolation:0}
execute if entity @s[tag=aj.spawner.bone.t11] run data modify entity @s {} merge value {transformation:[-0.9953292428969488f,0.09676908624497642f,-0.0012221801471198573f,-0.19800544336410641f,0.09592710673774113f,0.9899601008297217f,-0.1248860948952526f,0.7181180492706873f,-0.010848429707230094f,-0.12472709195344954f,-0.9921703329456601f,0.14733287879288265f,0f,0f,0f,1f],start_interpolation:0}
execute if entity @s[tag=aj.spawner.bone.t12] run data modify entity @s {} merge value {transformation:[-0.9936475041044085f,0.11253590567298792f,-0.0005545461568219265f,-0.18183403822761543f,0.11149083275823699f,0.9837255907159386f,-0.14090335830438086f,0.7841776513606091f,-0.015311165793450121f,-0.14007009711190416f,-0.9900231997772109f,0.12937524913887483f,0f,0f,0f,1f],start_interpolation:0}
execute if entity @s[tag=aj.spawner.bone.t13] run data modify entity @s {} merge value {transformation:[-0.9975256115683482f,0.07028825482341687f,0.0014884552634765217f,-0.1676435682310894f,0.06979723113841628f,0.9926505388236534f,-0.09885977088037871f,0.8449596577592049f,-0.00842619668672954f,-0.0985112633508925f,-0.9951002613819413f,0.11979032414075691f,0f,0f,0f,1f],start_interpolation:0}
execute if entity @s[tag=aj.spawner.bone.t14] run data modify entity @s {} merge value {transformation:[-0.997787675542305f,0.0664732723227396f,0.0010288841484677753f,-0.16850666574618375f,0.06607526194287244f,0.9932835634875489f,-0.09498327360465784f,0.885342758218411f,-0.007335822725833628f,-0.09470515599577144f,-0.9954783368475437f,0.11322129737690048f,0f,0f,0f,1f],start_interpolation:0}
execute if entity @s[tag=aj.spawner.bone.t15] run data modify entity @s {} merge value {transformation:[-0.9980317952870617f,0.06270781904040484f,0.0005148080033574817f,-0.15729908169183815f,0.06238948327072371f,0.9937272321551543f,-0.09281023893120802f,0.9085189366333444f,-0.0063315064002626795f,-0.09259545077622157f,-0.9956836819604165f,0.10143112431921583f,0f,0f,0f,1f],start_interpolation:0}
execute if entity @s[tag=aj.spawner.bone.t21] run data modify entity @s {} merge value {transformation:[-0.9935451153702708f,-0.11324160727945806f,0.01018149897480795f,0.13626819568202336f,-0.11340501971639462f,0.9893844209998427f,-0.11304128222437068f,0.7177449044983026f,0.0027212546737225064f,-0.1137291564776283f,-0.99353812488082f,0.14672572908682752f,0f,0f,0f,1f],start_interpolation:0}
execute if entity @s[tag=aj.spawner.bone.t22] run data modify entity @s {} merge value {transformation:[-0.9912426617124478f,-0.1310372265859486f,0.01634719700390841f,0.12468939799331288f,-0.1320485211102014f,0.9825694222968591f,-0.1308453990013617f,0.7844053304537332f,0.0010833622803670534f,-0.13185816476760023f,-0.9912680014558575f,0.13509047729653967f,0f,0f,0f,1f],start_interpolation:0}
execute if entity @s[tag=aj.spawner.bone.t23] run data modify entity @s {} merge value {transformation:[-0.9951894125176499f,-0.09763163737304702f,0.008129981342700725f,0.10558362378999711f,-0.0979583043864371f,0.9903854926271933f,-0.09767674541735132f,0.844358507556138f,0.0014845250112257317f,-0.09800326207555425f,-0.9951849862251948f,0.12573149810943438f,0f,0f,0f,1f],start_interpolation:0}
execute if entity @s[tag=aj.spawner.bone.t24] run data modify entity @s {} merge value {transformation:[-0.9951894125176499f,-0.09763163737304702f,0.008129981342700725f,0.09308221972301305f,-0.0979583043864371f,0.9903854926271933f,-0.09767674541735132f,0.8832412146126758f,0.0014845250112257317f,-0.09800326207555425f,-0.9951849862251948f,0.1131608233737879f,0f,0f,0f,1f],start_interpolation:0}
execute if entity @s[tag=aj.spawner.bone.t25] run data modify entity @s {} merge value {transformation:[-0.9951858824480194f,-0.09763336142813575f,0.00853147773834507f,0.08254213305668423f,-0.09799946699451494f,0.9903897049774526f,-0.09759270845439963f,0.9059321510864871f,0.0010788164569778041f,-0.09795896595471737f,-0.9951898698962599f,0.10121627035498619f,0f,0f,0f,1f],start_interpolation:0}
execute if entity @s[tag=aj.spawner.bone.t31] run data modify entity @s {} merge value {transformation:[-0.9935451153702708f,0.11324160727945806f,0.01018149897480795f,-0.19626386033165388f,0.11340501971639462f,0.9893844209998427f,0.11304128222437068f,0.7176451791490337f,0.0027212546737225064f,0.1137291564776283f,-0.99353812488082f,-0.21047395056162121f,0f,0f,0f,1f],start_interpolation:0}
execute if entity @s[tag=aj.spawner.bone.t32] run data modify entity @s {} merge value {transformation:[-0.9909545797518936f,0.13352834310625528f,0.013386652159746906f,-0.1846776269901702f,0.1341155187832952f,0.981917762827931f,0.13360589307541354f,0.7843989679027126f,0.004695581991137105f,0.13419272942409882f,-0.990944127022041f,-0.19883123957389348f,0f,0f,0f,1f],start_interpolation:0}
execute if entity @s[tag=aj.spawner.bone.t33] run data modify entity @s {} merge value {transformation:[-0.9957354491118608f,0.09193577984069211f,0.007663404405651039f,-0.17573341946942442f,0.09225064894365644f,0.9914803526659479f,0.09195938259297975f,0.8446138737531932f,0.0008562426496174916f,0.09227417115580913f,-0.9957332695988587f,-0.17930504499554123f,0f,0f,0f,1f],start_interpolation:0}
execute if entity @s[tag=aj.spawner.bone.t34] run data modify entity @s {} merge value {transformation:[-0.9960736636558575f,0.08816259995369971f,0.008038192620321797f,-0.17083403519892337f,0.08852803044251072f,0.9921725095377552f,0.08807098922757178f,0.8836062792691061f,-0.0002107063534555302f,0.08843679826269761f,-0.9960817678864899f,-0.1598193168294632f,0f,0f,0f,1f],start_interpolation:0}
execute if entity @s[tag=aj.spawner.bone.t35] run data modify entity @s {} merge value {transformation:[-0.9963937225293872f,0.08442286518337959f,0.008504677434182817f,-0.15166135333540048f,0.08484179036853595f,0.9926860221308813f,0.08588557546543396f,0.9066368139147197f,-0.001191768052929905f,0.08629740030960532f,-0.996268707924078f,-0.1559969048164621f,0f,0f,0f,1f],start_interpolation:0}
execute if entity @s[tag=aj.spawner.bone.t41] run data modify entity @s {} merge value {transformation:[-0.9968435388978982f,-0.07914058166259745f,-0.006302958957514243f,0.1443818249207252f,-0.07939117682409277f,0.9936970410424857f,0.07914058166259744f,0.7188162834961536f,-1.2251180578519732e-16f,0.07939117682409276f,-0.9968435388978982f,-0.21454759002346346f,0f,0f,0f,1f],start_interpolation:0}
execute if entity @s[tag=aj.spawner.bone.t42] run data modify entity @s {} merge value {transformation:[-0.9968435388978982f,-0.07914058166259745f,-0.006302958957514243f,0.13275003130679425f,-0.07939117682409277f,0.9936970410424857f,0.07914058166259744f,0.7861421315772819f,-1.2251180578519732e-16f,0.07939117682409276f,-0.9968435388978982f,-0.20285917449869528f,0f,0f,0f,1f],start_interpolation:0}
execute if entity @s[tag=aj.spawner.bone.t43] run data modify entity @s {} merge value {transformation:[-0.9968435388978982f,-0.07914058166259745f,-0.006302958957514243f,0.11851742701594081f,-0.07939117682409277f,0.9936970410424857f,0.07914058166259744f,0.8467619614066244f,-1.2251180578519732e-16f,0.07939117682409276f,-0.9968435388978982f,-0.18855181777002167f,0f,0f,0f,1f],start_interpolation:0}
execute if entity @s[tag=aj.spawner.bone.t44] run data modify entity @s {} merge value {transformation:[-0.9968435388978982f,-0.07914058166259745f,-0.006302958957514243f,0.36318497073209965f,-0.07939117682409277f,0.9936970410424857f,0.07914058166259744f,0.16000511731397216f,-1.2251180578519732e-16f,0.07939117682409276f,-0.9968435388978982f,0.2669947185199553f,0f,0f,0f,1f],start_interpolation:0}
execute if entity @s[tag=aj.spawner.bone.t45] run data modify entity @s {} merge value {transformation:[-0.9968435388978982f,-0.07914058166259745f,-0.006302958957514243f,0.09475119047045066f,-0.07939117682409277f,0.9936970410424857f,0.07914058166259744f,0.9090008592534116f,-1.2251180578519732e-16f,0.07939117682409276f,-0.9968435388978982f,-0.16465095543660524f,0f,0f,0f,1f],start_interpolation:0}
execute if entity @s[tag=aj.spawner.bone.v51] run data modify entity @s {} merge value {transformation:[-1f,0f,1.4170912961562232e-16f,-0.17228970872519955f,0f,1f,0f,0.40503218852138173f,-1.2246467991473532e-16f,0f,-1.1571428571428573f,-0.031250000000000056f,0f,0f,0f,1f],start_interpolation:0}
execute if entity @s[tag=aj.spawner.bone.v52] run data modify entity @s {} merge value {transformation:[-1f,0f,1.4170912961562232e-16f,0.11071628623193841f,0f,1f,0f,0.4050321885213818f,-1.2246467991473532e-16f,0f,-1.1571428571428573f,-0.03125f,0f,0f,0f,1f],start_interpolation:0}
execute if entity @s[tag=aj.spawner.bone.v61] run data modify entity @s {} merge value {transformation:[-1f,0f,1.277131661967954e-16f,-0.09963345872519982f,0f,1f,0f,0.38940718852138173f,-1.2246467991473532e-16f,0f,-1.042857142857143f,-0.03125f,0f,0f,0f,1f],start_interpolation:0}
execute if entity @s[tag=aj.spawner.bone.v62] run data modify entity @s {} merge value {transformation:[-1f,0f,1.277131661967954e-16f,0.03806003325170601f,0f,1f,0f,0.38940718852138173f,-1.2246467991473532e-16f,0f,-1.042857142857143f,-0.03125f,0f,0f,0f,1f],start_interpolation:0}
execute if entity @s[tag=aj.spawner.bone.heart] run data modify entity @s {} merge value {transformation:[-1.1821428571428574f,0f,1.2246467991473532e-16f,-0.03125f,0f,1f,0f,0.37499999999999994f,-1.447707466134907e-16f,0f,-1f,-0.017116477272727693f,0f,0f,0f,1f],start_interpolation:0}