execute if entity @s[tag=aj.spawner.bone.bones_right] run data modify entity @s {} merge value {transformation:[-1f,3.718967538739763e-17f,1.1668130043498216e-16f,-0.03125f,0f,0.9527751227228963f,-0.30367674510961473f,0.7220045509759399f,-1.2246467991473532e-16f,-0.30367674510961473f,-0.9527751227228963f,-0.12578257873740134f,0f,0f,0f,1f],start_interpolation:0}
execute if entity @s[tag=aj.spawner.bone.bones_left] run data modify entity @s {} merge value {transformation:[-1f,-3.718967538739763e-17f,1.1668130043498216e-16f,-0.031250000000000056f,0f,0.9527751227228963f,0.30367674510961473f,0.7220045509759399f,-1.2246467991473532e-16f,0.30367674510961473f,-0.9527751227228963f,0.06328257873740134f,0f,0f,0f,1f],start_interpolation:0}
execute if entity @s[tag=aj.spawner.bone.t11] run data modify entity @s {} merge value {transformation:[-0.9971621295373323f,0.07545319188137112f,-0.0001879979918754937f,-0.1987086610189692f,0.07497384627090878f,0.9950576557845261f,-0.09316459035052388f,0.7195539719007732f,-0.006827136436203999f,-0.09312334494526878f,-0.9956507036915979f,0.1482988950608969f,0f,0f,0f,1f],start_interpolation:0}
execute if entity @s[tag=aj.spawner.bone.t12] run data modify entity @s {} merge value {transformation:[-0.9975767710170074f,0.06955481728680116f,0.001647215675196077f,-0.18394836181136548f,0.06914423905948296f,0.9937606736860682f,-0.0875145567314205f,0.7872635015346474f,-0.007723997162478452f,-0.0871885934466869f,-0.9961618789336512f,0.1324022043784501f,0f,0f,0f,1f],start_interpolation:0}
execute if entity @s[tag=aj.spawner.bone.t13] run data modify entity @s {} merge value {transformation:[-0.999538248973287f,0.030242881465320014f,0.0029422712468142004f,-0.1724753645249818f,0.03006542826051397f,0.9983776505302483f,-0.04835428569644208f,0.8493477152005354f,-0.004399870785274783f,-0.0482434974102817f,-0.9988259138081556f,0.126103339698574f,0f,0f,0f,1f],start_interpolation:0}
execute if entity @s[tag=aj.spawner.bone.t14] run data modify entity @s {} merge value {transformation:[-0.999538248973287f,0.030242881465320014f,0.0029422712468142004f,-0.17412602347094755f,0.03006542826051397f,0.9983776505302483f,-0.04835428569644208f,0.8898299101295609f,-0.004399870785274783f,-0.0482434974102817f,-0.9988259138081556f,0.1207751980176095f,0f,0f,0f,1f],start_interpolation:0}
execute if entity @s[tag=aj.spawner.bone.t15] run data modify entity @s {} merge value {transformation:[-0.9995386723752032f,0.030240904088692584f,0.0028160515468455684f,-0.16403018165451388f,0.03006950027988968f,0.9983770468319683f,-0.04836421726850975f,0.9141588512575212f,-0.004274058882807967f,-0.04825722825625605f,-0.9988257967942606f,0.11030286352143928f,0f,0f,0f,1f],start_interpolation:0}
execute if entity @s[tag=aj.spawner.bone.t21] run data modify entity @s {} merge value {transformation:[-0.9963316350050305f,-0.08556223808992101f,0.005572490158043758f,0.1370866613515958f,-0.08555798520127411f,0.9946154985870117f,-0.08540959343893799f,0.7192479875401095f,0.00176189003664274f,-0.08574114082803186f,-0.9963303411529901f,0.14764083869242128f,0f,0f,0f,1f],start_interpolation:0}
execute if entity @s[tag=aj.spawner.bone.t22] run data modify entity @s {} merge value {transformation:[-0.9963293863560384f,-0.08531090350579386f,0.007057168442445404f,0.12733220660603842f,-0.08560188356465637f,0.9926755964724799f,-0.08524950262722421f,0.7871742341076984f,0.00026723319953679114f,-0.08554069155104617f,-0.9963346419127389f,0.13786519856729665f,0f,0f,0f,1f],start_interpolation:0}
execute if entity @s[tag=aj.spawner.bone.t23] run data modify entity @s {} merge value {transformation:[-0.9986780322407229f,-0.05133426499711419f,0.0026421879197975895f,0.10852772762720685f,-0.051402217070837204f,0.9973578120802026f,-0.051334264997114194f,0.8485455181428629f,-1.2208594512174076e-16f,-0.05140221707083721f,-0.9986780322407229f,0.13153169114961707f,0f,0f,0f,1f],start_interpolation:0}
execute if entity @s[tag=aj.spawner.bone.t24] run data modify entity @s {} merge value {transformation:[-0.9986780322407229f,-0.05133426499711419f,0.0026421879197975895f,0.09710443707119047f,-0.051402217070837204f,0.9973578120802026f,-0.051334264997114194f,0.8881000247392337f,-1.2208594512174076e-16f,-0.05140221707083721f,-0.9986780322407229f,0.1200808695288576f,0f,0f,0f,1f],start_interpolation:0}
execute if entity @s[tag=aj.spawner.bone.t25] run data modify entity @s {} merge value {transformation:[-0.9986780322407229f,-0.05133426499711419f,0.0026421879197975895f,0.0864832444057539f,-0.051402217070837204f,0.9973578120802026f,-0.051334264997114194f,0.9120708155218517f,-1.2208594512174076e-16f,-0.05140221707083721f,-0.9986780322407229f,0.10943320754982988f,0f,0f,0f,1f],start_interpolation:0}
execute if entity @s[tag=aj.spawner.bone.t31] run data modify entity @s {} merge value {transformation:[-0.9963316350050305f,0.08556223808992101f,0.005572490158043758f,-0.19708231571380633f,0.08555798520127411f,0.9946154985870117f,0.08540959343893799f,0.7191835379370067f,0.00176189003664274f,0.08574114082803186f,-0.9963303411529901f,-0.21139135727192251f,0f,0f,0f,1f],start_interpolation:0}
execute if entity @s[tag=aj.spawner.bone.t32] run data modify entity @s {} merge value {transformation:[-0.996337258327853f,0.08541323021562361f,0.0040801681178109245f,-0.187327860968249f,0.08544873165860527f,0.9926668404906883f,0.08550472529731801f,0.7871097845045955f,0.00325298719216527f,0.08554018876742689f,-0.9963294104762545f,-0.20161571714679788f,0f,0f,0f,1f],start_interpolation:0}
execute if entity @s[tag=aj.spawner.bone.t33] run data modify entity @s {} merge value {transformation:[-0.9986780322407229f,0.05133426499711419f,0.0026421879197975895f,-0.18103988474142402f,0.051402217070837204f,0.9973578120802026f,0.051334264997114194f,0.8484819179406817f,-1.2208594512174076e-16f,0.05140221707083721f,-0.9986780322407229f,-0.18279873432610946f,0f,0f,0f,1f],start_interpolation:0}
execute if entity @s[tag=aj.spawner.bone.t34] run data modify entity @s {} merge value {transformation:[-0.9986780322407229f,0.05133426499711419f,0.0026421879197975895f,-0.17712701838030545f,0.051402217070837204f,0.9973578120802026f,0.051334264997114194f,0.8880690740390649f,-1.2208594512174076e-16f,0.05140221707083721f,-0.9986780322407229f,-0.1644809157140949f,0f,0f,0f,1f],start_interpolation:0}
execute if entity @s[tag=aj.spawner.bone.t35] run data modify entity @s {} merge value {transformation:[-0.9986780322407229f,0.05133426499711419f,0.0026421879197975895f,-0.15899540151997107f,0.051402217070837204f,0.9973578120802026f,0.051334264997114194f,0.9120072153196707f,-1.2208594512174076e-16f,0.05140221707083721f,-0.9986780322407229f,-0.16070025072632224f,0f,0f,0f,1f],start_interpolation:0}
execute if entity @s[tag=aj.spawner.bone.t41] run data modify entity @s {} merge value {transformation:[-0.9986780322407229f,-0.0513342649971142f,-0.002642187919797345f,0.14235783668102525f,-0.051402217070837204f,0.9973578120802026f,0.051334264997114194f,0.7197198452585765f,-1.2251962599073496e-16f,0.0514022170708372f,-0.9986780322407229f,-0.21403209245332816f,0f,0f,0f,1f],start_interpolation:0}
execute if entity @s[tag=aj.spawner.bone.t42] run data modify entity @s {} merge value {transformation:[-0.9986780322407229f,-0.0513342649971142f,-0.002642187919797345f,0.13260338193546783f,-0.051402217070837204f,0.9973578120802026f,0.051334264997114194f,0.7876460918261649f,-1.2251962599073496e-16f,0.0514022170708372f,-0.9986780322407229f,-0.20425645232820364f,0f,0f,0f,1f],start_interpolation:0}
execute if entity @s[tag=aj.spawner.bone.t43] run data modify entity @s {} merge value {transformation:[-0.9986780322407229f,-0.0513342649971142f,-0.002642187919797345f,0.12005715433263954f,-0.051402217070837204f,0.9973578120802026f,0.051334264997114194f,0.8490178005617903f,-1.2251962599073496e-16f,0.0514022170708372f,-0.9986780322407229f,-0.19168120720901952f,0f,0f,0f,1f],start_interpolation:0}
execute if entity @s[tag=aj.spawner.bone.t44] run data modify entity @s {} merge value {transformation:[-0.9986780322407229f,-0.0513342649971142f,-0.002642187919797345f,0.34469652449877f,-0.051402217070837204f,0.9973578120802026f,0.051334264997114194f,0.16870515906310346f,-1.2251962599073496e-16f,0.0514022170708372f,-0.9986780322407229f,0.28343107401557327f,0f,0f,0f,1f],start_interpolation:0}
execute if entity @s[tag=aj.spawner.bone.t45] run data modify entity @s {} merge value {transformation:[-0.9986780322407229f,-0.0513342649971142f,-0.002642187919797345f,0.09801267111118658f,-0.051402217070837204f,0.9973578120802026f,0.051334264997114194f,0.912543097940779f,-1.2251962599073496e-16f,0.0514022170708372f,-0.9986780322407229f,-0.1695827236092325f,0f,0f,0f,1f],start_interpolation:0}
execute if entity @s[tag=aj.spawner.bone.v11] run data modify entity @s {} merge value {transformation:[-1f,0f,1.4170912961562232e-16f,-0.030800627695997784f,0f,1f,0f,0.6526466891732801f,-1.2246467991473532e-16f,0f,-1.1571428571428573f,-0.031250000000000056f,0f,0f,0f,1f],start_interpolation:0}
execute if entity @s[tag=aj.spawner.bone.heart] run data modify entity @s {} merge value {transformation:[-1.1178571428571429f,0f,1.2246467991473532e-16f,-0.03125f,0f,1f,0f,0.37499999999999994f,-1.3689801719040055e-16f,0f,-1f,-0.017116477272727693f,0f,0f,0f,1f],start_interpolation:0}