execute if entity @s[tag=aj.spawner.bone.bones_right] run data modify entity @s {} merge value {transformation:[-1f,2.0513596020740737e-17f,1.2073437872004985e-16f,-0.03125f,0f,0.9858710185182359f,-0.16750622330473652f,0.7147500866902256f,-1.2246467991473532e-16f,-0.16750622330473652f,-0.9858710185182359f,-0.12522454302311564f,0f,0f,0f,1f],start_interpolation:0}
execute if entity @s[tag=aj.spawner.bone.bones_left] run data modify entity @s {} merge value {transformation:[-1f,-2.0513596020740737e-17f,1.2073437872004985e-16f,-0.031250000000000056f,0f,0.9858710185182359f,0.16750622330473652f,0.7147500866902256f,-1.2246467991473532e-16f,0.16750622330473652f,-0.9858710185182359f,0.06272454302311561f,0f,0f,0f,1f],start_interpolation:0}
execute if entity @s[tag=aj.spawner.bone.t11] run data modify entity @s {} merge value {transformation:[-0.9952810272141333f,0.0972535225084161f,-0.0007732128830687029f,-0.1974016010585202f,0.0962450649867114f,0.9883972200397455f,-0.13515417088608114f,0.7167602428145732f,-0.012351693539075732f,-0.13489900001872104f,-0.9908242791907824f,0.14647269393547346f,0f,0f,0f,1f],start_interpolation:0}
execute if entity @s[tag=aj.spawner.bone.t12] run data modify entity @s {} merge value {transformation:[-0.988072645620007f,0.1539097571179455f,-0.004922767653990299f,-0.18004625096925353f,0.1519891851778903f,0.9696110406391003f,-0.19171259076993918f,0.7804671976096295f,-0.024733268414043386f,-0.1901741742052696f,-0.9814387647219274f,0.12677433969643812f,0f,0f,0f,1f],start_interpolation:0}
execute if entity @s[tag=aj.spawner.bone.t13] run data modify entity @s {} merge value {transformation:[-0.9925346316001854f,0.12186075930811092f,-0.00499603994526659f,-0.16218376723242317f,0.12109079961941688f,0.9797179011942335f,-0.15965541746867296f,0.8391850685184816f,-0.014561020630926791f,-0.159068505432146f,-0.9871601629207739f,0.11310426691271948f,0f,0f,0f,1f],start_interpolation:0}
execute if entity @s[tag=aj.spawner.bone.t14] run data modify entity @s {} merge value {transformation:[-0.9942260954144208f,0.10715486463865687f,-0.00568385267807385f,-0.16248311434543594f,0.10684626147688664f,0.9836859659255723f,-0.14472662799045122f,0.8795657102849235f,-0.009917036120116317f,-0.1444982886588793f,-0.9894553537018471f,0.10549581236322703f,0f,0f,0f,1f],start_interpolation:0}
execute if entity @s[tag=aj.spawner.bone.t15] run data modify entity @s {} merge value {transformation:[-0.995676847097479f,0.09260366671251614f,-0.007223369395277753f,-0.1498764422219056f,0.09272180990870013f,0.9863106539378882f,-0.13635967107568944f,0.9013065616714229f,-0.005502919341430144f,-0.13643993125186102f,-0.9906330617532959f,0.09213969410759804f,0f,0f,0f,1f],start_interpolation:0}
execute if entity @s[tag=aj.spawner.bone.t21] run data modify entity @s {} merge value {transformation:[-0.9926320687257338f,-0.12073243320361028f,0.012796090422141242f,0.13563720556505732f,-0.12115234443595561f,0.9872667050819328f,-0.12057076755621464f,0.7164574151520172f,0.0019197851290190377f,-0.12147663060239444f,-0.9926222595130605f,0.14598010019970317f,0f,0f,0f,1f],start_interpolation:0}
execute if entity @s[tag=aj.spawner.bone.t22] run data modify entity @s {} merge value {transformation:[-0.9853489766897703f,-0.16836960535109233f,0.027185844300662156f,0.12264731904998802f,-0.17053986208504135f,0.9709300402395616f,-0.16796134198207135f,0.7814358761564262f,0.0018840319629728442f,-0.17013680658317493f,-0.9854186508632976f,0.1328880027723014f,0f,0f,0f,1f],start_interpolation:0}
execute if entity @s[tag=aj.spawner.bone.t23] run data modify entity @s {} merge value {transformation:[-0.9883885538096753f,-0.1508676768764169f,0.018083439162164164f,0.10452752252844269f,-0.15186137372384317f,0.9767989478127795f,-0.15100310832083563f,0.8395887812223961f,0.00511760380704404f,-0.15199591976681426f,-0.9883678720524631f,0.11999351418229197f,0f,0f,0f,1f],start_interpolation:0}
execute if entity @s[tag=aj.spawner.bone.t24] run data modify entity @s {} merge value {transformation:[-0.9883885538096753f,-0.1508676768764169f,0.018083439162164164f,0.09115201542544085f,-0.15186137372384317f,0.9767989478127795f,-0.15100310832083563f,0.8778656114901066f,0.00511760380704404f,-0.15199591976681426f,-0.9883678720524631f,0.10649714617477274f,0f,0f,0f,1f],start_interpolation:0}
execute if entity @s[tag=aj.spawner.bone.t25] run data modify entity @s {} merge value {transformation:[-0.9883728809144882f,-0.15084001441311506f,0.01913996668352186f,0.08134969557678942f,-0.1519958491085705f,0.9768214465552357f,-0.1507220070311613f,0.8989162196200468f,0.004038579770137158f,-0.15187873979457425f,-0.9883908833411263f,0.09301203270883075f,0f,0f,0f,1f],start_interpolation:0}
execute if entity @s[tag=aj.spawner.bone.t31] run data modify entity @s {} merge value {transformation:[-0.9926320687257338f,0.12073243320361028f,0.012796090422141242f,-0.195632892705461f,0.12115234443595561f,0.9872667050819328f,0.12057076755621464f,0.7163281769437608f,0.0019197851290190377f,0.12147663060239444f,-0.9926222595130605f,-0.2097256571551734f,0f,0f,0f,1f],start_interpolation:0}
execute if entity @s[tag=aj.spawner.bone.t32] run data modify entity @s {} merge value {transformation:[-0.983773208396737f,0.17715509212241068f,0.028396263414229704f,-0.18267091963542498f,0.1793752518083992f,0.9677574553678884f,0.17683333005557156f,0.7810361953899657f,0.0038462292525962283f,0.1790574793605939f,-0.9838310960757273f,-0.19666162146155283f,0f,0f,0f,1f],start_interpolation:0}
execute if entity @s[tag=aj.spawner.bone.t33] run data modify entity @s {} merge value {transformation:[-0.9890613422116014f,0.14642076648252694f,0.017849943564473184f,-0.16989849913082072f,0.14745080240396405f,0.9781597886547472f,0.14649808438791073f,0.839559461118869f,0.003990264779775551f,0.1475275804775825f,-0.9890498929707325f,-0.17829026103520978f,0f,0f,0f,1f],start_interpolation:0}
execute if entity @s[tag=aj.spawner.bone.t34] run data modify entity @s {} merge value {transformation:[-0.9910895703066639f,0.13195312298949505f,0.018161414115416462f,-0.16436423049177018f,0.1331962029286999f,0.9823234228708319f,0.13152742833610587f,0.8781319987311533f,-0.0004849275503043659f,0.13277449383316084f,-0.9911461540220083f,-0.15771418909556634f,0f,0f,0f,1f],start_interpolation:0}
execute if entity @s[tag=aj.spawner.bone.t35] run data modify entity @s {} merge value {transformation:[-0.9928759977466222f,0.11754760649837492f,0.019488799479515775f,-0.14372840452279012f,0.1190583130941046f,0.9852256327642218f,0.12310796329858054f,0.9000135175509186f,-0.004729818372383041f,0.1245512454808931f,-0.9922019028742702f,-0.15502658004440478f,0f,0f,0f,1f],start_interpolation:0}
execute if entity @s[tag=aj.spawner.bone.t41] run data modify entity @s {} merge value {transformation:[-0.994715624160405f,-0.10212599089484016f,-0.01054082705117565f,0.14608929249811642f,-0.10266852999422837f,0.9894591729488242f,0.10212599089484015f,0.7182113011727541f,-1.2095016878100176e-16f,0.10266852999422836f,-0.994715624160405f,-0.2149861724752523f,0f,0f,0f,1f],start_interpolation:0}
execute if entity @s[tag=aj.spawner.bone.t42] run data modify entity @s {} merge value {transformation:[-0.994715624160405f,-0.10212599089484016f,-0.01054082705117565f,0.1329170381421635f,-0.10266852999422837f,0.9894591729488242f,0.10212599089484015f,0.7849566535574284f,-1.2095016878100176e-16f,0.10266852999422836f,-0.994715624160405f,-0.2017107383871467f,0f,0f,0f,1f],start_interpolation:0}
execute if entity @s[tag=aj.spawner.bone.t43] run data modify entity @s {} merge value {transformation:[-0.994715624160405f,-0.10212599089484016f,-0.01054082705117565f,0.11730752498833696f,-0.10266852999422837f,0.9894591729488242f,0.10212599089484015f,0.8448779032333947f,-1.2095016878100176e-16f,0.10266852999422836f,-0.994715624160405f,-0.18596849628600362f,0f,0f,0f,1f],start_interpolation:0}
execute if entity @s[tag=aj.spawner.bone.t44] run data modify entity @s {} merge value {transformation:[-0.994715624160405f,-0.10212599089484016f,-0.01054082705117565f,0.3790330798313419f,-0.10266852999422837f,0.9894591729488242f,0.10212599089484015f,0.15362740455165447f,-1.2095016878100176e-16f,0.10266852999422836f,-0.994715624160405f,0.25299881297102955f,0f,0f,0f,1f],start_interpolation:0}
execute if entity @s[tag=aj.spawner.bone.t45] run data modify entity @s {} merge value {transformation:[-0.994715624160405f,-0.10212599089484016f,-0.01054082705117565f,0.09215222939006507f,-0.10266852999422837f,0.9894591729488242f,0.10212599089484015f,0.9059712641914908f,-1.2095016878100176e-16f,0.10266852999422836f,-0.994715624160405f,-0.16057995605212502f,0f,0f,0f,1f],start_interpolation:0}
execute if entity @s[tag=aj.spawner.bone.v51] run data modify entity @s {} merge value {transformation:[-1f,0f,1.3296165247885551e-16f,-0.17228970872519955f,0f,1f,0f,0.40503218852138173f,-1.2246467991473532e-16f,0f,-1.0857142857142859f,-0.031250000000000056f,0f,0f,0f,1f],start_interpolation:0}
execute if entity @s[tag=aj.spawner.bone.v52] run data modify entity @s {} merge value {transformation:[-1f,0f,1.3296165247885551e-16f,0.11071628623193841f,0f,1f,0f,0.4050321885213818f,-1.2246467991473532e-16f,0f,-1.0857142857142859f,-0.03125f,0f,0f,0f,1f],start_interpolation:0}
execute if entity @s[tag=aj.spawner.bone.v61] run data modify entity @s {} merge value {transformation:[-1f,0f,1.364606433335622e-16f,-0.09963345872519982f,0f,1f,0f,0.38940718852138173f,-1.2246467991473532e-16f,0f,-1.1142857142857143f,-0.03125f,0f,0f,0f,1f],start_interpolation:0}
execute if entity @s[tag=aj.spawner.bone.v62] run data modify entity @s {} merge value {transformation:[-1f,0f,1.364606433335622e-16f,0.03806003325170601f,0f,1f,0f,0.38940718852138173f,-1.2246467991473532e-16f,0f,-1.1142857142857143f,-0.03125f,0f,0f,0f,1f],start_interpolation:0}
execute if entity @s[tag=aj.spawner.bone.heart] run data modify entity @s {} merge value {transformation:[-1.2357142857142858f,0f,1.2246467991473532e-16f,-0.03125f,0f,1f,0f,0.37499999999999994f,-1.513313544660658e-16f,0f,-1f,-0.017116477272727693f,0f,0f,0f,1f],start_interpolation:0}