execute if entity @s[tag=aj.spawner.bone.bones_right] run data modify entity @s {} merge value {transformation:[-1f,1.8426587232075944e-17f,1.210704700147698e-16f,-0.03125f,0f,0.9886154122075342f,-0.150464503274783f,0.7138572295473684f,-1.2246467991473532e-16f,-0.150464503274783f,-0.9886154122075342f,-0.12515586170443432f,0f,0f,0f,1f],start_interpolation:0}
execute if entity @s[tag=aj.spawner.bone.bones_left] run data modify entity @s {} merge value {transformation:[-1f,-1.8426587232075944e-17f,1.210704700147698e-16f,-0.031250000000000056f,0f,0.9886154122075342f,0.150464503274783f,0.7138572295473684f,-1.2246467991473532e-16f,0.150464503274783f,-0.9886154122075342f,0.0626558617044343f,0f,0f,0f,1f],start_interpolation:0}
execute if entity @s[tag=aj.spawner.bone.t11] run data modify entity @s {} merge value {transformation:[-0.9971053804092085f,0.0761281361517f,0.0011874271339071922f,-0.19732910935249767f,0.07537670503495368f,0.9918111468274121f,-0.11555081788939743f,0.7165881599077295f,-0.009960557066801885f,-0.11528651308300358f,-0.9933008600126615f,0.1463671274763367f,0f,0f,0f,1f],start_interpolation:0}
execute if entity @s[tag=aj.spawner.bone.t12] run data modify entity @s {} merge value {transformation:[-0.9877620955945682f,0.15590928128323656f,-0.004282349398615276f,-0.1798827330030746f,0.15374294606914526f,0.9686816712247088f,-0.19498442596085722f,0.7793606721382541f,-0.026251648340762917f,-0.1932566062080408f,-0.9807969897569747f,0.12653495297883335f,0f,0f,0f,1f],start_interpolation:0}
execute if entity @s[tag=aj.spawner.bone.t13] run data modify entity @s {} merge value {transformation:[-0.9776031593807356f,0.20917737102798173f,-0.023170891623463467f,-0.15815056736094843f,0.20835020376947053f,0.9463954229258416f,-0.24683171606225462f,0.8331791587194327f,-0.029702783674671114f,-0.2461311254490977f,-0.9687813033534122f,0.10840925258138188f,0f,0f,0f,1f],start_interpolation:0}
execute if entity @s[tag=aj.spawner.bone.t14] run data modify entity @s {} merge value {transformation:[-0.95596369311579f,0.2903129971212228f,-0.0430323267661945f,-0.1562572739341701f,0.28800338612842885f,0.8997634014124622f,-0.3278412284280844f,0.8717201439963282f,-0.0564576569030169f,-0.3257977673053779f,-0.9437522703526875f,0.0993841994136043f,0f,0f,0f,1f],start_interpolation:0}
execute if entity @s[tag=aj.spawner.bone.t15] run data modify entity @s {} merge value {transformation:[-0.9271486560324536f,0.37046127454599975f,-0.056158825477110125f,-0.13959767017174024f,0.36369614326789135f,0.8537247724378002f,-0.37266490081316717f,0.8849838290163036f,-0.09011373363298447f,-0.36594051017587514f,-0.9262651121698063f,0.08231557908868475f,0f,0f,0f,1f],start_interpolation:0}
execute if entity @s[tag=aj.spawner.bone.t21] run data modify entity @s {} merge value {transformation:[-0.9943173181260184f,-0.10599393261437139f,0.011333070874682355f,0.1355388872096704f,-0.10645689679246824f,0.9899931896399979f,-0.10585193611470535f,0.7162447348985065f,-1.209013903599925e-16f,-0.10659970482475083f,-0.9943173181260184f,0.14586008211608617f,0f,0f,0f,1f],start_interpolation:0}
execute if entity @s[tag=aj.spawner.bone.t22] run data modify entity @s {} merge value {transformation:[-0.9842426740546044f,-0.17428764466031038f,0.02983580883104902f,0.12238744544934822f,-0.17681757016662994f,0.9687836731379644f,-0.17376346434645726f,0.7803712171302994f,0.0013803804585740698f,-0.17630091202281123f,-0.9843353508686532f,0.1325977580253342f,0f,0f,0f,1f],start_interpolation:0}
execute if entity @s[tag=aj.spawner.bone.t23] run data modify entity @s {} merge value {transformation:[-0.9742927400752492f,-0.22136823205119904f,0.04183016226587391f,0.10768666016142002f,-0.22509827028219848f,0.9489813636452465f,-0.2208283047301014f,0.8352592245432126f,0.00918832697639502f,-0.2245673112733345f,-0.974415259196427f,0.11594962199182114f,0f,0f,0f,1f],start_interpolation:0}
execute if entity @s[tag=aj.spawner.bone.t24] run data modify entity @s {} merge value {transformation:[-0.952464390176085f,-0.290794122752115f,0.09083151225938271f,0.09384147472248214f,-0.30464642201694203f,0.9077020922505357f,-0.288561032151389f,0.8708656176501811f,0.001463898484786147f,-0.3025156027328634f,-0.9531433087969503f,0.10136389877366085f,0f,0f,0f,1f],start_interpolation:0}
execute if entity @s[tag=aj.spawner.bone.t25] run data modify entity @s {} merge value {transformation:[-0.9240697272175216f,-0.35461635386698775f,0.14262671843037883f,0.08586206438071199f,-0.3819914275716935f,0.8698172592710302f,-0.3122506761177198f,0.886684845356385f,-0.01332998506656555f,-0.34302358088667434f,-0.9392322047575926f,0.08459986082172796f,0f,0f,0f,1f],start_interpolation:0}
execute if entity @s[tag=aj.spawner.bone.t31] run data modify entity @s {} merge value {transformation:[-0.9943173181260184f,0.10599393261437139f,0.011333070874682355f,-0.19553457981987685f,0.10645689679246824f,0.9899931896399979f,0.10585193611470535f,0.7161106748335003f,-1.209013903599925e-16f,0.10659970482475083f,-0.9943173181260184f,-0.20960514032313074f,0f,0f,0f,1f],start_interpolation:0}
execute if entity @s[tag=aj.spawner.bone.t32] run data modify entity @s {} merge value {transformation:[-0.9842427506420868f,0.17428720427634312f,0.029835854840027605f,-0.18238313805955475f,0.176817144208039f,0.968783673804501f,0.1737638940745968f,0.7802371570652932f,0.0013803342394123558f,0.17630134371408068f,-0.9843352736146342f,-0.19634281623237876f,0f,0f,0f,1f],start_interpolation:0}
execute if entity @s[tag=aj.spawner.bone.t33] run data modify entity @s {} merge value {transformation:[-0.9743754654609665f,0.22222387146317782f,0.034770724174822965f,-0.16646001688235335f,0.22432567578930743f,0.9487840822473264f,0.22245618996955094f,0.8352516632467604f,0.01644516614069743f,0.22455581984445522f,-0.9743224519041883f,-0.18208486605974578f,0f,0f,0f,1f],start_interpolation:0}
execute if entity @s[tag=aj.spawner.bone.t34] run data modify entity @s {} merge value {transformation:[-0.952917730375114f,0.2984715868211286f,0.05350243917074263f,-0.15880273829553987f,0.3004126486810717f,0.9052640539127624f,0.3004151014943391f,0.8722436677565288f,0.04123153707011837f,0.3023436861485758f,-0.9523068075977021f,-0.16292436335970292f,0f,0f,0f,1f],start_interpolation:0}
execute if entity @s[tag=aj.spawner.bone.t35] run data modify entity @s {} merge value {transformation:[-0.9250492439060839f,0.3742301706937169f,0.06508206889254699f,-0.13473758442023775f,0.37284243434377823f,0.8618106051597355f,0.34390551025945426f,0.8865440958223462f,0.07261140062957189f,0.3423948892386708f,-0.936746136539591f,-0.15933977398882f,0f,0f,0f,1f],start_interpolation:0}
execute if entity @s[tag=aj.spawner.bone.t41] run data modify entity @s {} merge value {transformation:[-0.9943173181260184f,-0.10585193611470536f,-0.011333070874682112f,0.14489983296635914f,-0.10645689679246824f,0.9886669291253177f,0.10585193611470535f,0.7178886691671996f,-1.2263611383596931e-16f,0.10645689679246823f,-0.9943173181260184f,-0.21431957588321085f,0f,0f,0f,1f],start_interpolation:0}
execute if entity @s[tag=aj.spawner.bone.t42] run data modify entity @s {} merge value {transformation:[-0.9943173181260184f,-0.10585193611470536f,-0.011333070874682112f,0.1314788608131523f,-0.10645689679246824f,0.9886669291253177f,0.10585193611470535f,0.7845325903388947f,-1.2263611383596931e-16f,0.10645689679246823f,-0.9943173181260184f,-0.20078618099044115f,0f,0f,0f,1f],start_interpolation:0}
execute if entity @s[tag=aj.spawner.bone.t43] run data modify entity @s {} merge value {transformation:[-0.9943173181260184f,-0.10585193611470536f,-0.011333070874682112f,0.11564763748800197f,-0.10645689679246824f,0.9886669291253177f,0.10585193611470535f,0.8443338781007221f,-1.2263611383596931e-16f,0.10645689679246823f,-0.9943173181260184f,-0.18481090008348044f,0f,0f,0f,1f],start_interpolation:0}
execute if entity @s[tag=aj.spawner.bone.t44] run data modify entity @s {} merge value {transformation:[-0.9943173181260184f,-0.10585193611470536f,-0.011333070874682112f,0.38018189148972326f,-0.10645689679246824f,0.9886669291253177f,0.10585193611470535f,0.15242789432876824f,-1.2263611383596931e-16f,0.10645689679246823f,-0.9943173181260184f,0.2514316410129959f,0f,0f,0f,1f],start_interpolation:0}
execute if entity @s[tag=aj.spawner.bone.t45] run data modify entity @s {} merge value {transformation:[-0.9943173181260184f,-0.10585193611470536f,-0.011333070874682112f,0.09027014954451192f,-0.10645689679246824f,0.9886669291253177f,0.10585193611470535f,0.9052343547075611f,-1.2263611383596931e-16f,0.10645689679246823f,-0.9943173181260184f,-0.15918121651661213f,0f,0f,0f,1f],start_interpolation:0}
execute if entity @s[tag=aj.spawner.bone.v21] run data modify entity @s {} merge value {transformation:[-1f,0f,1.3753725590424122e-16f,-0.08549492101734665f,0f,1f,0f,0.6282246178250585f,-1.2246467991473532e-16f,0f,-1.123076923076923f,-0.03125f,0f,0f,0f,1f],start_interpolation:0}
execute if entity @s[tag=aj.spawner.bone.v22] run data modify entity @s {} merge value {transformation:[-1f,0f,1.3753725590424122e-16f,0.02392149852408563f,0f,1f,0f,0.6282246178250586f,-1.2246467991473532e-16f,0f,-1.123076923076923f,-0.03125f,0f,0f,0f,1f],start_interpolation:0}
execute if entity @s[tag=aj.spawner.bone.v31] run data modify entity @s {} merge value {transformation:[-1f,0f,1.3188503990817653e-16f,-0.14883150298131478f,0f,1f,0f,0.5591048674991094f,-1.2246467991473532e-16f,0f,-1.076923076923077f,-0.03125f,0f,0f,0f,1f],start_interpolation:0}
execute if entity @s[tag=aj.spawner.bone.v32] run data modify entity @s {} merge value {transformation:[-1f,0f,1.3188503990817653e-16f,0.08725808048805375f,0f,1f,0f,0.5591048674991094f,-1.2246467991473532e-16f,0f,-1.076923076923077f,-0.03125f,0f,0f,0f,1f],start_interpolation:0}
execute if entity @s[tag=aj.spawner.bone.heart] run data modify entity @s {} merge value {transformation:[-1.2444444444444447f,0f,1.2246467991473532e-16f,-0.03125f,0f,1f,0f,0.37499999999999994f,-1.5240049056055954e-16f,0f,-1f,-0.017116477272727693f,0f,0f,0f,1f],start_interpolation:0}