execute if entity @s[tag=aj.spawner.bone.bones_right] run data modify entity @s {} merge value {transformation:[-1f,2.9307716225558026e-17f,1.1890607888691283e-16f,-0.03125f,0f,0.970941817426052f,-0.23931566428755782f,0.7185447295473684f,-1.2246467991473532e-16f,-0.23931566428755782f,-0.970941817426052f,-0.12551643862751122f,0f,0f,0f,1f],start_interpolation:0}
execute if entity @s[tag=aj.spawner.bone.bones_left] run data modify entity @s {} merge value {transformation:[-1f,-2.9307716225558026e-17f,1.1890607888691283e-16f,-0.031250000000000056f,0f,0.970941817426052f,0.23931566428755782f,0.7185447295473684f,-1.2246467991473532e-16f,0.23931566428755782f,-0.970941817426052f,0.06301643862751122f,0f,0f,0f,1f],start_interpolation:0}
execute if entity @s[tag=aj.spawner.bone.t11] run data modify entity @s {} merge value {transformation:[-0.9997237754823656f,0.023394035655089927f,0.00235295515689205f,-0.1990994113884178f,0.023285259615203602f,0.9994921930548787f,-0.03584197752682455f,0.7202952778599475f,-0.0031889527963229088f,-0.03579182807445142f,-0.9993546999184005f,0.14882233996969094f,0f,0f,0f,1f],start_interpolation:0}
execute if entity @s[tag=aj.spawner.bone.t12] run data modify entity @s {} merge value {transformation:[-0.9988315651716207f,0.04821456467654936f,0.0032954771826122884f,-0.18514622411223253f,0.04792649460221332f,0.9970084963293949f,-0.060639173494887795f,0.7873307075282457f,-0.0062093101029258736f,-0.06041037990320806f,-0.9981543119518124f,0.1341015600377078f,0f,0f,0f,1f],start_interpolation:0}
execute if entity @s[tag=aj.spawner.bone.t13] run data modify entity @s {} merge value {transformation:[-0.9897517434201564f,0.14258449601628995f,-0.007819711794004652f,-0.1689552998544087f,0.1420728788901453f,0.9777286124183491f,-0.1544734849168482f,0.8436891125435317f,-0.014379968032885201f,-0.15400136997530325f,-0.9879659885669663f,0.12240729458579747f,0f,0f,0f,1f],start_interpolation:0}
execute if entity @s[tag=aj.spawner.bone.t14] run data modify entity @s {} merge value {transformation:[-0.9562962234271433f,0.2894953170506617f,-0.04110954225870086f,-0.16776436414319504f,0.288064442701278f,0.9086401655013495f,-0.3023109764611308f,0.8818348897771424f,-0.05016383069687955f,-0.3009410424708087f,-0.9523224658939837f,0.11562576110542058f,0f,0f,0f,1f],start_interpolation:0}
execute if entity @s[tag=aj.spawner.bone.t15] run data modify entity @s {} merge value {transformation:[-0.9001707221630397f,0.42794569436228364f,-0.08096390329803901f,-0.15152955485576539f,0.42482963261272955f,0.8217692793635831f,-0.3797565466827274f,0.8948882854170412f,-0.09598153059107047f,-0.3762415901665314f,-0.9215366577702458f,0.09931125549837798f,0f,0f,0f,1f],start_interpolation:0}
execute if entity @s[tag=aj.spawner.bone.t21] run data modify entity @s {} merge value {transformation:[-0.99924795250423f,-0.0387651109263733f,0.0015035294161040934f,0.13747666200144218f,-0.038775371256816765f,0.9989835420329614f,-0.03874621033596552f,0.7199095716479522f,-1.2248100087613373e-16f,-0.038794286072064f,-0.99924795250423f,0.14806028169104732f,0f,0f,0f,1f],start_interpolation:0}
execute if entity @s[tag=aj.spawner.bone.t22] run data modify entity @s {} merge value {transformation:[-0.9979125929630724f,-0.06435216829119791f,0.0054088115088777085f,0.1286128335172252f,-0.06456696898099627f,0.9958415141025736f,-0.06427118566278747f,0.7871471603465806f,-0.0012503288864496788f,-0.06448625610248107f,-0.9979178119722891f,0.13918507833552377f,0f,0f,0f,1f],start_interpolation:0}
execute if entity @s[tag=aj.spawner.bone.t23] run data modify entity @s {} merge value {transformation:[-0.9893438826305767f,-0.14380471424760644f,0.022779070692628016f,0.11558305525385568f,-0.14558790259223947f,0.9789073890214885f,-0.14333347947330666f,0.8439531041081423f,-0.0016865705582823787f,-0.14512245821821135f,-0.9894122637204652f,0.1280618766901278f,0f,0f,0f,1f],start_interpolation:0}
execute if entity @s[tag=aj.spawner.bone.t24] run data modify entity @s {} merge value {transformation:[-0.9616291812306156f,-0.2570944393814437f,0.09576934292808419f,0.10384623644219039f,-0.2733982849458027f,0.9270929726449932f,-0.25642152378644695f,0.8798380914036954f,-0.022862536920243228f,-0.2727655940755925f,-0.9618088350052518f,0.11534618304349525f,0f,0f,0f,1f],start_interpolation:0}
execute if entity @s[tag=aj.spawner.bone.t25] run data modify entity @s {} merge value {transformation:[-0.9170469558049769f,-0.35552039360323173f,0.18063812050901035f,0.09575207987521775f,-0.3951944577532283f,0.8708187887939771f,-0.2923969521806317f,0.8962440284522323f,-0.053349989784033276f,-0.33952891896802245f,-0.9390814084915373f,0.0995422292602603f,0f,0f,0f,1f],start_interpolation:0}
execute if entity @s[tag=aj.spawner.bone.t31] run data modify entity @s {} merge value {transformation:[-0.99924795250423f,0.0387651109263733f,0.0015035294161040934f,-0.1974723148835539f,0.038775371256816765f,0.9989835420329614f,0.03874621033596552f,0.7198609816250514f,-1.2248100087613373e-16f,0.038794286072064f,-0.99924795250423f,-0.21181151390983502f,0f,0f,0f,1f],start_interpolation:0}
execute if entity @s[tag=aj.spawner.bone.t32] run data modify entity @s {} merge value {transformation:[-0.99806168218587f,0.06201703750815613f,0.005173549170868687f,-0.1886070838349482f,0.06221861663522427f,0.996138810581459f,0.06193798347827463f,0.7871347146479846f,-0.0013123628730021143f,0.06213981905403317f,-0.9980665912611351f,-0.20293490693433378f,0f,0f,0f,1f],start_interpolation:0}
execute if entity @s[tag=aj.spawner.bone.t33] run data modify entity @s {} merge value {transformation:[-0.9876843450257272f,0.15589626894718475f,0.013266043850636641f,-0.17815370630961436f,0.15604686441374668f,0.9753756677810648f,0.1558578929899921f,0.8435022760772312f,0.011358287623481747f,0.15600852550097735f,-0.9876904015293827f,-0.1913542962015106f,0f,0f,0f,1f],start_interpolation:0}
execute if entity @s[tag=aj.spawner.bone.t34] run data modify entity @s {} merge value {transformation:[-0.9522846432606273f,0.3013289456664982f,0.04852653617863353f,-0.1714644495487752f,0.30149530566120814f,0.9039897281126201f,0.3031553267404779f,0.8810878497508081f,0.04748198473352081f,0.3033206850354717f,-0.9517047983252884f,-0.1758612053086443f,0f,0f,0f,1f],start_interpolation:0}
execute if entity @s[tag=aj.spawner.bone.t35] run data modify entity @s {} merge value {transformation:[-0.8943809939225887f,0.43828706067691675f,0.08937052172406026f,-0.14758758516701836f,0.43738202813594895f,0.8150525465802517f,0.37998198348965245f,0.8940163159455115f,0.09369951533346349f,0.3789377241133895f,-0.9206663902141963f,-0.17035773804878246f,0f,0f,0f,1f],start_interpolation:0}
execute if entity @s[tag=aj.spawner.bone.t41] run data modify entity @s {} merge value {transformation:[-0.99924795250423f,-0.03874621033596553f,-0.0015035294161038488f,0.14091786962387534f,-0.038775371256816765f,0.998496470583896f,0.03874621033596552f,0.7201586006294363f,-1.2226416044163663e-16f,0.03877537125681676f,-0.99924795250423f,-0.213534355207256f,0f,0f,0f,1f],start_interpolation:0}
execute if entity @s[tag=aj.spawner.bone.t42] run data modify entity @s {} merge value {transformation:[-0.99924795250423f,-0.03874621033596553f,-0.0015035294161038488f,0.1320181650189769f,-0.038775371256816765f,0.998496470583896f,0.03874621033596552f,0.7883207230971234f,-1.2226416044163663e-16f,0.03877537125681676f,-0.99924795250423f,-0.20462324873019846f,0f,0f,0f,1f],start_interpolation:0}
execute if entity @s[tag=aj.spawner.bone.t43] run data modify entity @s {} merge value {transformation:[-0.99924795250423f,-0.03874621033596553f,-0.0015035294161038488f,0.12024267290652788f,-0.038775371256816765f,0.998496470583896f,0.03874621033596552f,0.8499999876811845f,-1.2226416044163663e-16f,0.03877537125681676f,-0.99924795250423f,-0.19283183847192023f,0f,0f,0f,1f],start_interpolation:0}
execute if entity @s[tag=aj.spawner.bone.t44] run data modify entity @s {} merge value {transformation:[-0.99924795250423f,-0.03874621033596553f,-0.0015035294161038488f,0.33603032952521983f,-0.038775371256816765f,0.998496470583896f,0.03874621033596552f,0.17295816669946518f,-1.2226416044163663e-16f,0.03877537125681676f,-0.99924795250423f,0.2909758469514972f,0f,0f,0f,1f],start_interpolation:0}
execute if entity @s[tag=aj.spawner.bone.t45] run data modify entity @s {} merge value {transformation:[-0.99924795250423f,-0.03874621033596553f,-0.0015035294161038488f,0.09899224492032778f,-0.038775371256816765f,0.998496470583896f,0.03874621033596552f,0.9140727889083875f,-1.2226416044163663e-16f,0.03877537125681676f,-0.99924795250423f,-0.17155130562373752f,0f,0f,0f,1f],start_interpolation:0}
execute if entity @s[tag=aj.spawner.bone.heart] run data modify entity @s {} merge value {transformation:[-1.088888888888889f,0f,1.2246467991473532e-16f,-0.03125f,0f,1f,0f,0.37499999999999994f,-1.3335042924048959e-16f,0f,-1f,-0.017116477272727693f,0f,0f,0f,1f],start_interpolation:0}