execute if entity @s[tag=aj.spawner.bone.bones_right] run data modify entity @s {} merge value {transformation:[-1f,4.044751960487857e-17f,1.1559236992306862e-16f,-0.03125f,0f,0.9438833303083676f,-0.3302790619551671f,0.7234554438330827f,-1.2246467991473532e-16f,-0.3302790619551671f,-0.9438833303083676f,-0.12589418588025847f,0f,0f,0f,1f],start_interpolation:0}
execute if entity @s[tag=aj.spawner.bone.bones_left] run data modify entity @s {} merge value {transformation:[-1f,-4.044751960487857e-17f,1.1559236992306862e-16f,-0.031250000000000056f,0f,0.9438833303083676f,0.3302790619551671f,0.7234554438330827f,-1.2246467991473532e-16f,0.3302790619551671f,-0.9438833303083676f,0.06339418588025847f,0f,0f,0f,1f],start_interpolation:0}
execute if entity @s[tag=aj.spawner.bone.t11] run data modify entity @s {} merge value {transformation:[-0.9950962198767496f,0.09914506927436317f,-0.0015480746000388936f,-0.19800366549230813f,0.098291578327631f,0.9894376522946774f,-0.12725950630184513f,0.718114234065064f,-0.011057975260733894f,-0.1271023962676487f,-0.991868248065661f,0.14733039174909943f,0f,0f,0f,1f],start_interpolation:0}
execute if entity @s[tag=aj.spawner.bone.t12] run data modify entity @s {} merge value {transformation:[-0.9941192747862737f,0.10829015925835686f,-0.0003300094135271392f,-0.18181483141560684f,0.107318374337119f,0.984781548844284f,-0.13670430712121218f,0.7844087485443876f,-0.014478744008072945f,-0.13593580272927513f,-0.9906118430082977f,0.12934681570676543f,0f,0f,0f,1f],start_interpolation:0}
execute if entity @s[tag=aj.spawner.bone.t13] run data modify entity @s {} merge value {transformation:[-0.99786348632477f,0.06530382608103096f,0.0019679834740378268f,-0.16801715788632104f,0.06483067111808259f,0.9934645543648158f,-0.09394234031094181f,0.8453964575162849f,-0.00808991607834308f,-0.0936140455268132f,-0.9955756946299709f,0.12012942924143831f,0f,0f,0f,1f],start_interpolation:0}
execute if entity @s[tag=aj.spawner.bone.t14] run data modify entity @s {} merge value {transformation:[-0.9979832659154277f,0.06345397998113718f,0.0017301379511886958f,-0.16883608917151538f,0.06302564280881635f,0.9937566859910801f,-0.0920620301566346f,0.8857451898463455f,-0.007561038375262614f,-0.09176732246600118f,-0.9957517708877593f,0.11353091661308402f,0f,0f,0f,1f],start_interpolation:0}
execute if entity @s[tag=aj.spawner.bone.t15] run data modify entity @s {} merge value {transformation:[-0.998097988579356f,0.06162893836472537f,0.0015096853581287924f,-0.15777342611962814f,0.06123614239153562f,0.9939658538864444f,-0.09100558319573007f,0.9090343175418091f,-0.007109153173707882f,-0.09074004222959262f,-0.9958492379257639f,0.10188059227223309f,0f,0f,0f,1f],start_interpolation:0}
execute if entity @s[tag=aj.spawner.bone.t21] run data modify entity @s {} merge value {transformation:[-0.993720023175832f,-0.11173377515700678f,0.0097593592717942f,0.13640002481057942f,-0.11186021509288124f,0.9897945876013327f,-0.11152091901022944f,0.7179986675231781f,0.002794247447577863f,-0.1121783870504895f,-0.9937141638971027f,0.1468767218130282f,0f,0f,0f,1f],start_interpolation:0}
execute if entity @s[tag=aj.spawner.bone.t22] run data modify entity @s {} merge value {transformation:[-0.992241098031908f,-0.12348690573272705f,0.014442558256417591f,0.12511234520942327f,-0.12432450502845224f,0.9845470702706571f,-0.12333079044138248f,0.7849879715556685f,0.0010103592746084867f,-0.1241694428352742f,-0.9922605145021713f,0.1355398657955016f,0f,0f,0f,1f],start_interpolation:0}
execute if entity @s[tag=aj.spawner.bone.t23] run data modify entity @s {} merge value {transformation:[-0.9961973030590558f,-0.08687042285010123f,0.006668059066048683f,0.1058195320289607f,-0.08712098187464598f,0.9924003316555705f,-0.08689946056858522f,0.8452946497416064f,0.000931608856393051f,-0.08714993610874364f,-0.9961947704847585f,0.12689597419588394f,0f,0f,0f,1f],start_interpolation:0}
execute if entity @s[tag=aj.spawner.bone.t24] run data modify entity @s {} merge value {transformation:[-0.9961973030590558f,-0.08687042285010123f,0.006668059066048683f,0.09349568090075337f,-0.08712098187464598f,0.9924003316555705f,-0.08689946056858522f,0.8842935456492304f,0.000931608856393051f,-0.08714993610874364f,-0.9961947704847585f,0.11451127854536197f,0f,0f,0f,1f],start_interpolation:0}
execute if entity @s[tag=aj.spawner.bone.t25] run data modify entity @s {} merge value {transformation:[-0.9961952280343359f,-0.08687321394252646f,0.006936305999120345f,0.082817164225778f,-0.08714717841894447f,0.9924026828721729f,-0.08684632589655114f,0.9073108585606252f,0.0006610107669840866f,-0.08712037492693274f,-0.9961975724410075f,0.10288242198945155f,0f,0f,0f,1f],start_interpolation:0}
execute if entity @s[tag=aj.spawner.bone.t31] run data modify entity @s {} merge value {transformation:[-0.993720023175832f,0.11173377515700678f,0.0097593592717942f,-0.19639568677492739f,0.11186021509288124f,0.9897945876013327f,0.11152091901022944f,0.717904830794585f,0.002794247447577863f,0.1121783870504895f,-0.9937141638971027f,-0.21062539439384617f,0f,0f,0f,1f],start_interpolation:0}
execute if entity @s[tag=aj.spawner.bone.t32] run data modify entity @s {} merge value {transformation:[-0.992262789968898f,0.12364822709012592f,0.011210333652795432f,-0.1851080071737713f,0.12408216873863492f,0.9845269117724188f,0.12373510171726226f,0.7848941348270753f,0.004262750785030773f,0.1241687397589786f,-0.9922519604527934f,-0.19928853837631957f,0f,0f,0f,1f],start_interpolation:0}
execute if entity @s[tag=aj.spawner.bone.t33] run data modify entity @s {} merge value {transformation:[-0.9961973030590558f,0.08687042285010123f,0.006668059066048683f,-0.17655935525118688f,0.08712098187464598f,0.9924003316555705f,0.08689946056858522f,0.8452030518754954f,0.000931608856393051f,0.08714993610874364f,-0.9961947704847585f,-0.17996032037833232f,0f,0f,0f,1f],start_interpolation:0}
execute if entity @s[tag=aj.spawner.bone.t34] run data modify entity @s {} merge value {transformation:[-0.9961973030590558f,0.08687042285010123f,0.006668059066048683f,-0.17175510054123422f,0.08712098187464598f,0.9924003316555705f,0.08689946056858522f,0.8842501721505309f,0.000931608856393051f,0.08714993610874364f,-0.9961947704847585f,-0.160718764705019f,0f,0f,0f,1f],start_interpolation:0}
execute if entity @s[tag=aj.spawner.bone.t35] run data modify entity @s {} merge value {transformation:[-0.9961982688067997f,0.08687989002583171f,0.00639483662298855f,-0.1526616406765143f,0.08710661204818908f,0.9924020989353598f,0.08689368312011363f,0.9072190741226411f,0.0012030643464123992f,0.08712036924733405f,-0.9961970657949092f,-0.1568371287050974f,0f,0f,0f,1f],start_interpolation:0}
execute if entity @s[tag=aj.spawner.bone.t41] run data modify entity @s {} merge value {transformation:[-0.9972037971811801f,-0.07452113308808725f,-0.0055845868874356075f,0.14404235119608286f,-0.07473009358642425f,0.9944154131125643f,0.07452113308808724f,0.71895344755839f,-1.2212224383155186e-16f,0.07473009358642424f,-0.9972037971811801f,-0.21446079361377363f,0f,0f,0f,1f],start_interpolation:0}
execute if entity @s[tag=aj.spawner.bone.t42] run data modify entity @s {} merge value {transformation:[-0.9972037971811801f,-0.07452113308808725f,-0.0055845868874356075f,0.13272140323194093f,-0.07473009358642425f,0.9944154131125643f,0.07452113308808724f,0.7863866870431623f,-1.2212224383155186e-16f,0.07473009358642424f,-0.9972037971811801f,-0.2030905759473247f,0f,0f,0f,1f],start_interpolation:0}
execute if entity @s[tag=aj.spawner.bone.t43] run data modify entity @s {} merge value {transformation:[-0.9972037971811801f,-0.07452113308808725f,-0.0055845868874356075f,0.11876740231743166f,-0.07473009358642425f,0.9944154131125643f,0.07452113308808724f,0.8471384201126239f,-1.2212224383155186e-16f,0.07473009358642424f,-0.9972037971811801f,-0.18907115949959957f,0f,0f,0f,1f],start_interpolation:0}
execute if entity @s[tag=aj.spawner.bone.t44] run data modify entity @s {} merge value {transformation:[-0.9972037971811801f,-0.07452113308808725f,-0.0055845868874356075f,0.3600619781688292f,-0.07473009358642425f,0.9944154131125643f,0.07452113308808724f,0.16137665089962172f,-1.2212224383155186e-16f,0.07473009358642424f,-0.9972037971811801f,0.2697616424365094f,0f,0f,0f,1f],start_interpolation:0}
execute if entity @s[tag=aj.spawner.bone.t45] run data modify entity @s {} merge value {transformation:[-0.9972037971811801f,-0.07452113308808725f,-0.0055845868874356075f,0.09528409276551823f,-0.07473009358642425f,0.9944154131125643f,0.07452113308808724f,0.9095984710979883f,-1.2212224383155186e-16f,0.07473009358642424f,-0.9972037971811801f,-0.16546942591084357f,0f,0f,0f,1f],start_interpolation:0}
execute if entity @s[tag=aj.spawner.bone.v11] run data modify entity @s {} merge value {transformation:[-1f,0f,1.4345862504297566e-16f,-0.030800627695997784f,0f,1f,0f,0.6526466891732801f,-1.2246467991473532e-16f,0f,-1.1714285714285715f,-0.031250000000000056f,0f,0f,0f,1f],start_interpolation:0}
execute if entity @s[tag=aj.spawner.bone.v21] run data modify entity @s {} merge value {transformation:[-1f,0f,1.2596367076944207e-16f,-0.08549492101734665f,0f,1f,0f,0.6282246178250585f,-1.2246467991473532e-16f,0f,-1.0285714285714287f,-0.03125f,0f,0f,0f,1f],start_interpolation:0}
execute if entity @s[tag=aj.spawner.bone.v22] run data modify entity @s {} merge value {transformation:[-1f,0f,1.2596367076944207e-16f,0.02392149852408563f,0f,1f,0f,0.6282246178250586f,-1.2246467991473532e-16f,0f,-1.0285714285714287f,-0.03125f,0f,0f,0f,1f],start_interpolation:0}
execute if entity @s[tag=aj.spawner.bone.heart] run data modify entity @s {} merge value {transformation:[-1.1714285714285717f,0f,1.2246467991473532e-16f,-0.03125f,0f,1f,0f,0.37499999999999994f,-1.434586250429757e-16f,0f,-1f,-0.017116477272727693f,0f,0f,0f,1f],start_interpolation:0}