execute if entity @s[tag=aj.spawner.bone.bones_right] run data modify entity @s {} merge value {transformation:[-1f,3.3902572295676255e-17f,1.1767843225653128e-16f,-0.03125f,0f,0.9609173219450995f,-0.2768355114248496f,0.720553658118797f,-1.2246467991473532e-16f,-0.2768355114248496f,-0.9609173219450995f,-0.1256709715945442f,0f,0f,0f,1f],start_interpolation:0}
execute if entity @s[tag=aj.spawner.bone.bones_left] run data modify entity @s {} merge value {transformation:[-1f,-3.3902572295676255e-17f,1.1767843225653128e-16f,-0.031250000000000056f,0f,0.9609173219450995f,0.2768355114248496f,0.720553658118797f,-1.2246467991473532e-16f,0.2768355114248496f,-0.9609173219450995f,0.06317097159454418f,0f,0f,0f,1f],start_interpolation:0}
execute if entity @s[tag=aj.spawner.bone.t11] run data modify entity @s {} merge value {transformation:[-0.9951956420273963f,0.09813827389979049f,-0.0011908245880980456f,-0.19786646840663188f,0.09724050629553524f,0.9893514512755992f,-0.1284326635180603f,0.7178167417919685f,-0.01139815884546838f,-0.12824408702479134f,-0.9917175166742075f,0.14713770907856236f,0f,0f,0f,1f],start_interpolation:0}
execute if entity @s[tag=aj.spawner.bone.t12] run data modify entity @s {} merge value {transformation:[-0.9926012735278067f,0.1214127655256318f,-0.0012853631372305645f,-0.1814186284886644f,0.12019761986655773f,0.9810587207943454f,-0.15190891524784594f,0.7834153283663606f,-0.017182664793072164f,-0.15093948032499882f,-0.9883936611036254f,0.1287748325817467f,0f,0f,0f,1f],start_interpolation:0}
execute if entity @s[tag=aj.spawner.bone.t13] run data modify entity @s {} merge value {transformation:[-0.9967704261605352f,0.08030173776305723f,0.000590291435015329f,-0.16651332229042992f,0.07974035521724243f,0.9906179288558195f,-0.11098466010775784f,0.8438351479949637f,-0.009497014350471423f,-0.11057915690418212f,-0.9938219442016699f,0.11837567792323309f,0f,0f,0f,1f],start_interpolation:0}
execute if entity @s[tag=aj.spawner.bone.t14] run data modify entity @s {} merge value {transformation:[-0.9972477555441593f,0.07414114416591659f,-0.0000693102116183955f,-0.16724776056895382f,0.07374070040875001f,0.9917636195278097f,-0.10472455339759132f,0.8842185554198756f,-0.0076956588648171495f,-0.10444143680966263f,-0.9945012635043605f,0.1115723416399699f,0f,0f,0f,1f],start_interpolation:0}
execute if entity @s[tag=aj.spawner.bone.t15] run data modify entity @s {} merge value {transformation:[-0.9976809307831925f,0.06805826826043428f,-0.000912399569013133f,-0.15577499730151956f,0.06780090273929623f,0.992551205895774f,-0.10121828521853848f,0.9071442288490894f,-0.005983137915781672f,-0.10104541452354816f,-0.9948638229750064f,0.09947610763276281f,0f,0f,0f,1f],start_interpolation:0}
execute if entity @s[tag=aj.spawner.bone.t21] run data modify entity @s {} merge value {transformation:[-0.9933676969413769f,-0.1147461424861811f,0.010637275191743551f,0.13613822777632523f,-0.11495111463346677f,0.9889697676768636f,-0.11455720284050677f,0.717489876360162f,0.0026191444993448414f,-0.11527968816694042f,-0.9933597010418f,0.14657535430847352f,0f,0f,0f,1f],start_interpolation:0}
execute if entity @s[tag=aj.spawner.bone.t22] run data modify entity @s {} merge value {transformation:[-0.9901840138505829f,-0.13856139893124325f,0.018340050189836813f,0.12427124964309563f,-0.1397648507259191f,0.9804745050910202f,-0.13833123786072404f,0.7838188703312525f,0.0011854182006477637f,-0.13953667472293985f,-0.9902161941671899f,0.13464404149289658f,0f,0f,0f,1f],start_interpolation:0}
execute if entity @s[tag=aj.spawner.bone.t23] run data modify entity @s {} merge value {transformation:[-0.9940637529410443f,-0.10835968600398573f,0.009769009053329877f,0.10535583610402274f,-0.1087789696103841f,0.9881355512914666f,-0.10842171389722799f,0.8434163032673127f,0.0020954377274341545f,-0.10884075855591438f,-0.9940569895220814f,0.124572591102035f,0f,0f,0f,1f],start_interpolation:0}
execute if entity @s[tag=aj.spawner.bone.t24] run data modify entity @s {} merge value {transformation:[-0.9940637529410443f,-0.10835968600398573f,0.009769009053329877f,0.09267776903648844f,-0.1087789696103841f,0.9881355512914666f,-0.10842171389722799f,0.8821811492380113f,0.0020954377274341545f,-0.10884075855591438f,-0.9940569895220814f,0.11181621201943173f,0f,0f,0f,1f],start_interpolation:0}
execute if entity @s[tag=aj.spawner.bone.t25] run data modify entity @s {} merge value {transformation:[-0.9940584663027447f,-0.10835871873672467f,0.010303089127555332f,0.0822791292461213f,-0.10883633724604125f,0.9881421532132464f,-0.1083039091536169f,0.9045450938622668f,0.0015547561548140392f,-0.10878176831079886f,-0.9940644393682307f,0.09955846973778679f,0f,0f,0f,1f],start_interpolation:0}
execute if entity @s[tag=aj.spawner.bone.t31] run data modify entity @s {} merge value {transformation:[-0.9933676969413769f,0.1147461424861811f,0.010637275191743551f,-0.19613389562873765f,0.11495111463346677f,0.9889697676768636f,0.11455720284050677f,0.7173842580723213f,0.0026191444993448414f,0.11527968816694042f,-0.9933597010418f,-0.21032309739675975f,0f,0f,0f,1f],start_interpolation:0}
execute if entity @s[tag=aj.spawner.bone.t32] run data modify entity @s {} merge value {transformation:[-0.9896725090389269f,0.14244223665741612f,0.01607899463983574f,-0.1842631022116318f,0.14327478658132764f,0.9793756357784649f,0.1424629761503057f,0.7837584841639136f,0.004545369365654018f,0.14329540557729065f,-0.989669523809726f,-0.19838795574896118f,0f,0f,0f,1f],start_interpolation:0}
execute if entity @s[tag=aj.spawner.bone.t33] run data modify entity @s {} merge value {transformation:[-0.9947311045147148f,0.10210127358191988f,0.009239028297697587f,-0.17460135884545672f,0.1025103668039014f,0.9894747329785856f,0.10213411523426612f,0.8436714769737151f,0.0012862381837352218f,0.1025430774353233f,-0.9947277330312191f,-0.1790295839625778f,0f,0f,0f,1f],start_interpolation:0}
execute if entity @s[tag=aj.spawner.bone.t34] run data modify entity @s {} merge value {transformation:[-0.9953321601180574f,0.09601367427680027f,0.00976039889504492f,-0.16957668654901542f,0.09650737580929969f,0.9907059028936105f,0.09585478801895372f,0.8825853110912312f,-0.0004663144051937152f,0.09634930370077646f,-0.9953474741150705f,-0.1593230058471729f,0f,0f,0f,1f],start_interpolation:0}
execute if entity @s[tag=aj.spawner.bone.t35] run data modify entity @s {} merge value {transformation:[-0.9958883578423982f,0.08997546692531375f,0.01052587599887186f,-0.15013729185517474f,0.09056401348727347f,0.9916016639958224f,0.0923271326414555f,0.9054222270783978f,-0.00213029928620469f,0.09290078208652361f,-0.9956730921907367f,-0.1556996905616683f,0f,0f,0f,1f],start_interpolation:0}
execute if entity @s[tag=aj.spawner.bone.t41] run data modify entity @s {} merge value {transformation:[-0.9964614941176192f,-0.08375311165236818f,-0.007064490740881935f,0.14472203876562273f,-0.08405052492924751f,0.9929355092591179f,0.08375311165236816f,0.7186845034051702f,-1.2203133792447315e-16f,0.0840505249292475f,-0.9964614941176192f,-0.2146347096309224f,0f,0f,0f,1f],start_interpolation:0}
execute if entity @s[tag=aj.spawner.bone.t42] run data modify entity @s {} merge value {transformation:[-0.9964614941176192f,-0.08375311165236818f,-0.007064490740881935f,0.13278028106841783f,-0.08405052492924751f,0.9929355092591179f,0.08375311165236816f,0.7859000469380987f,-1.2203133792447315e-16f,0.0840505249292475f,-0.9964614941176192f,-0.2026283517038016f,0f,0f,0f,1f],start_interpolation:0}
execute if entity @s[tag=aj.spawner.bone.t43] run data modify entity @s {} merge value {transformation:[-0.9964614941176192f,-0.08375311165236818f,-0.007064490740881935f,0.11827011468348791f,-0.08405052492924751f,0.9929355092591179f,0.08375311165236816f,0.8463853571738408f,-1.2203133792447315e-16f,0.0840505249292475f,-0.9964614941176192f,-0.18803336738837093f,0f,0f,0f,1f],start_interpolation:0}
execute if entity @s[tag=aj.spawner.bone.t44] run data modify entity @s {} merge value {transformation:[-0.9964614941176192f,-0.08375311165236818f,-0.007064490740881935f,0.3663239068116242f,-0.08405052492924751f,0.9929355092591179f,0.08375311165236816f,0.15866536628448613f,-1.2203133792447315e-16f,0.0840505249292475f,-0.9964614941176192f,0.2642169470659041f,0f,0f,0f,1f],start_interpolation:0}
execute if entity @s[tag=aj.spawner.bone.t45] run data modify entity @s {} merge value {transformation:[-0.9964614941176192f,-0.08375311165236818f,-0.007064490740881935f,0.09422262291798744f,-0.08405052492924751f,0.9929355092591179f,0.08375311165236816f,0.9084004317830646f,-1.2203133792447315e-16f,0.0840505249292475f,-0.9964614941176192f,-0.16383389867518394f,0f,0f,0f,1f],start_interpolation:0}
execute if entity @s[tag=aj.spawner.bone.v51] run data modify entity @s {} merge value {transformation:[-1f,0f,1.3995963418826896e-16f,-0.17228970872519955f,0f,1f,0f,0.40503218852138173f,-1.2246467991473532e-16f,0f,-1.142857142857143f,-0.031250000000000056f,0f,0f,0f,1f],start_interpolation:0}
execute if entity @s[tag=aj.spawner.bone.v52] run data modify entity @s {} merge value {transformation:[-1f,0f,1.3995963418826896e-16f,0.11071628623193841f,0f,1f,0f,0.4050321885213818f,-1.2246467991473532e-16f,0f,-1.142857142857143f,-0.03125f,0f,0f,0f,1f],start_interpolation:0}
execute if entity @s[tag=aj.spawner.bone.v61] run data modify entity @s {} merge value {transformation:[-1f,0f,1.2946266162414877e-16f,-0.09963345872519982f,0f,1f,0f,0.38940718852138173f,-1.2246467991473532e-16f,0f,-1.0571428571428572f,-0.03125f,0f,0f,0f,1f],start_interpolation:0}
execute if entity @s[tag=aj.spawner.bone.v62] run data modify entity @s {} merge value {transformation:[-1f,0f,1.2946266162414877e-16f,0.03806003325170601f,0f,1f,0f,0.38940718852138173f,-1.2246467991473532e-16f,0f,-1.0571428571428572f,-0.03125f,0f,0f,0f,1f],start_interpolation:0}
execute if entity @s[tag=aj.spawner.bone.heart] run data modify entity @s {} merge value {transformation:[-1.192857142857143f,0f,1.2246467991473532e-16f,-0.03125f,0f,1f,0f,0.37499999999999994f,-1.4608286818400574e-16f,0f,-1f,-0.017116477272727693f,0f,0f,0f,1f],start_interpolation:0}