execute if entity @s[tag=aj.spawner.bone.bones_right] run data modify entity @s {} merge value {transformation:[-1f,4.04475196048786e-17f,1.1559236992306862e-16f,-0.03125f,0f,0.9438833303083675f,-0.33027906195516726f,0.7234554438330827f,-1.2246467991473532e-16f,-0.33027906195516726f,-0.9438833303083675f,-0.12589418588025847f,0f,0f,0f,1f],start_interpolation:0}
execute if entity @s[tag=aj.spawner.bone.bones_left] run data modify entity @s {} merge value {transformation:[-1f,-4.04475196048786e-17f,1.1559236992306862e-16f,-0.031250000000000056f,0f,0.9438833303083675f,0.33027906195516726f,0.7234554438330827f,-1.2246467991473532e-16f,0.33027906195516726f,-0.9438833303083675f,0.06339418588025847f,0f,0f,0f,1f],start_interpolation:0}
execute if entity @s[tag=aj.spawner.bone.t11] run data modify entity @s {} merge value {transformation:[-0.9986129733873224f,0.05262637600400456f,0.002794547367324492f,-0.19806246273101774f,0.052182567535253105f,0.9963360519660128f,-0.08037952155210368f,0.718239880361192f,-0.0070077833841813136f,-0.08019775578436851f,-0.9967604140514743f,0.1474125125054524f,0f,0f,0f,1f],start_interpolation:0}
execute if entity @s[tag=aj.spawner.bone.t12] run data modify entity @s {} merge value {transformation:[-0.9941396888924574f,0.10809037040853123f,0.0016585517038731007f,-0.18208924713624502f,0.10686692055654924f,0.9849694572409522f,-0.13570051434399238f,0.7829653867902346f,-0.01630154163164029f,-0.13472802279930632f,-0.9907485148174694f,0.12974770306126143f,0f,0f,0f,1f],start_interpolation:0}
execute if entity @s[tag=aj.spawner.bone.t13] run data modify entity @s {} merge value {transformation:[-0.9733584588683357f,0.2274891216911002f,-0.028670717843647688f,-0.16128528210664606f,0.22722949648747867f,0.9403253954567385f,-0.2532881887991927f,0.8355104545892f,-0.030660503510301328f,-0.2530550338786809f,-0.9669659163347767f,0.1123751085178753f,0f,0f,0f,1f],start_interpolation:0}
execute if entity @s[tag=aj.spawner.bone.t14] run data modify entity @s {} merge value {transformation:[-0.906691583183313f,0.4069648620138973f,-0.11086015546871157f,-0.15783532785627039f,0.4127970946523895f,0.8021577278090535f,-0.4314412339621269f,0.8723847274666697f,-0.08665409183116245f,-0.43694688556187933f,-0.8953035728548671f,0.10317415689197565f,0f,0f,0f,1f],start_interpolation:0}
execute if entity @s[tag=aj.spawner.bone.t15] run data modify entity @s {} merge value {transformation:[-0.8022278234654587f,0.5618717978090746f,-0.20181824021795192f,-0.1386224790964367f,0.5765507574496991f,0.6413630971756512f,-0.5062041106761526f,0.8795192369081716f,-0.15498304211122838f,-0.5224494812018236f,-0.8384669321147343f,0.08391322280835722f,0f,0f,0f,1f],start_interpolation:0}
execute if entity @s[tag=aj.spawner.bone.t21] run data modify entity @s {} merge value {transformation:[-0.9973569167005722f,-0.07253220946733095f,0.005279180709527866f,0.13645920980764994f,-0.07265797072261061f,0.9956306249178721f,-0.07246592965362338f,0.7181110410958692f,-1.2257467643347712e-16f,-0.0727244261836374f,-0.9973569167005722f,0.14694402718235308f,0f,0f,0f,1f],start_interpolation:0}
execute if entity @s[tag=aj.spawner.bone.t22] run data modify entity @s {} merge value {transformation:[-0.9926641469237375f,-0.11993547141637857f,0.015276586932283143f,0.12540250019966795f,-0.12090243950113243f,0.9854244736440337f,-0.11967124494235945f,0.7838641271779136f,-0.000701095459675644f,-0.12064033089937304f,-0.9926960355645862f,0.1358414532760773f,0f,0f,0f,1f],start_interpolation:0}
execute if entity @s[tag=aj.spawner.bone.t23] run data modify entity @s {} merge value {transformation:[-0.9725931637057543f,-0.22699220091067646f,0.050369421661943664f,0.11344374567799793f,-0.23248580934371382f,0.9460400330918803f,-0.22574012545693425f,0.837422356411345f,0.003589758575437682f,-0.23126347855474536f,-0.972884534320558f,0.1198012068418536f,0f,0f,0f,1f],start_interpolation:0}
execute if entity @s[tag=aj.spawner.bone.t24] run data modify entity @s {} merge value {transformation:[-0.9138171685025115f,-0.3641885661432655f,0.17973555808622002f,0.10026569364036732f,-0.4056312494926002f,0.8402912693643265f,-0.3596857963072226f,0.8708520766461467f,-0.020036765834949385f,-0.4015934149368005f,-0.9155988516235012f,0.10521700307488865f,0f,0f,0f,1f],start_interpolation:0}
execute if entity @s[tag=aj.spawner.bone.t25] run data modify entity @s {} merge value {transformation:[-0.8241644546567615f,-0.4698973437907742f,0.31614781033354916f,0.09312360729005961f,-0.5634201300998654f,0.7369783487197602f,-0.37339077454664904f,0.8828701554951393f,-0.05753875805553673f,-0.4858594445070207f,-0.8721409814386408f,0.08640152371755655f,0f,0f,0f,1f],start_interpolation:0}
execute if entity @s[tag=aj.spawner.bone.t31] run data modify entity @s {} merge value {transformation:[-0.9973569167005722f,0.07253220946733095f,0.005279180709527866f,-0.19645487072911125f,0.07265797072261061f,0.9956306249178721f,0.07246592965362338f,0.7180198202115389f,-1.2257467643347712e-16f,0.0727244261836374f,-0.9973569167005722f,-0.21069289149543882f,0f,0f,0f,1f],start_interpolation:0}
execute if entity @s[tag=aj.spawner.bone.t32] run data modify entity @s {} merge value {transformation:[-0.9921460725853718f,0.1239595211622195f,0.016739407595717928f,-0.1854167994775217f,0.12507934399672746f,0.9844130848374446f,0.12363671018825512f,0.7835170624614611f,-0.0011525444766438257f,0.12475943056161937f,-0.9921863515122398f,-0.19960900533883447f,0f,0f,0f,1f],start_interpolation:0}
execute if entity @s[tag=aj.spawner.bone.t33] run data modify entity @s {} merge value {transformation:[-0.9694041344411986f,0.24229259147741825f,0.03936907724937974f,-0.17025397050959656f,0.2445088872881208f,0.9389277270103044f,0.24213658849580855f,0.8368558158771773f,0.021703183301897463f,0.24435429925912988f,-0.9694431124455647f,-0.18962420548052877f,0f,0f,0f,1f],start_interpolation:0}
execute if entity @s[tag=aj.spawner.bone.t34] run data modify entity @s {} merge value {transformation:[-0.8998588946619641f,0.4181239922538799f,0.12420264409192504f,-0.16127109350573646f,0.4294868687769652f,0.7996712792590832f,0.4196032348258284f,0.8728803193254622f,0.07612489241966734f,0.43092710779181526f,-0.8991700776406404f,-0.1736521591165678f,0f,0f,0f,1f],start_interpolation:0}
execute if entity @s[tag=aj.spawner.bone.t35] run data modify entity @s {} merge value {transformation:[-0.792985582813029f,0.5696318051924436f,0.21608672324758546f,-0.13450764291196457f,0.5921308556869522f,0.637143440508895f,0.49338553481017877f,0.8803228243244754f,0.14336985455150142f,0.51919923221215f,-0.8425421307425494f,-0.16781507275191798f,0f,0f,0f,1f],start_interpolation:0}
execute if entity @s[tag=aj.spawner.bone.t41] run data modify entity @s {} merge value {transformation:[-0.9973569167005722f,-0.07246592965362339f,-0.005279180709527621f,0.14288396137907083f,-0.07265797072261061f,0.9947208192904723f,0.07246592965362338f,0.718905817263791f,-1.2170731469548872e-16f,0.0726579707226106f,-0.9973569167005722f,-0.21391710566580693f,0f,0f,0f,1f],start_interpolation:0}
execute if entity @s[tag=aj.spawner.bone.t42] run data modify entity @s {} merge value {transformation:[-0.9973569167005722f,-0.07246592965362339f,-0.005279180709527621f,0.1317014428654402f,-0.07265797072261061f,0.9947208192904723f,0.07246592965362338f,0.7863858492126587f,-1.2170731469548872e-16f,0.0726579707226106f,-0.9973569167005722f,-0.20268838944924894f,0f,0f,0f,1f],start_interpolation:0}
execute if entity @s[tag=aj.spawner.bone.t43] run data modify entity @s {} merge value {transformation:[-0.9973569167005722f,-0.07246592965362339f,-0.005279180709527621f,0.11787159348717272f,-0.07265797072261061f,0.9947208192904723f,0.07246592965362338f,0.8471953638522859f,-1.2170731469548872e-16f,0.0726579707226106f,-0.9973569167005722f,-0.18879704518501791f,0f,0f,0f,1f],start_interpolation:0}
execute if entity @s[tag=aj.spawner.bone.t44] run data modify entity @s {} merge value {transformation:[-0.9973569167005722f,-0.07246592965362339f,-0.005279180709527621f,0.35767141374592526f,-0.07265797072261061f,0.9947208192904723f,0.07246592965362338f,0.16188606087488733f,-1.2170731469548872e-16f,0.0726579707226106f,-0.9973569167005722f,0.27149310465364135f,0f,0f,0f,1f],start_interpolation:0}
execute if entity @s[tag=aj.spawner.bone.t45] run data modify entity @s {} merge value {transformation:[-0.9973569167005722f,-0.07246592965362339f,-0.005279180709527621f,0.0945145593038216f,-0.07265797072261061f,0.9947208192904723f,0.07246592965362338f,0.9097528444861682f,-1.2170731469548872e-16f,0.0726579707226106f,-0.9973569167005722f,-0.16532842366821107f,0f,0f,0f,1f],start_interpolation:0}
execute if entity @s[tag=aj.spawner.bone.v61] run data modify entity @s {} merge value {transformation:[-1f,0f,1.2596367076944204e-16f,-0.09963345872519982f,0f,1f,0f,0.38940718852138173f,-1.2246467991473532e-16f,0f,-1.0285714285714285f,-0.03125f,0f,0f,0f,1f],start_interpolation:0}
execute if entity @s[tag=aj.spawner.bone.v62] run data modify entity @s {} merge value {transformation:[-1f,0f,1.2596367076944204e-16f,0.03806003325170601f,0f,1f,0f,0.38940718852138173f,-1.2246467991473532e-16f,0f,-1.0285714285714285f,-0.03125f,0f,0f,0f,1f],start_interpolation:0}
execute if entity @s[tag=aj.spawner.bone.heart] run data modify entity @s {} merge value {transformation:[-1.166666666666667f,0f,1.2246467991473532e-16f,-0.03125f,0f,1f,0f,0.37499999999999994f,-1.4287545990052459e-16f,0f,-1f,-0.017116477272727693f,0f,0f,0f,1f],start_interpolation:0}