execute if entity @s[tag=aj.spawner.bone.bones_right] run data modify entity @s {} merge value {transformation:[-1f,2.389167384016779e-17f,1.2011155542966555e-16f,-0.03125f,0f,0.9807852804032304f,-0.19509032201612828f,0.7162009795473684f,-1.2246467991473532e-16f,-0.19509032201612828f,-0.9807852804032304f,-0.12533615016597277f,0f,0f,0f,1f],start_interpolation:0}
execute if entity @s[tag=aj.spawner.bone.bones_left] run data modify entity @s {} merge value {transformation:[-1f,-2.389167384016779e-17f,1.2011155542966555e-16f,-0.031250000000000056f,0f,0.9807852804032304f,0.19509032201612828f,0.7162009795473684f,-1.2246467991473532e-16f,0.19509032201612828f,-0.9807852804032304f,0.06283615016597277f,0f,0f,0f,1f],start_interpolation:0}
execute if entity @s[tag=aj.spawner.bone.t11] run data modify entity @s {} merge value {transformation:[-0.9974248577897528f,0.07179893619245276f,0.001613281829246767f,-0.19746401060226507f,0.07109855884762664f,0.9928479825528574f,-0.10900450453572252f,0.7169067260154827f,-0.009415306308463134f,-0.10875726963981514f,-0.9940399465376938f,0.14656315105469336f,0f,0f,0f,1f],start_interpolation:0}
execute if entity @s[tag=aj.spawner.bone.t12] run data modify entity @s {} merge value {transformation:[-0.9892769914585305f,0.1460258963000917f,-0.0027334557822323103f,-0.18028932239228954f,0.14405666939430345f,0.972511588182244f,-0.18294503779624577f,0.7800940830916805f,-0.024056395693846256f,-0.18137708912926218f,-0.9831193423817969f,0.12713247806120317f,0f,0f,0f,1f],start_interpolation:0}
execute if entity @s[tag=aj.spawner.bone.t13] run data modify entity @s {} merge value {transformation:[-0.975453312525777f,0.21870091209824222f,-0.025704982588707508f,-0.15856817796464734f,0.21796749221867842f,0.9423316710555515f,-0.25397085277951137f,0.833310908916784f,-0.031321037951976945f,-0.25333956022115617f,-0.9668702393850801f,0.10891924583118665f,0f,0f,0f,1f],start_interpolation:0}
execute if entity @s[tag=aj.spawner.bone.t14] run data modify entity @s {} merge value {transformation:[-0.9420581283700034f,0.32998225438645906f,-0.060317448238769f,-0.15614099732007383f,0.32852583294316984f,0.8712317142516334f,-0.3647274011795067f,0.8713143951905788f,-0.06780309624938125f,-0.3634102528440696f,-0.9291586130832598f,0.09972237865777028f,0f,0f,0f,1f],start_interpolation:0}
execute if entity @s[tag=aj.spawner.bone.t15] run data modify entity @s {} merge value {transformation:[-0.8948933032707406f,0.4370440823562927f,-0.09032411548710895f,-0.13867680107785707f,0.4317661343790682f,0.7966746886414088f,-0.4229508785680327f,0.882580632590088f,-0.11288924202305047f,-0.41749480302808617f,-0.9016396777427226f,0.08196578425282125f,0f,0f,0f,1f],start_interpolation:0}
execute if entity @s[tag=aj.spawner.bone.t21] run data modify entity @s {} merge value {transformation:[-0.9953027957931658f,-0.0964736377499888f,0.009372344686307786f,0.1357916568433899f,-0.09681087070317912f,0.9918357378201724f,-0.09635613027404485f,0.7167845473574256f,-1.2275680004303964e-16f,-0.09692893274062203f,-0.9953027957931658f,0.14616641032651345f,0f,0f,0f,1f],start_interpolation:0}
execute if entity @s[tag=aj.spawner.bone.t22] run data modify entity @s {} merge value {transformation:[-0.9869705657366964f,-0.1589144983884617f,0.025204852138614134f,0.12322815416548803f,-0.16089967666886f,0.9741654326362329f,-0.15847082982213997f,0.7813897853316485f,0.0006296167422433349f,-0.16046149712191066f,-0.9870418995788137f,0.1335141197297014f,0f,0f,0f,1f],start_interpolation:0}
execute if entity @s[tag=aj.spawner.bone.t23] run data modify entity @s {} merge value {transformation:[-0.9741971096671233f,-0.22152247955408025f,0.043217850113524414f,0.1092847583119286f,-0.22556070855663574f,0.9488851390877817f,-0.22076992452277017f,0.8359719912091234f,0.007896725375204685f,-0.22482167126541275f,-0.9743679273548443f,0.11710955167139472f,0f,0f,0f,1f],start_interpolation:0}
execute if entity @s[tag=aj.spawner.bone.t24] run data modify entity @s {} merge value {transformation:[-0.9445100412016699f,-0.3095665085572188f,0.10986063375437674f,0.09566536942688414f,-0.3284668293478297f,0.8933482585668994f,-0.30665686187279784f,0.8710833977029349f,-0.0032131117944530496f,-0.32572605928169435f,-0.9454587300445295f,0.10259301969103785f,0f,0f,0f,1f],start_interpolation:0}
execute if entity @s[tag=aj.spawner.bone.t25] run data modify entity @s {} merge value {transformation:[-0.9038622970864685f,-0.387802078805439f,0.18067234315122133f,0.08793504884981525f,-0.427204010824106f,0.840840689643226f,-0.33239083587864027f,0.8859991780512121f,-0.02301480048511633f,-0.37761949408695017f,-0.9256748006963063f,0.08537747666655873f,0f,0f,0f,1f],start_interpolation:0}
execute if entity @s[tag=aj.spawner.bone.t31] run data modify entity @s {} merge value {transformation:[-0.9953027957931658f,0.0964736377499888f,0.009372344686307786f,-0.19578733664492665f,0.09681087070317912f,0.9918357378201724f,0.09635613027404485f,0.7166627538965294f,-1.2275680004303964e-16f,0.09692893274062203f,-0.9953027957931658f,-0.20991270252298472f,0f,0f,0f,1f],start_interpolation:0}
execute if entity @s[tag=aj.spawner.bone.t32] run data modify entity @s {} merge value {transformation:[-0.9857920937194328f,0.16564744352034574f,0.027836530233321423f,-0.183259172625533f,0.16796982404100627f,0.9718697648547128f,0.16509178772088778f,0.7809046786874573f,0.00029355048993947707f,0.16742187615846127f,-0.9858853022596953f,-0.19729591736095844f,0f,0f,0f,1f],start_interpolation:0}
execute if entity @s[tag=aj.spawner.bone.t33] run data modify entity @s {} merge value {transformation:[-0.9704781951104854f,0.2379389822370461f,0.03946027809194262f,-0.16690615617314192f,0.24039957032199152f,0.9410430686409165f,0.23800417969415863f,0.8350416439543594f,0.01949665109952553f,0.240464100636428f,-0.970462207868507f,-0.18503268235715764f,0f,0f,0f,1f],start_interpolation:0}
execute if entity @s[tag=aj.spawner.bone.t34] run data modify entity @s {} merge value {transformation:[-0.934884075052301f,0.3466631271845639f,0.07626560472600252f,-0.15880853777086845f,0.3507389461018676f,0.869198537001636f,0.3485342091697269f,0.871711465972351f,0.054534006830189954f,0.352588399589145f,-0.9341881301826791f,-0.16684471950672536f,0f,0f,0f,1f],start_interpolation:0}
execute if entity @s[tag=aj.spawner.bone.t35] run data modify entity @s {} merge value {transformation:[-0.8857616428451776f,0.45155356700000765f,0.10735775795806209f,-0.13364319008622572f,0.45358827665376983f,0.7931082716011226f,0.40649347448654444f,0.8834737503761334f,0.09840725250953539f,0.40875254818465573f,-0.9073242898799058f,-0.1629583247524754f,0f,0f,0f,1f],start_interpolation:0}
execute if entity @s[tag=aj.spawner.bone.t41] run data modify entity @s {} merge value {transformation:[-0.9953027957931658f,-0.09635613027404487f,-0.009372344686307543f,0.14431971951588704f,-0.09681087070317912f,0.9906276553136923f,0.09635613027404485f,0.7181551066094289f,-1.2102207656706283e-16f,0.0968108707031791f,-0.9953027957931658f,-0.21420280078071374f,0f,0f,0f,1f],start_interpolation:0}
execute if entity @s[tag=aj.spawner.bone.t42] run data modify entity @s {} merge value {transformation:[-0.9953027957931658f,-0.09635613027404487f,-0.009372344686307543f,0.13153317024012862f,-0.09681087070317912f,0.9906276553136923f,0.09635613027404485f,0.7850534641561369f,-1.2102207656706283e-16f,0.0968108707031791f,-0.9953027957931658f,-0.201326410946163f,0f,0f,0f,1f],start_interpolation:0}
execute if entity @s[tag=aj.spawner.bone.t43] run data modify entity @s {} merge value {transformation:[-0.9953027957931658f,-0.09635613027404487f,-0.009372344686307543f,0.11626781411887402f,-0.09681087070317912f,0.9906276553136923f,0.09635613027404485f,0.845156751979081f,-1.2102207656706283e-16f,0.0968108707031791f,-0.9953027957931658f,-0.18594476781665334f,0f,0f,0f,1f],start_interpolation:0}
execute if entity @s[tag=aj.spawner.bone.t44] run data modify entity @s {} merge value {transformation:[-0.9953027957931658f,-0.09635613027404487f,-0.009372344686307543f,0.3736680725614838f,-0.09681087070317912f,0.9906276553136923f,0.09635613027404485f,0.15496183591721813f,-1.2102207656706283e-16f,0.0968108707031791f,-0.9953027957931658f,0.2572210040769226f,0f,0f,0f,1f],start_interpolation:0}
execute if entity @s[tag=aj.spawner.bone.t45] run data modify entity @s {} merge value {transformation:[-0.9953027957931658f,-0.09635613027404487f,-0.009372344686307543f,0.09145824711138627f,-0.09681087070317912f,0.9906276553136923f,0.09635613027404485f,0.9065448105907187f,-1.2102207656706283e-16f,0.0968108707031791f,-0.9953027957931658f,-0.16092962700563557f,0f,0f,0f,1f],start_interpolation:0}
execute if entity @s[tag=aj.spawner.bone.v61] run data modify entity @s {} merge value {transformation:[-1f,0f,1.3471114790620887e-16f,-0.09963345872519982f,0f,1f,0f,0.38940718852138173f,-1.2246467991473532e-16f,0f,-1.1f,-0.03125f,0f,0f,0f,1f],start_interpolation:0}
execute if entity @s[tag=aj.spawner.bone.v62] run data modify entity @s {} merge value {transformation:[-1f,0f,1.3471114790620887e-16f,0.03806003325170601f,0f,1f,0f,0.38940718852138173f,-1.2246467991473532e-16f,0f,-1.1f,-0.03125f,0f,0f,0f,1f],start_interpolation:0}
execute if entity @s[tag=aj.spawner.bone.heart] run data modify entity @s {} merge value {transformation:[-1.2222222222222225f,0f,1.2246467991473532e-16f,-0.03125f,0f,1f,0f,0.37499999999999994f,-1.4967905322912098e-16f,0f,-1f,-0.017116477272727693f,0f,0f,0f,1f],start_interpolation:0}