execute if entity @s[tag=aj.spawner.bone.bones_right] run data modify entity @s {} merge value {transformation:[-1f,2.389167384016779e-17f,1.2011155542966555e-16f,-0.03125f,0f,0.9807852804032304f,-0.19509032201612828f,0.7162009795473684f,-1.2246467991473532e-16f,-0.19509032201612828f,-0.9807852804032304f,-0.12533615016597277f,0f,0f,0f,1f],start_interpolation:0}
execute if entity @s[tag=aj.spawner.bone.bones_left] run data modify entity @s {} merge value {transformation:[-1f,-2.389167384016779e-17f,1.2011155542966555e-16f,-0.031250000000000056f,0f,0.9807852804032304f,0.19509032201612828f,0.7162009795473684f,-1.2246467991473532e-16f,0.19509032201612828f,-0.9807852804032304f,0.06283615016597277f,0f,0f,0f,1f],start_interpolation:0}
execute if entity @s[tag=aj.spawner.bone.t11] run data modify entity @s {} merge value {transformation:[-0.9999459112906528f,0.010274792946901605f,0.0016260433986969765f,-0.19946570367193306f,0.010242633925814724f,0.9999865890763042f,-0.01758578316539403f,0.7209581304384531f,-0.0018063619149004501f,-0.017571580599529478f,-0.9998440359442693f,0.14930576244380944f,0f,0f,0f,1f],start_interpolation:0}
execute if entity @s[tag=aj.spawner.bone.t12] run data modify entity @s {} merge value {transformation:[-0.999515398479803f,0.031011322696120565f,0.0026955642076367517f,-0.18621362755278975f,0.030885462355505f,0.9987885843764553f,-0.038307335255313615f,0.7884979017676288f,-0.0038802598942723598f,-0.03820551771555239f,-0.9992623689498367f,0.13560282976942772f,0f,0f,0f,1f],start_interpolation:0}
execute if entity @s[tag=aj.spawner.bone.t13] run data modify entity @s {} merge value {transformation:[-0.9942590406745447f,0.10695791261580279f,-0.0029941552738840726f,-0.17172867547068696f,0.1066006003961303f,0.987746628363625f,-0.1139864472271822f,0.8464621875718129f,-0.00923428568533461f,-0.11365123441987308f,-0.9934777928482954f,0.12610353952183376f,0f,0f,0f,1f],start_interpolation:0}
execute if entity @s[tag=aj.spawner.bone.t14] run data modify entity @s {} merge value {transformation:[-0.9741484116741426f,0.2252025326666928f,-0.017851927438026226f,-0.17164680839748267f,0.22307801596168797f,0.9464616776846596f,-0.23333771977315668f,0.8852168372623334f,-0.03565208026668683f,-0.23128794165465366f,-0.9722318742037885f,0.12037562840199834f,0f,0f,0f,1f],start_interpolation:0}
execute if entity @s[tag=aj.spawner.bone.t15] run data modify entity @s {} merge value {transformation:[-0.9397136540271309f,0.34011166286757777f,-0.03552893491829911f,-0.15693495422274206f,0.33469067586351536f,0.8934414450313312f,-0.2995739237489641f,0.901094205092948f,-0.0701455624041959f,-0.29340490977790057f,-0.9534113272838859f,0.10559654787896583f,0f,0f,0f,1f],start_interpolation:0}
execute if entity @s[tag=aj.spawner.bone.t21] run data modify entity @s {} merge value {transformation:[-0.9994241967185149f,-0.03392538066361159f,0.001151275013551286f,0.13762966325203366f,-0.03393044375706224f,0.99927506285687f,-0.03391090649620468f,0.720160646805367f,-1.223941643501744e-16f,-0.033944926263543916f,-0.9994241967185149f,0.14822230962429053f,0f,0f,0f,1f],start_interpolation:0}
execute if entity @s[tag=aj.spawner.bone.t22] run data modify entity @s {} merge value {transformation:[-0.9984018871834444f,-0.056341933718708014f,0.004388413537191216f,0.12908655678382297f,-0.056499762200077436f,0.9968151375228136f,-0.056279289944961404f,0.7875982357698769f,-0.001203553019767273f,-0.05643729361168061f,-0.9984054203328013f,0.13967068032936047f,0f,0f,0f,1f],start_interpolation:0}
execute if entity @s[tag=aj.spawner.bone.t23] run data modify entity @s {} merge value {transformation:[-0.992671271175627f,-0.11973806264932116f,0.016326167203352036f,0.11539560041869996f,-0.1208327028697778f,0.9854641157885456f,-0.11941496727916516f,0.845490878777601f,-0.0017903350939279502f,-0.12051254227708974f,-0.9927101902640891f,0.12987358506993316f,0f,0f,0f,1f],start_interpolation:0}
execute if entity @s[tag=aj.spawner.bone.t24] run data modify entity @s {} merge value {transformation:[-0.9740703217032791f,-0.21537775735919829f,0.06927791864506722f,0.10398613149763064f,-0.22540488634408623f,0.9502065572462761f,-0.2151746634211118f,0.8822321993553826f,-0.01948449612075754f,-0.22521083499934344f,-0.9741152058200399f,0.11766999127743465f,0f,0f,0f,1f],start_interpolation:0}
execute if entity @s[tag=aj.spawner.bone.t25] run data modify entity @s {} merge value {transformation:[-0.9441669541155114f,-0.3017060998247555f,0.13237141717445033f,0.09555849026884145f,-0.32642200444750524f,0.9111196623143242f,-0.25161406152420174f,0.9002186592344236f,-0.04469270375252071f,-0.28077462540757947f,-0.9587325862609046f,0.1029793926906356f,0f,0f,0f,1f],start_interpolation:0}
execute if entity @s[tag=aj.spawner.bone.t31] run data modify entity @s {} merge value {transformation:[-0.9994241967185149f,0.03392538066361159f,0.001151275013551286f,-0.1976253158411041f,0.03393044375706224f,0.99927506285687f,0.03391090649620468f,0.720118135524788f,-1.223941643501744e-16f,0.033944926263543916f,-0.9994241967185149f,-0.2119737625314857f,0f,0f,0f,1f],start_interpolation:0}
execute if entity @s[tag=aj.spawner.bone.t32] run data modify entity @s {} merge value {transformation:[-0.9984018949980022f,0.05634179487517208f,0.004388418239212114f,-0.1890822093728935f,0.05649962400953246f,0.9968151375359755f,0.05627942844339935f,0.7875557244892978f,-0.0012035577176356753f,0.05643743198780643f,-0.9984054125050815f,-0.2034221332365556f,0f,0f,0f,1f],start_interpolation:0}
execute if entity @s[tag=aj.spawner.bone.t33] run data modify entity @s {} merge value {transformation:[-0.9926822039634325f,0.12055634476660027f,0.006943318429884932f,-0.18007965166430598f,0.12051089194346554f,0.9853646820055137f,0.12055525031769973f,0.8455014448693328f,0.007691999563997817f,0.12050979708177038f,-0.9926823368782272f,-0.19050183736238316f,0f,0f,0f,1f],start_interpolation:0}
execute if entity @s[tag=aj.spawner.bone.t34] run data modify entity @s {} merge value {transformation:[-0.9741302501071604f,0.22513872246368055f,0.01956556857295115f,-0.1745577693138363f,0.22364151423112935f,0.9479566866332193f,0.22663316919589657f,0.883877799592506f,0.03247659062414951f,0.22514589917382494f,-0.9737836490446126f,-0.1744963001831713f,0f,0f,0f,1f],start_interpolation:0}
execute if entity @s[tag=aj.spawner.bone.t35] run data modify entity @s {} merge value {transformation:[-0.944292635544305f,0.3275192118415118f,0.03228907449130673f,-0.15242734450874934f,0.3227159690285604f,0.9022466327781178f,0.2860164627683266f,0.9001760868999047f,0.06454317772427615f,0.2805034394000602f,-0.9576805306019274f,-0.16985404621257627f,0f,0f,0f,1f],start_interpolation:0}
execute if entity @s[tag=aj.spawner.bone.t41] run data modify entity @s {} merge value {transformation:[-0.9994241967185149f,-0.033910906496204686f,-0.0011512750135510414f,0.1406419888600132f,-0.03393044375706224f,0.9988487249864488f,0.03391090649620468f,0.7203566441919168f,-1.223941643501744e-16f,0.03393044375706223f,-0.9994241967185149f,-0.2134815145523971f,0f,0f,0f,1f],start_interpolation:0}
execute if entity @s[tag=aj.spawner.bone.t42] run data modify entity @s {} merge value {transformation:[-0.9994241967185149f,-0.033910906496204686f,-0.0011512750135510414f,0.13207140827774305f,-0.03393044375706224f,0.9988487249864488f,0.03391090649620468f,0.7886034855956514f,-1.223941643501744e-16f,0.03393044375706223f,-0.9994241967185149f,-0.20490239531460844f,0f,0f,0f,1f],start_interpolation:0}
execute if entity @s[tag=aj.spawner.bone.t43] run data modify entity @s {} merge value {transformation:[-0.9994241967185149f,-0.033910906496204686f,-0.0011512750135510414f,0.12059316798074624f,-0.03393044375706224f,0.9988487249864488f,0.03391090649620468f,0.85039551824868f,-1.223941643501744e-16f,0.03393044375706223f,-0.9994241967185149f,-0.19341214073555596f,0f,0f,0f,1f],start_interpolation:0}
execute if entity @s[tag=aj.spawner.bone.t44] run data modify entity @s {} merge value {transformation:[-0.9994241967185149f,-0.033910906496204686f,-0.0011512750135510414f,0.33301605121785083f,-0.03393044375706224f,0.9988487249864488f,0.03391090649620468f,0.1746677405314896f,-1.223941643501744e-16f,0.03393044375706223f,-0.9994241967185149f,0.2937103342957406f,0f,0f,0f,1f],start_interpolation:0}
execute if entity @s[tag=aj.spawner.bone.t45] run data modify entity @s {} merge value {transformation:[-0.9994241967185149f,-0.033910906496204686f,-0.0011512750135510414f,0.09965014745996473f,-0.03393044375706224f,0.9988487249864488f,0.03391090649620468f,0.9146729405086664f,-1.223941643501744e-16f,0.03393044375706223f,-0.9994241967185149f,-0.1724462516755268f,0f,0f,0f,1f],start_interpolation:0}
execute if entity @s[tag=aj.spawner.bone.v31] run data modify entity @s {} merge value {transformation:[-1f,0f,1.3471114790620887e-16f,-0.14883150298131478f,0f,1f,0f,0.5591048674991094f,-1.2246467991473532e-16f,0f,-1.1f,-0.03125f,0f,0f,0f,1f],start_interpolation:0}
execute if entity @s[tag=aj.spawner.bone.v32] run data modify entity @s {} merge value {transformation:[-1f,0f,1.3471114790620887e-16f,0.08725808048805375f,0f,1f,0f,0.5591048674991094f,-1.2246467991473532e-16f,0f,-1.1f,-0.03125f,0f,0f,0f,1f],start_interpolation:0}
execute if entity @s[tag=aj.spawner.bone.v41] run data modify entity @s {} merge value {transformation:[-1f,0f,1.3471114790620887e-16f,-0.17228970872519958f,0f,1f,0f,0.4987821885213817f,-1.2246467991473532e-16f,0f,-1.1f,-0.03125f,0f,0f,0f,1f],start_interpolation:0}
execute if entity @s[tag=aj.spawner.bone.v42] run data modify entity @s {} merge value {transformation:[-1f,0f,1.3471114790620887e-16f,0.11071628623193838f,0f,1f,0f,0.4987821885213818f,-1.2246467991473532e-16f,0f,-1.1f,-0.03125f,0f,0f,0f,1f],start_interpolation:0}
execute if entity @s[tag=aj.spawner.bone.heart] run data modify entity @s {} merge value {transformation:[-1.077777777777778f,0f,1.2246467991473532e-16f,-0.03125f,0f,1f,0f,0.37499999999999994f,-1.3198971057477032e-16f,0f,-1f,-0.017116477272727693f,0f,0f,0f,1f],start_interpolation:0}