execute if entity @s[tag=aj.spawner.bone.bones_right] run data modify entity @s {} merge value {transformation:[-1f,4.367354184819249e-17f,1.1441249743385883e-16f,-0.03125f,0f,0.9342489402945998f,-0.356621532662313f,0.7249063366902255f,-1.2246467991473532e-16f,-0.356621532662313f,-0.9342489402945998f,-0.1260057930231156f,0f,0f,0f,1f],start_interpolation:0}
execute if entity @s[tag=aj.spawner.bone.bones_left] run data modify entity @s {} merge value {transformation:[-1f,-4.367354184819249e-17f,1.1441249743385883e-16f,-0.031250000000000056f,0f,0.9342489402945998f,0.356621532662313f,0.7249063366902255f,-1.2246467991473532e-16f,0.356621532662313f,-0.9342489402945998f,0.06350579302311563f,0f,0f,0f,1f],start_interpolation:0}
execute if entity @s[tag=aj.spawner.bone.t11] run data modify entity @s {} merge value {transformation:[-0.9953562180724794f,0.09648955340148191f,-0.0014357207899560092f,-0.19813742812150717f,0.09569903182524082f,0.9903022552443526f,-0.1225551296641885f,0.718398517482361f,-0.010377593755895802f,-0.12242817996635261f,-0.992460668691111f,0.147516832888747f,0f,0f,0f,1f],start_interpolation:0}
execute if entity @s[tag=aj.spawner.bone.t12] run data modify entity @s {} merge value {transformation:[-0.9949645428806614f,0.10022729935755585f,0.00021650350438198697f,-0.1822185502930304f,0.09939341364994879f,0.9869599922452638f,-0.12661328141328246f,0.7850652480600426f,-0.012903787555857443f,-0.12595420664161944f,-0.9919521309498728f,0.12992853265182025f,0f,0f,0f,1f],start_interpolation:0}
execute if entity @s[tag=aj.spawner.bone.t13] run data modify entity @s {} merge value {transformation:[-0.9983827003238572f,0.05679603333185074f,0.0024888334235450885f,-0.1690112166488325f,0.05639105595265803f,0.9949187776201963f,-0.08340668286941015f,0.8463456060791028f,-0.007213355847803891f,-0.08313144132337336f,-0.9965124840968684f,0.12140576589844697f,0f,0f,0f,1f],start_interpolation:0}
execute if entity @s[tag=aj.spawner.bone.t14] run data modify entity @s {} merge value {transformation:[-0.9984112581850139f,0.05629484884188562f,0.002418578774162391f,-0.16997091599004718f,0.055901073948038955f,0.9949889980453939f,-0.08289730815942724f,0.8867079293973762f,-0.007073150703431862f,-0.08263040458870098f,-0.9965551599267519f,0.11504113483441541f,0f,0f,0f,1f],start_interpolation:0}
execute if entity @s[tag=aj.spawner.bone.t15] run data modify entity @s {} merge value {transformation:[-0.9984390519637844f,0.055801107556307926f,0.0023866103890265605f,-0.15913852880990803f,0.05541368668323168f,0.995040202155465f,-0.08260943906469785f,0.9102284061896209f,-0.006984471478378792f,-0.08234823914268447f,-0.9965791411966572f,0.10366076145310837f,0f,0f,0f,1f],start_interpolation:0}
execute if entity @s[tag=aj.spawner.bone.t21] run data modify entity @s {} merge value {transformation:[-0.9938924561704281f,-0.1102225906072036f,0.009370884816630332f,0.13653370307635937f,-0.11031650230396325f,0.9902002473732667f,-0.10999639814542678f,0.7182511505079923f,0.002838113270028728f,-0.11062752027512039f,-0.9938878100232371f,0.14702832918705658f,0f,0f,0f,1f],start_interpolation:0}
execute if entity @s[tag=aj.spawner.bone.t22] run data modify entity @s {} merge value {transformation:[-0.993179252385518f,-0.11591179526292068f,0.012626493965888691f,0.12554005660670822f,-0.1165934761341384f,0.9864070855459941f,-0.11578869939513153f,0.7855667423444264f,0.0009664129044920124f,-0.11647110072281788f,-0.9931936109050004f,0.1359921979200536f,0f,0f,0f,1f],start_interpolation:0}
execute if entity @s[tag=aj.spawner.bone.t23] run data modify entity @s {} merge value {transformation:[-0.9970872057206254f,-0.07607969001250403f,0.0053837678104307184f,0.10606347733834319f,-0.07626869238513212f,0.994179482624569f,-0.07609364553105784f,0.84622463578779f,0.000436749467579424f,-0.07628261332666494f,-0.9970861407892284f,0.1280659759591996f,0f,0f,0f,1f],start_interpolation:0}
execute if entity @s[tag=aj.spawner.bone.t24] run data modify entity @s {} merge value {transformation:[-0.9970872057206254f,-0.07607969001250403f,0.0053837678104307184f,0.09391805334375902f,-0.07626869238513212f,0.994179482624569f,-0.07609364553105784f,0.8853380410194278f,0.000436749467579424f,-0.07628261332666494f,-0.9970861407892284f,0.11586753006730713f,0f,0f,0f,1f],start_interpolation:0}
execute if entity @s[tag=aj.spawner.bone.t25] run data modify entity @s {} merge value {transformation:[-0.9970863015770488f,-0.07608191045479701f,0.005518161736548647f,0.08310410451701761f,-0.07628116655616558f,0.994180447674726f,-0.07606852890724242f,0.9086810762193418f,0.0003013904991654783f,-0.07626781996903872f,-0.9970873225555209f,0.10455686129863898f,0f,0f,0f,1f],start_interpolation:0}
execute if entity @s[tag=aj.spawner.bone.t31] run data modify entity @s {} merge value {transformation:[-0.9938924561704281f,0.1102225906072036f,0.009370884816630332f,-0.19652936281400443f,0.11031650230396325f,0.9902002473732667f,0.10999639814542678f,0.7181631983327371f,0.002838113270028728f,0.11062752027512039f,-0.9938878100232371f,-0.2107774255835565f,0f,0f,0f,1f],start_interpolation:0}
execute if entity @s[tag=aj.spawner.bone.t32] run data modify entity @s {} merge value {transformation:[-0.9931984631824368f,0.11607591714891419f,0.00912108491815419f,-0.18553571634435337f,0.11634708161377556f,0.9863878794745159f,0.11619943126248694f,0.7854787901691711f,0.004491027945050286f,0.11647030816395391f,-0.9931840202017904f,-0.19974129431655352f,0f,0f,0f,1f],start_interpolation:0}
execute if entity @s[tag=aj.spawner.bone.t33] run data modify entity @s {} merge value {transformation:[-0.9970872057206254f,0.07607969001250403f,0.0053837678104307184f,-0.17769473714700013f,0.07626869238513212f,0.994179482624569f,0.07609364553105784f,0.8461386824474841f,0.000436749467579424f,0.07628261332666494f,-0.9970861407892284f,-0.18023645682514616f,0f,0f,0f,1f],start_interpolation:0}
execute if entity @s[tag=aj.spawner.bone.t34] run data modify entity @s {} merge value {transformation:[-0.9970872057206254f,0.07607969001250403f,0.0053837678104307184f,-0.17306680639875338f,0.07626869238513212f,0.994179482624569f,0.07609364553105784f,0.8852971400624919f,0.000436749467579424f,0.07628261332666494f,-0.9970861407892284f,-0.1611788236031672f,0f,0f,0f,1f],start_interpolation:0}
execute if entity @s[tag=aj.spawner.bone.t35] run data modify entity @s {} merge value {transformation:[-0.9970876381447147f,0.07608356636223232f,0.005247169579706313f,-0.15428784124602024f,0.07626214062009855f,0.9941803209851912f,0.07608925859687808f,0.9085950460007689f,0.000572509418892478f,0.07626781952688869f,-0.9970872037778739f,-0.15717267353114525f,0f,0f,0f,1f],start_interpolation:0}
execute if entity @s[tag=aj.spawner.bone.t41] run data modify entity @s {} merge value {transformation:[-0.997542261093846f,-0.06989516976774976f,-0.004909437331777083f,0.14370366769182186f,-0.07006737708646733f,0.9950905626682228f,0.06989516976774975f,0.7190959908535096f,-1.2216369370627918e-16f,0.07006737708646732f,-0.997542261093846f,-0.2143743327750005f,0f,0f,0f,1f],start_interpolation:0}
execute if entity @s[tag=aj.spawner.bone.t42] run data modify entity @s {} merge value {transformation:[-0.997542261093846f,-0.06989516976774976f,-0.004909437331777083f,0.1326944196217761f,-0.07006737708646733f,0.9950905626682228f,0.06989516976774975f,0.7866337011191102f,-1.2216369370627918e-16f,0.07006737708646732f,-0.997542261093846f,-0.20332256146846944f,0f,0f,0f,1f],start_interpolation:0}
execute if entity @s[tag=aj.spawner.bone.t43] run data modify entity @s {} merge value {transformation:[-0.997542261093846f,-0.06989516976774976f,-0.004909437331777083f,0.11902003878852238f,-0.07006737708646733f,0.9950905626682228f,0.06989516976774975f,0.8475147124091158f,-1.2216369370627918e-16f,0.07006737708646732f,-0.997542261093846f,-0.18959139170281042f,0f,0f,0f,1f],start_interpolation:0}
execute if entity @s[tag=aj.spawner.bone.t44] run data modify entity @s {} merge value {transformation:[-0.997542261093846f,-0.06989516976774976f,-0.004909437331777083f,0.3569552266652462f,-0.07006737708646733f,0.9950905626682228f,0.06989516976774975f,0.16277980129388248f,-1.2216369370627918e-16f,0.07006737708646732f,-0.997542261093846f,0.2725176478669375f,0f,0f,0f,1f],start_interpolation:0}
execute if entity @s[tag=aj.spawner.bone.t45] run data modify entity @s {} merge value {transformation:[-0.997542261093846f,-0.06989516976774976f,-0.004909437331777083f,0.09582130282697501f,-0.07006737708646733f,0.9950905626682228f,0.06989516976774975f,0.9101932328307009f,-1.2216369370627918e-16f,0.07006737708646732f,-0.997542261093846f,-0.1662893026860016f,0f,0f,0f,1f],start_interpolation:0}
execute if entity @s[tag=aj.spawner.bone.v11] run data modify entity @s {} merge value {transformation:[-1f,0f,1.4520812047032904e-16f,-0.030800627695997784f,0f,1f,0f,0.6526466891732801f,-1.2246467991473532e-16f,0f,-1.185714285714286f,-0.031250000000000056f,0f,0f,0f,1f],start_interpolation:0}
execute if entity @s[tag=aj.spawner.bone.v21] run data modify entity @s {} merge value {transformation:[-1f,0f,1.2421417534208868e-16f,-0.08549492101734665f,0f,1f,0f,0.6282246178250585f,-1.2246467991473532e-16f,0f,-1.0142857142857142f,-0.03125f,0f,0f,0f,1f],start_interpolation:0}
execute if entity @s[tag=aj.spawner.bone.v22] run data modify entity @s {} merge value {transformation:[-1f,0f,1.2421417534208868e-16f,0.02392149852408563f,0f,1f,0f,0.6282246178250586f,-1.2246467991473532e-16f,0f,-1.0142857142857142f,-0.03125f,0f,0f,0f,1f],start_interpolation:0}
execute if entity @s[tag=aj.spawner.bone.heart] run data modify entity @s {} merge value {transformation:[-1.1607142857142858f,0f,1.2246467991473532e-16f,-0.03125f,0f,1f,0f,0.37499999999999994f,-1.4214650347246065e-16f,0f,-1f,-0.017116477272727693f,0f,0f,0f,1f],start_interpolation:0}