execute if entity @s[tag=aj.spawner.bone.bones_right] run data modify entity @s {} merge value {transformation:[-1f,6.86664937357875e-18f,1.2227202031944557e-16f,-0.03125f,0f,0.9984268150178166f,-0.0560704472371918f,0.7089465152616541f,-1.2246467991473532e-16f,-0.0560704472371918f,-0.9984268150178166f,-0.12477811445168707f,0f,0f,0f,1f],start_interpolation:0}
execute if entity @s[tag=aj.spawner.bone.bones_left] run data modify entity @s {} merge value {transformation:[-1f,-6.86664937357875e-18f,1.2227202031944557e-16f,-0.031250000000000056f,0f,0.9984268150178166f,0.0560704472371918f,0.7089465152616541f,-1.2246467991473532e-16f,0.0560704472371918f,-0.9984268150178166f,0.06227811445168707f,0f,0f,0f,1f],start_interpolation:0}
execute if entity @s[tag=aj.spawner.bone.t11] run data modify entity @s {} merge value {transformation:[-0.9999999745532587f,-0.00014231911905604767f,0.00017504127994119638f,-0.1999490884636242f,-0.00014241195557685858f,1.0000171077533762f,-0.000544515548010461f,0.7217900275134782f,-0.0001749637585814617f,-0.0005445498642400377f,-0.9999998364316708f,0.1499343567941772f,0f,0f,0f,1f],start_interpolation:0}
execute if entity @s[tag=aj.spawner.bone.t12] run data modify entity @s {} merge value {transformation:[-0.9999919683264638f,0.003981461148320344f,0.00045961906961446646f,-0.18760404664151636f,0.00397927272580809f,0.9999811876073964f,-0.00466795671302812f,0.7903501066712256f,-0.00047819571137504334f,-0.004666090271895742f,-0.9999889994047115f,0.13754657330402548f,0f,0f,0f,1f],start_interpolation:0}
execute if entity @s[tag=aj.spawner.bone.t13] run data modify entity @s {} merge value {transformation:[-0.9998115290332992f,0.019395484037172735f,0.0008494769332619306f,-0.17710666634827124f,0.019374548518587723f,0.99961099700963f,-0.020061942256779024f,0.8520184793583736f,-0.00123825756499068f,-0.02004170293106909f,-0.9997983781052185f,0.13309091494898315f,0f,0f,0f,1f],start_interpolation:0}
execute if entity @s[tag=aj.spawner.bone.t14] run data modify entity @s {} merge value {transformation:[-0.9990944134937667f,0.04235565219580384f,0.004043717672465741f,-0.17967084723156906f,0.04214137007615086f,0.998173193481763f,-0.0432941190293087f,0.8923027401714962f,-0.005870081230392903f,-0.04308450465639764f,-0.999054186520862f,0.12954614476295895f,0f,0f,0f,1f],start_interpolation:0}
execute if entity @s[tag=aj.spawner.bone.t15] run data modify entity @s {} merge value {transformation:[-0.997834201637181f,0.06523541550470036f,0.008440770522817975f,-0.16927846496081933f,0.06465936688965025f,0.9963148226855808f,-0.05635548216837055f,0.9156093405390131f,-0.01208603808199245f,-0.05568765267928817f,-0.9983750863390731f,0.11914141388979126f,0f,0f,0f,1f],start_interpolation:0}
execute if entity @s[tag=aj.spawner.bone.t21] run data modify entity @s {} merge value {transformation:[-0.9999529915072262f,-0.009696848284190963f,0.0000940147757494232f,0.13842241097854485f,-0.009696121685978408f,1.0000279249785462f,-0.009695665885912197f,0.7213930444534732f,-1.2246569929829253e-16f,-0.009697304139842553f,-0.9999529915072262f,0.14904181350424636f,0f,0f,0f,1f],start_interpolation:0}
execute if entity @s[tag=aj.spawner.bone.t22] run data modify entity @s {} merge value {transformation:[-0.9998696089813389f,-0.016130302436679317f,0.0007605121997223448f,0.13150895971141985f,-0.016140471518834833f,0.9997397023940254f,-0.016124907325473666f,0.7897839225465139f,-0.0005002146082941264f,-0.016135079807881026f,-0.9998696960029038f,0.14212774341402762f,0f,0f,0f,1f],start_interpolation:0}
execute if entity @s[tag=aj.spawner.bone.t23] run data modify entity @s {} merge value {transformation:[-0.9994012516559599f,-0.03452266185943105f,0.0023073809048543255f,0.11640589467351424f,-0.03458174153410702f,0.9988067731638742f,-0.0344838082937121f,0.8509863819805248f,-0.0011141548226882225f,-0.034542954420672456f,-0.9994025930319186f,0.1370684013583565f,0f,0f,0f,1f],start_interpolation:0}
execute if entity @s[tag=aj.spawner.bone.t24] run data modify entity @s {} merge value {transformation:[-0.9978758798123489f,-0.06419508598534027f,0.011077879944531943f,0.10642382536271737f,-0.06477807773593383f,0.9958162253250377f,-0.06445033765800517f,0.8905264986855331f,-0.006894137623227883f,-0.06503104116288111f,-0.9978594262478576f,0.12686218678549446f,0f,0f,0f,1f],start_interpolation:0}
execute if entity @s[tag=aj.spawner.bone.t25] run data modify entity @s {} merge value {transformation:[-0.9954018667469043f,-0.09312754033996273f,0.022413944476748788f,0.09727160299593433f,-0.09463691176300583f,0.9922981188766844f,-0.07992683032470663f,0.9135481472644079f,-0.0147979258255748f,-0.08168050259408305f,-0.996548702717152f,0.11592331619449253f,0f,0f,0f,1f],start_interpolation:0}
execute if entity @s[tag=aj.spawner.bone.t31] run data modify entity @s {} merge value {transformation:[-0.9999529915072262f,0.009696848284190963f,0.0000940147757494232f,-0.19841806315522484f,0.009696121685978408f,1.0000279249785462f,0.009695665885912197f,0.7213809026520994f,-1.2246569929829253e-16f,0.009697304139842553f,-0.9999529915072262f,-0.2127939285544813f,0f,0f,0f,1f],start_interpolation:0}
execute if entity @s[tag=aj.spawner.bone.t32] run data modify entity @s {} merge value {transformation:[-0.9998696096197776f,0.016130262843614733f,0.0007605125835614913f,-0.1915046118880999f,0.016140431956911207f,0.9997397023942673f,0.016124946910486656f,0.7897717807451399f,-0.0005002149919513775f,0.01613511937413528f,-0.9998696953642232f,-0.20587985846426254f,0f,0f,0f,1f],start_interpolation:0}
execute if entity @s[tag=aj.spawner.bone.t33] run data modify entity @s {} merge value {transformation:[-0.9994015073078953f,0.03458997556791736f,-0.000400974959133987f,-0.18666984467596792f,0.034555437957611186f,0.9988044479416338f,0.03457739839209623f,0.8509785732815114f,0.001596526938280995f,0.03454284820652366f,-0.9994019425333915f,-0.19099954952771708f,0f,0f,0f,1f],start_interpolation:0}
execute if entity @s[tag=aj.spawner.bone.t34] run data modify entity @s {} merge value {transformation:[-0.9978772824697109f,0.06501583084473093f,-0.0037243617486010104f,-0.1837394231165706f,0.06463394721660723f,0.9957630021721662f,0.06541021611549151f,0.8909754785552924f,0.007961281182444211f,0.06503064850240853f,-0.9978515083705042f,-0.1748060577780534f,0f,0f,0f,1f],start_interpolation:0}
execute if entity @s[tag=aj.spawner.bone.t35] run data modify entity @s {} merge value {transformation:[-0.9954047913583582f,0.09536878611790564f,-0.00860790190584015f,-0.16530334718738837f,0.0943341126333614f,0.9920853720971035f,0.08287152505310787f,0.9135360091257134f,0.016443130313285297f,0.08167869431711534f,-0.99652306263335f,-0.17164009470583028f,0f,0f,0f,1f],start_interpolation:0}
execute if entity @s[tag=aj.spawner.bone.t41] run data modify entity @s {} merge value {transformation:[-0.9999529915072262f,-0.009695665885912199f,-0.00009401477574917829f,0.13928428117303956f,-0.009696121685978408f,0.9999059852242507f,0.009695665885912197f,0.721417723005287f,-1.2245214677113646e-16f,0.009696121685978406f,-0.9999529915072262f,-0.21322494277495843f,0f,0f,0f,1f],start_interpolation:0}
execute if entity @s[tag=aj.spawner.bone.t42] run data modify entity @s {} merge value {transformation:[-0.9999529915072262f,-0.009695665885912199f,-0.00009401477574917829f,0.1323685855388113f,-0.009696121685978408f,0.9999059852242507f,0.009695665885912197f,0.7900400608171291f,-1.2245214677113646e-16f,0.009696121685978406f,-0.9999529915072262f,-0.2063086282121273f,0f,0f,0f,1f],start_interpolation:0}
execute if entity @s[tag=aj.spawner.bone.t43] run data modify entity @s {} merge value {transformation:[-0.9999529915072262f,-0.009695665885912199f,-0.00009401477574917829f,0.12238892851408423f,-0.009696121685978408f,0.9999059852242507f,0.009695665885912197f,0.8523523868851581f,-1.2245214677113646e-16f,0.009696121685978406f,-0.9999529915072262f,-0.19632806131137337f,0f,0f,0f,1f],start_interpolation:0}
execute if entity @s[tag=aj.spawner.bone.t44] run data modify entity @s {} merge value {transformation:[-0.9999529915072262f,-0.009695665885912199f,-0.00009401477574917829f,0.3182544777130464f,-0.009696121685978408f,0.9999059852242507f,0.009695665885912197f,0.18368134729544117f,-1.2245214677113646e-16f,0.009696121685978406f,-0.9999529915072262f,0.307195070265508f,0f,0f,0f,1f],start_interpolation:0}
execute if entity @s[tag=aj.spawner.bone.t45] run data modify entity @s {} merge value {transformation:[-0.9999529915072262f,-0.009695665885912199f,-0.00009401477574917829f,0.10300529462660604f,-0.009696121685978408f,0.9999059852242507f,0.009695665885912197f,0.9176076211485261f,-1.2245214677113646e-16f,0.009696121685978406f,-0.9999529915072262f,-0.17694263473497074f,0f,0f,0f,1f],start_interpolation:0}
execute if entity @s[tag=aj.spawner.bone.v31] run data modify entity @s {} merge value {transformation:[-1f,0f,1.2596367076944207e-16f,-0.14883150298131478f,0f,1f,0f,0.5591048674991094f,-1.2246467991473532e-16f,0f,-1.0285714285714287f,-0.03125f,0f,0f,0f,1f],start_interpolation:0}
execute if entity @s[tag=aj.spawner.bone.v32] run data modify entity @s {} merge value {transformation:[-1f,0f,1.2596367076944207e-16f,0.08725808048805375f,0f,1f,0f,0.5591048674991094f,-1.2246467991473532e-16f,0f,-1.0285714285714287f,-0.03125f,0f,0f,0f,1f],start_interpolation:0}
execute if entity @s[tag=aj.spawner.bone.v41] run data modify entity @s {} merge value {transformation:[-1f,0f,1.4345862504297566e-16f,-0.17228970872519958f,0f,1f,0f,0.4987821885213817f,-1.2246467991473532e-16f,0f,-1.1714285714285715f,-0.03125f,0f,0f,0f,1f],start_interpolation:0}
execute if entity @s[tag=aj.spawner.bone.v42] run data modify entity @s {} merge value {transformation:[-1f,0f,1.4345862504297566e-16f,0.11071628623193838f,0f,1f,0f,0.4987821885213818f,-1.2246467991473532e-16f,0f,-1.1714285714285715f,-0.03125f,0f,0f,0f,1f],start_interpolation:0}
execute if entity @s[tag=aj.spawner.bone.heart] run data modify entity @s {} merge value {transformation:[-1.0222222222222221f,0f,1.2246467991473532e-16f,-0.03125f,0f,1f,0f,0.37499999999999994f,-1.2518611724617387e-16f,0f,-1f,-0.017116477272727693f,0f,0f,0f,1f],start_interpolation:0}