execute if entity @s[tag=aj.spawner.bone.bones_right] run data modify entity @s {} merge value {transformation:[-1f,2.7250954951288002e-17f,1.1939423470528823e-16f,-0.03125f,0f,0.9749279121818236f,-0.22252093395631442f,0.7176518724045112f,-1.2246467991473532e-16f,-0.22252093395631442f,-0.9749279121818236f,-0.1254477573088299f,0f,0f,0f,1f],start_interpolation:0}
execute if entity @s[tag=aj.spawner.bone.bones_left] run data modify entity @s {} merge value {transformation:[-1f,-2.7250954951288002e-17f,1.1939423470528823e-16f,-0.031250000000000056f,0f,0.9749279121818236f,0.22252093395631442f,0.7176518724045112f,-1.2246467991473532e-16f,0.22252093395631442f,-0.9749279121818236f,0.0629477573088299f,0f,0f,0f,1f],start_interpolation:0}
execute if entity @s[tag=aj.spawner.bone.t11] run data modify entity @s {} merge value {transformation:[-0.9986299353467283f,0.05240914242384122f,0.0007487758389552505f,-0.19914108655129026f,0.052167487468328694f,0.9982214370321001f,-0.06408724332184658f,0.7203722000492387f,-0.004099448820387752f,-0.0640657353746521f,-0.9979440187596444f,0.14887767843060287f,0f,0f,0f,1f],start_interpolation:0}
execute if entity @s[tag=aj.spawner.bone.t12] run data modify entity @s {} merge value {transformation:[-0.9989288501958207f,0.046232411264556524f,0.0019277954041839204f,-0.1852425754375115f,0.046042806212078485f,0.9972521248210848f,-0.05803670852097337f,0.7885574395286232f,-0.004605675039825568f,-0.05788578140179454f,-0.9983125883554365f,0.13423508933789738f,0f,0f,0f,1f],start_interpolation:0}
execute if entity @s[tag=aj.spawner.bone.t13] run data modify entity @s {} merge value {transformation:[-0.9998452494836386f,0.017433075922174905f,0.002359014389958885f,-0.17457370082252638f,0.0173564979958284f,0.9994196266657266f,-0.0293114621378789f,0.85089993572612f,-0.002868634225751383f,-0.029265981945446308f,-0.9995675431097428f,0.1291104491710039f,0f,0f,0f,1f],start_interpolation:0}
execute if entity @s[tag=aj.spawner.bone.t14] run data modify entity @s {} merge value {transformation:[-0.9998452494836386f,0.017433075922174905f,0.002359014389958885f,-0.1767339887442419f,0.0173564979958284f,0.9994196266657266f,-0.0293114621378789f,0.8914509056582445f,-0.002868634225751383f,-0.029265981945446308f,-0.9995675431097428f,0.12454165626048837f,0f,0f,0f,1f],start_interpolation:0}
execute if entity @s[tag=aj.spawner.bone.t15] run data modify entity @s {} merge value {transformation:[-0.9998455911301026f,0.017431019368863602f,0.0022256373149792223f,-0.16696563711642234f,0.01735831248618846f,0.9994192368735179f,-0.029323675669787847f,0.9161077600588219f,-0.0027354863054601056f,-0.02928051452617211f,-0.9995674907597561f,0.11452782788024682f,0f,0f,0f,1f],start_interpolation:0}
execute if entity @s[tag=aj.spawner.bone.t21] run data modify entity @s {} merge value {transformation:[-0.998058567679373f,-0.06230135661909158f,0.002950018530427036f,0.137520185038887f,-0.062275408522949896f,0.9975408185331965f,-0.062218290992877276f,0.7199814607469364f,0.0009321883382213475f,-0.06237018516094349f,-0.9980582055454459f,0.14810651094013044f,0f,0f,0f,1f],start_interpolation:0}
execute if entity @s[tag=aj.spawner.bone.t22] run data modify entity @s {} merge value {transformation:[-0.9980579478606555f,-0.06216164239404521f,0.004032731958840258f,0.12871444680073496f,-0.062292123358627785f,0.9961224436342931f,-0.062127036429545784f,0.7881681147683545f,-0.00015517619182682301f,-0.06225758992218901f,-0.9980601026077687f,0.1392902369287055f,0f,0f,0f,1f],start_interpolation:0}
execute if entity @s[tag=aj.spawner.bone.t23] run data modify entity @s {} merge value {transformation:[-0.9993007047883985f,-0.03736504679321213f,0.001398101409410049f,0.11076942693074487f,-0.03739119427632563f,0.9986018985905901f,-0.037365046793212134f,0.8498797302484695f,-1.2227062073323209e-16f,-0.03739119427632564f,-0.9993007047883985f,0.1338304725839714f,0f,0f,0f,1f],start_interpolation:0}
execute if entity @s[tag=aj.spawner.bone.t24] run data modify entity @s {} merge value {transformation:[-0.9993007047883985f,-0.03736504679321213f,0.001398101409410049f,0.09989613499809266f,-0.03739119427632563f,0.9986018985905901f,-0.037365046793212134f,0.889747092618685f,-1.2227062073323209e-16f,-0.03739119427632564f,-0.9993007047883985f,0.12294301120910452f,0f,0f,0f,1f],start_interpolation:0}
execute if entity @s[tag=aj.spawner.bone.t25] run data modify entity @s {} merge value {transformation:[-0.9993007047883985f,-0.03736504679321213f,0.001398101409410049f,0.08960667192158432f,-0.03739119427632563f,0.9986018985905901f,-0.037365046793212134f,0.9140113003234229f,-1.2227062073323209e-16f,-0.03739119427632564f,-0.9993007047883985f,0.11263978724480511f,0f,0f,0f,1f],start_interpolation:0}
execute if entity @s[tag=aj.spawner.bone.t31] run data modify entity @s {} merge value {transformation:[-0.998058567679373f,0.06230135661909158f,0.002950018530427036f,-0.19751583782513024f,0.062275408522949896f,0.9975408185331965f,0.062218290992877276f,0.7199346077276897f,0.0009321883382213475f,0.06237018516094349f,-0.9980582055454459f,-0.21185780921395225f,0f,0f,0f,1f],start_interpolation:0}
execute if entity @s[tag=aj.spawner.bone.t32] run data modify entity @s {} merge value {transformation:[-0.9980609733008879f,0.062215928088319994f,0.00186329433882351f,-0.18871009958697826f,0.062211114230771754f,0.9961190723538744f,0.062262114957835867f,0.7881212617491077f,0.002017632238532329f,0.062257304671547546f,-0.9980580930863614f,-0.2030415352025273f,0f,0f,0f,1f],start_interpolation:0}
execute if entity @s[tag=aj.spawner.bone.t33] run data modify entity @s {} merge value {transformation:[-0.9993007047883985f,0.03736504679321213f,0.001398101409410049f,-0.1832738147944609f,0.03739119427632563f,0.9986018985905901f,0.037365046793212134f,0.8498332040727619f,-1.2227062073323209e-16f,0.03739119427632564f,-0.9993007047883985f,-0.18509051204793842f,0f,0f,0f,1f],start_interpolation:0}
execute if entity @s[tag=aj.spawner.bone.t34] run data modify entity @s {} merge value {transformation:[-0.9993007047883985f,0.03736504679321213f,0.001398101409410049f,-0.17990706400742318f,0.03739119427632563f,0.9986018985905901f,0.037365046793212134f,0.8897241563743704f,-1.2227062073323209e-16f,0.03739119427632564f,-0.9993007047883985f,-0.16733177213123315f,0f,0f,0f,1f],start_interpolation:0}
execute if entity @s[tag=aj.spawner.bone.t35] run data modify entity @s {} merge value {transformation:[-0.9993007047883985f,0.03736504679321213f,0.001398101409410049f,-0.16211105978530033f,0.03739119427632563f,0.9986018985905901f,0.037365046793212134f,0.9139647741477154f,-1.2227062073323209e-16f,0.03739119427632564f,-0.9993007047883985f,-0.16389982670877207f,0f,0f,0f,1f],start_interpolation:0}
execute if entity @s[tag=aj.spawner.bone.t41] run data modify entity @s {} merge value {transformation:[-0.9993007047883985f,-0.03736504679321214f,-0.0013981014094098044f,0.14135920996540402f,-0.03739119427632563f,0.9986018985905901f,0.037365046793212134f,0.7202439164286867f,-1.2248746116772919e-16f,0.037391194276325625f,-0.9993007047883985f,-0.2137795413385452f,0f,0f,0f,1f],start_interpolation:0}
execute if entity @s[tag=aj.spawner.bone.t42] run data modify entity @s {} merge value {transformation:[-0.9993007047883985f,-0.03736504679321214f,-0.0013981014094098044f,0.13255347172725196f,-0.03739119427632563f,0.9986018985905901f,0.037365046793212134f,0.7884305704501043f,-1.2248746116772919e-16f,0.037391194276325625f,-0.9993007047883985f,-0.20496326732712036f,0f,0f,0f,1f],start_interpolation:0}
execute if entity @s[tag=aj.spawner.bone.t43] run data modify entity @s {} merge value {transformation:[-0.9993007047883985f,-0.03736504679321214f,-0.0013981014094098044f,0.12086281939599819f,-0.03739119427632563f,0.9986018985905901f,0.037365046793212134f,0.8501423493519892f,-1.2248746116772919e-16f,0.037391194276325625f,-0.9993007047883985f,-0.19325787357745877f,0f,0f,0f,1f],start_interpolation:0}
execute if entity @s[tag=aj.spawner.bone.t44] run data modify entity @s {} merge value {transformation:[-0.9993007047883985f,-0.03736504679321214f,-0.0013981014094098044f,0.3356873604826708f,-0.03739119427632563f,0.9986018985905901f,0.037365046793212134f,0.173472622254783f,-1.2248746116772919e-16f,0.037391194276325625f,-0.9993007047883985f,0.29149805837086334f,0f,0f,0f,1f],start_interpolation:0}
execute if entity @s[tag=aj.spawner.bone.t45] run data modify entity @s {} merge value {transformation:[-0.9993007047883985f,-0.03736504679321214f,-0.0013981014094098044f,0.09970006438683761f,-0.03739119427632563f,0.9986018985905901f,0.037365046793212134f,0.9142739194269424f,-1.2248746116772919e-16f,0.037391194276325625f,-0.9993007047883985f,-0.17206718823829265f,0f,0f,0f,1f],start_interpolation:0}
execute if entity @s[tag=aj.spawner.bone.v11] run data modify entity @s {} merge value {transformation:[-1f,0f,1.364606433335622e-16f,-0.030800627695997784f,0f,1f,0f,0.6526466891732801f,-1.2246467991473532e-16f,0f,-1.1142857142857143f,-0.031250000000000056f,0f,0f,0f,1f],start_interpolation:0}
execute if entity @s[tag=aj.spawner.bone.heart] run data modify entity @s {} merge value {transformation:[-1.0857142857142859f,0f,1.2246467991473532e-16f,-0.03125f,0f,1f,0f,0.37499999999999994f,-1.3296165247885551e-16f,0f,-1f,-0.017116477272727693f,0f,0f,0f,1f],start_interpolation:0}