execute if entity @s[tag=aj.spawner.bone.bones_right] run data modify entity @s {} merge value {transformation:[-1f,2.0513596020740734e-17f,1.2073437872004985e-16f,-0.03125f,0f,0.9858710185182359f,-0.1675062233047365f,0.7147500866902256f,-1.2246467991473532e-16f,-0.1675062233047365f,-0.9858710185182359f,-0.12522454302311564f,0f,0f,0f,1f],start_interpolation:0}
execute if entity @s[tag=aj.spawner.bone.bones_left] run data modify entity @s {} merge value {transformation:[-1f,-2.0513596020740734e-17f,1.2073437872004985e-16f,-0.031250000000000056f,0f,0.9858710185182359f,0.1675062233047365f,0.7147500866902256f,-1.2246467991473532e-16f,0.1675062233047365f,-0.9858710185182359f,0.06272454302311561f,0f,0f,0f,1f],start_interpolation:0}
execute if entity @s[tag=aj.spawner.bone.t11] run data modify entity @s {} merge value {transformation:[-0.9971890338188368f,0.07502384781525302f,0.0013110724626657808f,-0.19737273264644303f,0.07428078177944965f,0.9921669757489261f,-0.11371818508097185f,0.7166919664109408f,-0.009818161217278505f,-0.11346520771329514f,-0.993512181843226f,0.14643071893383358f,0f,0f,0f,1f],start_interpolation:0}
execute if entity @s[tag=aj.spawner.bone.t12] run data modify entity @s {} merge value {transformation:[-0.9883454649524189f,0.15218265168373626f,-0.0036989774929890393f,-0.18001205812038243f,0.15009159100685146f,0.970133303659111f,-0.19056203042707878f,0.7796289553561101f,-0.025411733845195537f,-0.1888963039817494f,-0.9816681873856438f,0.1267252664797401f,0f,0f,0f,1f],start_interpolation:0}
execute if entity @s[tag=aj.spawner.bone.t13] run data modify entity @s {} merge value {transformation:[-0.9767143794500823f,0.2131744028621448f,-0.024201135093388955f,-0.15826365508247758f,0.21237337729942612f,0.9446582639242803f,-0.25003662334546195f,0.8331762197282523f,-0.030439605613018082f,-0.24935404220491952f,-0.9679338779308178f,0.10854112430318066f,0f,0f,0f,1f],start_interpolation:0}
execute if entity @s[tag=aj.spawner.bone.t14] run data modify entity @s {} merge value {transformation:[-0.950776928780224f,0.30593372170492744f,-0.049272605198193785f,-0.1561582385264007f,0.3038154328538068f,0.8890269602298407f,-0.3425306508100306f,0.8715076921428981f,-0.06098700237836832f,-0.34064001806637617f,-0.9382137089345048f,0.09943733500981751f,0f,0f,0f,1f],start_interpolation:0}
execute if entity @s[tag=aj.spawner.bone.t15] run data modify entity @s {} merge value {transformation:[-0.9153922180932804f,0.3967503857202953f,-0.06816317543264211f,-0.13918705253985733f,0.3901745826247082f,0.8327279994719193f,-0.3928458654092337f,0.8839930318176099f,-0.09910036391405913f,-0.38620358663053866f,-0.9170746466595885f,0.08210158545241952f,0f,0f,0f,1f],start_interpolation:0}
execute if entity @s[tag=aj.spawner.bone.t21] run data modify entity @s {} merge value {transformation:[-0.9948217482960331f,-0.10123825473367054f,0.010329689117224372f,0.13566424112103875f,-0.10163507818280187f,0.990937571646711f,-0.10110878616601895f,0.7165152822292172f,-1.2269788871527948e-16f,-0.10176522066096279f,-0.9948217482960331f,0.14601290555939317f,0f,0f,0f,1f],start_interpolation:0}
execute if entity @s[tag=aj.spawner.bone.t22] run data modify entity @s {} merge value {transformation:[-0.9856386665705635f,-0.16661817875890866f,0.027473650432106998f,0.1228056872241887f,-0.16886515336125862f,0.9715368180091475f,-0.16613479838052997f,0.780882518277943f,0.000989414614737524f,-0.16838822334036638f,-0.9857202581356412f,0.13305488771139184f,0f,0f,0f,1f],start_interpolation:0}
execute if entity @s[tag=aj.spawner.bone.t23] run data modify entity @s {} merge value {transformation:[-0.9745143529014738f,-0.2203644637588707f,0.04196759584831307f,0.10845837766146296f,-0.22416115265597789f,0.9494558657786105f,-0.21973924678703283f,0.8356633925511345f,0.008576341234195737f,-0.22354655454928063f,-0.974655520848356f,0.11656819882194432f,0f,0f,0f,1f],start_interpolation:0}
execute if entity @s[tag=aj.spawner.bone.t24] run data modify entity @s {} merge value {transformation:[-0.9498660157565567f,-0.2970803456419544f,0.09745676140741356f,0.09473970640165992f,-0.31265686837558015f,0.9030247052164891f,-0.29460492939909905f,0.8711136498269995f,-0.00048452898757540136f,-0.310305736334232f,-0.9506366893980741f,0.10205270614130024f,0f,0f,0f,1f],start_interpolation:0}
execute if entity @s[tag=aj.spawner.bone.t25] run data modify entity @s {} merge value {transformation:[-0.9171016176720311f,-0.36673719957063655f,0.1562960310258412f,0.0868733463602315f,-0.3982811122425048f,0.8598324094462986f,-0.3194689081845778f,0.8866164277783866f,-0.017227260206341584f,-0.355235209568055f,-0.9346181933757353f,0.0851378210656854f,0f,0f,0f,1f],start_interpolation:0}
execute if entity @s[tag=aj.spawner.bone.t31] run data modify entity @s {} merge value {transformation:[-0.9948217482960331f,0.10123825473367054f,0.010329689117224372f,-0.19565992687110703f,0.10163507818280187f,0.990937571646711f,0.10110878616601895f,0.7163873584265325f,-1.2269788871527948e-16f,0.10176522066096279f,-0.9948217482960331f,-0.20975859540073757f,0f,0f,0f,1f],start_interpolation:0}
execute if entity @s[tag=aj.spawner.bone.t32] run data modify entity @s {} merge value {transformation:[-0.9844059937111429f,0.1733079991289616f,0.030152561806472373f,-0.1828377804589876f,0.1759100214201342f,0.9691373927664907f,0.1727089410127248f,0.7803982317089938f,0.0007098658642420916f,0.17531985449367904f,-0.9845112720079796f,-0.19683717454590904f,0f,0f,0f,1f],start_interpolation:0}
execute if entity @s[tag=aj.spawner.bone.t33] run data modify entity @s {} merge value {transformation:[-0.9714359740795773f,0.23412992804749522f,0.03866943310338962f,-0.1663577178427455f,0.23658895009480796f,0.9429507629209193f,0.23424245430726903f,0.8348096721306535f,0.0183797975260689f,0.23670030734946512f,-0.9714088467496935f,-0.18393758991457354f,0f,0f,0f,1f],start_interpolation:0}
execute if entity @s[tag=aj.spawner.bone.t34] run data modify entity @s {} merge value {transformation:[-0.943527084960704f,0.3247062760253732f,0.06574552650401942f,-0.15852474713533493f,0.3278363202527001f,0.8865034783898678f,0.326550041993313f,0.8716735271402165f,0.04774921013719144f,0.32966258069790016f,-0.9428905534678321f,-0.16523007410710594f,0f,0f,0f,1f],start_interpolation:0}
execute if entity @s[tag=aj.spawner.bone.t35] run data modify entity @s {} merge value {transformation:[-0.9063640337957316f,0.4137183376469797f,0.08568182617188881f,-0.1337955634820574f,0.41389043659035013f,0.8287230972515903f,0.3767130666446026f,0.8846520424766946f,0.08484659533876077f,0.3769020631097038f,-0.9223588727187859f,-0.16175590698114295f,0f,0f,0f,1f],start_interpolation:0}
execute if entity @s[tag=aj.spawner.bone.t41] run data modify entity @s {} merge value {transformation:[-0.9948217482960331f,-0.10110878616601897f,-0.01032968911722413f,0.1446094078376265f,-0.10163507818280187f,0.9896703108827758f,0.10110878616601895f,0.7180194651242298f,-1.2096316523930268e-16f,0.10163507818280186f,-0.9948217482960331f,-0.2142610214167324f,0f,0f,0f,1f],start_interpolation:0}
execute if entity @s[tag=aj.spawner.bone.t42] run data modify entity @s {} merge value {transformation:[-0.9948217482960331f,-0.10110878616601897f,-0.01032968911722413f,0.13150510341884514f,-0.10163507818280187f,0.9896703108827758f,0.10110878616601895f,0.7847921498452397f,-1.2096316523930268e-16f,0.10163507818280186f,-0.9948217482960331f,-0.20105597386481466f,0f,0f,0f,1f],start_interpolation:0}
execute if entity @s[tag=aj.spawner.bone.t43] run data modify entity @s {} merge value {transformation:[-0.9948217482960331f,-0.10110878616601897f,-0.01032968911722413f,0.11595619122866763f,-0.10163507818280187f,0.9896703108827758f,0.10110878616601895f,0.8447458205471429f,-1.2096316523930268e-16f,0.10163507818280186f,-0.9948217482960331f,-0.18537732758811423f,0f,0f,0f,1f],start_interpolation:0}
execute if entity @s[tag=aj.spawner.bone.t44] run data modify entity @s {} merge value {transformation:[-0.9948217482960331f,-0.10110878616601897f,-0.01032968911722413f,0.3769170856257178f,-0.10163507818280187f,0.9896703108827758f,0.10110878616601895f,0.15367785100531772f,-1.2096316523930268e-16f,0.10163507818280186f,-0.9948217482960331f,0.25433199645542237f,0f,0f,0f,1f],start_interpolation:0}
execute if entity @s[tag=aj.spawner.bone.t45] run data modify entity @s {} merge value {transformation:[-0.9948217482960331f,-0.10110878616601897f,-0.01032968911722413f,0.09086170102692001f,-0.10163507818280187f,0.9896703108827758f,0.10110878616601895f,0.9058914872422842f,-1.2096316523930268e-16f,0.10163507818280186f,-0.9948217482960331f,-0.16005461780181748f,0f,0f,0f,1f],start_interpolation:0}
execute if entity @s[tag=aj.spawner.bone.v61] run data modify entity @s {} merge value {transformation:[-1f,0f,1.364606433335622e-16f,-0.09963345872519982f,0f,1f,0f,0.38940718852138173f,-1.2246467991473532e-16f,0f,-1.1142857142857143f,-0.03125f,0f,0f,0f,1f],start_interpolation:0}
execute if entity @s[tag=aj.spawner.bone.v62] run data modify entity @s {} merge value {transformation:[-1f,0f,1.364606433335622e-16f,0.03806003325170601f,0f,1f,0f,0.38940718852138173f,-1.2246467991473532e-16f,0f,-1.1142857142857143f,-0.03125f,0f,0f,0f,1f],start_interpolation:0}
execute if entity @s[tag=aj.spawner.bone.heart] run data modify entity @s {} merge value {transformation:[-1.2333333333333336f,0f,1.2246467991473532e-16f,-0.03125f,0f,1f,0f,0.37499999999999994f,-1.5103977189484027e-16f,0f,-1f,-0.017116477272727693f,0f,0f,0f,1f],start_interpolation:0}