execute if entity @s[tag=aj.spawner.bone.bones_right] run data modify entity @s {} merge value {transformation:[-1f,6.866649373578743e-18f,1.2227202031944557e-16f,-0.03125f,0f,0.9984268150178166f,-0.05607044723719175f,0.7089465152616541f,-1.2246467991473532e-16f,-0.05607044723719175f,-0.9984268150178166f,-0.12477811445168707f,0f,0f,0f,1f],start_interpolation:0}
execute if entity @s[tag=aj.spawner.bone.bones_left] run data modify entity @s {} merge value {transformation:[-1f,-6.866649373578743e-18f,1.2227202031944557e-16f,-0.031250000000000056f,0f,0.9984268150178166f,0.05607044723719175f,0.7089465152616541f,-1.2246467991473532e-16f,0.05607044723719175f,-0.9984268150178166f,0.06227811445168707f,0f,0f,0f,1f],start_interpolation:0}
execute if entity @s[tag=aj.spawner.bone.t11] run data modify entity @s {} merge value {transformation:[-0.9958707214213939f,0.09096229102225885f,-0.00028954620638501006f,-0.19712989037029777f,0.0900071135707228f,0.9888981552106025f,-0.1335883973187415f,0.7161040396878245f,-0.011841694232647559f,-0.13332668328894653f,-0.9910368591857743f,0.1460741201038627f,0f,0f,0f,1f],start_interpolation:0}
execute if entity @s[tag=aj.spawner.bone.t12] run data modify entity @s {} merge value {transformation:[-0.9849091688037414f,0.172901520043052f,-0.0076807273825756205f,-0.1792611992335229f,0.17048473597463248f,0.9615847687301722f,-0.2151503830947118f,0.7784585330888929f,-0.02981415781106714f,-0.21321303176153067f,-0.976550725298524f,0.1256157096703715f,0f,0f,0f,1f],start_interpolation:0}
execute if entity @s[tag=aj.spawner.bone.t13] run data modify entity @s {} merge value {transformation:[-0.9871862436316321f,0.15910826054162475f,-0.012160666588893053f,-0.15897609556402245f,0.15828648599866527f,0.9667290030258366f,-0.200948807060073f,0.8353142279654497f,-0.020216546061632593f,-0.20029876718564837f,-0.9795262605613222f,0.10930984845703713f,0f,0f,0f,1f],start_interpolation:0}
execute if entity @s[tag=aj.spawner.bone.t14] run data modify entity @s {} merge value {transformation:[-0.9888913277418468f,0.14816403687877677f,-0.011889495058741192f,-0.15882246278260573f,0.14771134660394983f,0.9706334002796141f,-0.1898740644376751f,0.8755185439748678f,-0.016592166869193292f,-0.18952102901108114f,-0.9817364613587324f,0.10109628929717016f,0f,0f,0f,1f],start_interpolation:0}
execute if entity @s[tag=aj.spawner.bone.t15] run data modify entity @s {} merge value {transformation:[-0.9904541178043009f,0.13736013115148607f,-0.011525402142682143f,-0.14503617092753263f,0.13712896402510857f,0.9733762233258706f,-0.18366920016503976f,0.8955424789858127f,-0.01401027301320256f,-0.18349638207308477f,-0.9829205410490637f,0.08653244871492409f,0f,0f,0f,1f],start_interpolation:0}
execute if entity @s[tag=aj.spawner.bone.t21] run data modify entity @s {} merge value {transformation:[-0.9918524274363351f,-0.12667048522871396f,0.015490195870313547f,0.13516689584562064f,-0.12738991707235292f,0.9854935792452163f,-0.1264905076841533f,0.7154059352432498f,0.0007557889576496605f,-0.1276585510776322f,-0.9918468658506233f,0.14539499371651934f,0f,0f,0f,1f],start_interpolation:0}
execute if entity @s[tag=aj.spawner.bone.t22] run data modify entity @s {} merge value {transformation:[-0.9795581262241055f,-0.19765212131075918f,0.03741010945822283f,0.12110279919987428f,-0.2011382481711098f,0.9595429814127363f,-0.19702962199683072f,0.7789959587191768f,0.0030467147842106797f,-0.20052657121417578f,-0.9796835263319016f,0.13117990408122324f,0f,0f,0f,1f],start_interpolation:0}
execute if entity @s[tag=aj.spawner.bone.t23] run data modify entity @s {} merge value {transformation:[-0.9808521336767148f,-0.1925565488156062f,0.029173058976718062f,0.10383553103381235f,-0.19454302570360443f,0.9617658472479316f,-0.19276790764428398f,0.8356720483255807f,0.009061071234831714f,-0.19475222867965228f,-0.9808106169961588f,0.11550695697195973f,0f,0f,0f,1f],start_interpolation:0}
execute if entity @s[tag=aj.spawner.bone.t24] run data modify entity @s {} merge value {transformation:[-0.9808521336767148f,-0.1925565488156062f,0.029173058976718062f,0.08977806505594634f,-0.19454302570360443f,0.9617658472479316f,-0.19276790764428398f,0.8734347285536691f,0.009061071234831714f,-0.19475222867965228f,-0.9808106169961588f,0.1012753194248519f,0f,0f,0f,1f],start_interpolation:0}
execute if entity @s[tag=aj.spawner.bone.t25] run data modify entity @s {} merge value {transformation:[-0.9808198802250726f,-0.19247760540692907f,0.03073652504901417f,0.08062173273284863f,-0.1947739989636639f,0.9618168530840414f,-0.19227956326977158f,0.8931653275075029f,0.007446602109474133f,-0.19457829411402994f,-0.9808587235564035f,0.08660419279540466f,0f,0f,0f,1f],start_interpolation:0}
execute if entity @s[tag=aj.spawner.bone.t31] run data modify entity @s {} merge value {transformation:[-0.9918524274363351f,0.12667048522871396f,0.015490195870313547f,-0.19516261618288216f,0.12738991707235292f,0.9854935792452163f,0.1264905076841533f,0.7152529881719829f,0.0007557889576496605f,0.1276585510776322f,-0.9918468658506233f,-0.20913792899509115f,0f,0f,0f,1f],start_interpolation:0}
execute if entity @s[tag=aj.spawner.bone.t32] run data modify entity @s {} merge value {transformation:[-0.9795696647775927f,0.19769466401428515f,0.03687942065425664f,-0.18109851953713585f,0.20107314736645765f,0.9595341651094853f,0.19713897482687107f,0.7788430116479098f,0.003586259285315246f,0.20052682066975933f,-0.9796816487698525f,-0.19492283935979504f,0f,0f,0f,1f],start_interpolation:0}
execute if entity @s[tag=aj.spawner.bone.t33] run data modify entity @s {} merge value {transformation:[-0.9808521336767148f,0.1925565488156062f,0.029173058976718062f,-0.16563004358559705f,0.19454302570360443f,0.9617658472479316f,0.19276790764428398f,0.8355206987479042f,0.009061071234831714f,0.19475222867965228f,-0.9808106169961588f,-0.1774773531007825f,0f,0f,0f,1f],start_interpolation:0}
execute if entity @s[tag=aj.spawner.bone.t34] run data modify entity @s {} merge value {transformation:[-0.9808521336767148f,0.1925565488156062f,0.029173058976718062f,-0.15912049018993057f,0.19454302570360443f,0.9617658472479316f,0.19276790764428398f,0.8733654437391924f,0.009061071234831714f,0.19475222867965228f,-0.9808106169961588f,-0.15642036089026637f,0f,0f,0f,1f],start_interpolation:0}
execute if entity @s[tag=aj.spawner.bone.t35] run data modify entity @s {} merge value {transformation:[-0.9808678981144608f,0.1927157538813925f,0.02754640910257404f,-0.13701986864106425f,0.19438111893462454f,0.9617696090595218f,0.1929124145596075f,0.8930091854490556f,0.010683962291358198f,0.194576096413257f,-0.9808292387843746f,-0.15389220637347512f,0f,0f,0f,1f],start_interpolation:0}
execute if entity @s[tag=aj.spawner.bone.t41] run data modify entity @s {} merge value {transformation:[-0.9926219238595808f,-0.1203560377044865f,-0.014701716273304404f,0.1474643750615629f,-0.12125063411506153f,0.9852982837266955f,0.12035603770448648f,0.7178245000960323f,-1.2156112618181233e-16f,0.12125063411506151f,-0.9926219238595808f,-0.21534181601921337f,0f,0f,0f,1f],start_interpolation:0}
execute if entity @s[tag=aj.spawner.bone.t42] run data modify entity @s {} merge value {transformation:[-0.9926219238595808f,-0.1203560377044865f,-0.014701716273304404f,0.13307789617196525f,-0.12125063411506153f,0.9852982837266955f,0.12035603770448648f,0.7840537154033697f,-1.2156112618181233e-16f,0.12125063411506151f,-0.9926219238595808f,-0.20080194789968064f,0f,0f,0f,1f],start_interpolation:0}
execute if entity @s[tag=aj.spawner.bone.t43] run data modify entity @s {} merge value {transformation:[-0.9926219238595808f,-0.1203560377044865f,-0.014701716273304404f,0.11638764186931352f,-0.12125063411506153f,0.9852982837266955f,0.12035603770448648f,0.8433697955879798f,-1.2156112618181233e-16f,0.12125063411506151f,-0.9926219238595808f,-0.18391795273130573f,0f,0f,0f,1f],start_interpolation:0}
execute if entity @s[tag=aj.spawner.bone.t44] run data modify entity @s {} merge value {transformation:[-0.9926219238595808f,-0.1203560377044865f,-0.014701716273304404f,0.3919731397030344f,-0.12125063411506153f,0.9852982837266955f,0.12035603770448648f,0.1491104906785352f,-1.2156112618181233e-16f,0.12125063411506151f,-0.9926219238595808f,0.24161285404111632f,0f,0f,0f,1f],start_interpolation:0}
execute if entity @s[tag=aj.spawner.bone.t45] run data modify entity @s {} merge value {transformation:[-0.9926219238595808f,-0.1203560377044865f,-0.014701716273304404f,0.09015327300271396f,-0.12125063411506153f,0.9852982837266955f,0.12035603770448648f,0.9034998703609272f,-1.2156112618181233e-16f,0.12125063411506151f,-0.9926219238595808f,-0.1573492187951379f,0f,0f,0f,1f],start_interpolation:0}
execute if entity @s[tag=aj.spawner.bone.v11] run data modify entity @s {} merge value {transformation:[-1f,0f,1.2596367076944204e-16f,-0.030800627695997784f,0f,1f,0f,0.6526466891732801f,-1.2246467991473532e-16f,0f,-1.0285714285714285f,-0.031250000000000056f,0f,0f,0f,1f],start_interpolation:0}
execute if entity @s[tag=aj.spawner.bone.v21] run data modify entity @s {} merge value {transformation:[-1f,0f,1.434586250429757e-16f,-0.08549492101734665f,0f,1f,0f,0.6282246178250585f,-1.2246467991473532e-16f,0f,-1.1714285714285717f,-0.03125f,0f,0f,0f,1f],start_interpolation:0}
execute if entity @s[tag=aj.spawner.bone.v22] run data modify entity @s {} merge value {transformation:[-1f,0f,1.434586250429757e-16f,0.02392149852408563f,0f,1f,0f,0.6282246178250586f,-1.2246467991473532e-16f,0f,-1.1714285714285717f,-0.03125f,0f,0f,0f,1f],start_interpolation:0}
execute if entity @s[tag=aj.spawner.bone.heart] run data modify entity @s {} merge value {transformation:[-1.278571428571429f,0f,1.2246467991473532e-16f,-0.03125f,0f,1f,0f,0.37499999999999994f,-1.565798407481259e-16f,0f,-1f,-0.017116477272727693f,0f,0f,0f,1f],start_interpolation:0}