execute if entity @s[tag=aj.spawner.bone.bones_right] run data modify entity @s {} merge value {transformation:[-1f,3.058879644897931e-17f,1.185829808970136e-16f,-0.03125f,0f,0.9683035221222615f,-0.24977647816722687f,0.7191027652616542f,-1.2246467991473532e-16f,-0.24977647816722687f,-0.9683035221222615f,-0.12555936445168703f,0f,0f,0f,1f],start_interpolation:0}
execute if entity @s[tag=aj.spawner.bone.bones_left] run data modify entity @s {} merge value {transformation:[-1f,-3.058879644897931e-17f,1.185829808970136e-16f,-0.031250000000000056f,0f,0.9683035221222615f,0.24977647816722687f,0.7191027652616542f,-1.2246467991473532e-16f,0.24977647816722687f,-0.9683035221222615f,0.06305936445168706f,0f,0f,0f,1f],start_interpolation:0}
execute if entity @s[tag=aj.spawner.bone.t11] run data modify entity @s {} merge value {transformation:[-0.9981793804434304f,0.06042614951519215f,0.0004990217021226665f,-0.1989991954167421f,0.06011059871104775f,0.997305154979061f,-0.0740661355234558f,0.7201086574128188f,-0.004963907751857512f,-0.07403975670446912f,-0.9972532068366396f,0.14868889497271773f,0f,0f,0f,1f],start_interpolation:0}
execute if entity @s[tag=aj.spawner.bone.t12] run data modify entity @s {} merge value {transformation:[-0.9985446334575294f,0.05389736795776292f,0.0019206041741946641f,-0.18481999849346037f,0.05364395637273498f,0.9962623060112685f,-0.06770334973832254f,0.7881592004198799f,-0.005562457896337525f,-0.0675017877417704f,-0.9977036472389065f,0.13363816524942865f,0f,0f,0f,1f],start_interpolation:0}
execute if entity @s[tag=aj.spawner.bone.t13] run data modify entity @s {} merge value {transformation:[-0.9997730798283322f,0.02114220498114727f,0.002606917548908614f,-0.17392139647034704f,0.02103794544548719f,0.9991642245967027f,-0.03504649964692927f,0.8504395343949963f,-0.0033456990307498963f,-0.034983702700038206f,-0.9993822826343235f,0.12816318513181907f,0f,0f,0f,1f],start_interpolation:0}
execute if entity @s[tag=aj.spawner.bone.t14] run data modify entity @s {} merge value {transformation:[-0.9997730798283322f,0.02114220498114727f,0.002606917548908614f,-0.17591636201907096f,0.02103794544548719f,0.9991642245967027f,-0.03504649964692927f,0.8909704439003054f,-0.0033456990307498963f,-0.034983702700038206f,-0.9993822826343235f,0.12334785937629736f,0f,0f,0f,1f],start_interpolation:0}
execute if entity @s[tag=aj.spawner.bone.t15] run data modify entity @s {} merge value {transformation:[-0.9997734816434516f,0.021140086688404232f,0.0024661989655834667f,-0.1660566159602283f,0.021040711908290464f,0.9991637327121926f,-0.03505886015018466f,0.9155393017112029f,-0.0032052839068348687f,-0.03499902809285761f,-0.9993822062592629f,0.11319994600199128f,0f,0f,0f,1f],start_interpolation:0}
execute if entity @s[tag=aj.spawner.bone.t21] run data modify entity @s {} merge value {transformation:[-0.997543305145567f,-0.07006542118463154f,0.0037326409370881672f,0.13737391180144268f,-0.07004257760947837f,0.996686911726748f,-0.06996126701424371f,0.7197383462375035f,0.001179695332864397f,-0.0701634190249236f,-0.997542725154866f,0.14795069455108523f,0f,0f,0f,1f],start_interpolation:0}
execute if entity @s[tag=aj.spawner.bone.t22] run data modify entity @s {} merge value {transformation:[-0.9975422803283858f,-0.06989205742486221f,0.00494967333912109f,0.12825126420100166f,-0.07006708974974359f,0.9950938141942928f,-0.06984915093439359f,0.7878411616540908f,-0.00004348845385730238f,-0.07002429050818068f,-0.9975452856124278f,0.1388144298278864f,0f,0f,0f,1f],start_interpolation:0}
execute if entity @s[tag=aj.spawner.bone.t23] run data modify entity @s {} merge value {transformation:[-0.9991149819008869f,-0.04202526246462378f,0.0017692529411905496f,0.11001904262020254f,-0.04206248852826503f,0.9982307470588095f,-0.042025262464623785f,0.84944202801681f,-1.2235629645650868e-16f,-0.04206248852826504f,-0.9991149819008869f,0.13306328997642955f,0f,0f,0f,1f],start_interpolation:0}
execute if entity @s[tag=aj.spawner.bone.t24] run data modify entity @s {} merge value {transformation:[-0.9991149819008869f,-0.04202526246462378f,0.0017692529411905496f,0.09896165012358009f,-0.04206248852826503f,0.9982307470588095f,-0.042025262464623785f,0.8892068294505153f,-1.2235629645650868e-16f,-0.04206248852826504f,-0.9991149819008869f,0.12198779842464805f,0f,0f,0f,1f],start_interpolation:0}
execute if entity @s[tag=aj.spawner.bone.t25] run data modify entity @s {} merge value {transformation:[-0.9991149819008869f,-0.04202526246462378f,0.0017692529411905496f,0.08856090235296732f,-0.04206248852826503f,0.9982307470588095f,-0.042025262464623785f,0.9133742754614274f,-1.2235629645650868e-16f,-0.04206248852826504f,-0.9991149819008869f,0.11156953325612058f,0f,0f,0f,1f],start_interpolation:0}
execute if entity @s[tag=aj.spawner.bone.t31] run data modify entity @s {} merge value {transformation:[-0.997543305145567f,0.07006542118463154f,0.0037326409370881672f,-0.19736956495612965f,0.07004257760947837f,0.996686911726748f,0.06996126701424371f,0.719685630073145f,0.001179695332864397f,0.0701634190249236f,-0.997542725154866f,-0.21170176026755222f,0f,0f,0f,1f],start_interpolation:0}
execute if entity @s[tag=aj.spawner.bone.t32] run data modify entity @s {} merge value {transformation:[-0.9975465897948801f,0.06996069255647278f,0.002510515011709271f,-0.1882469173556887f,0.0699645549029288f,0.9950890153824075f,0.07002008656454085f,0.7877884454897321f,0.0024004678378149197f,0.07002394563497139f,-0.9975424225524798f,-0.20256549554435338f,0f,0f,0f,1f],start_interpolation:0}
execute if entity @s[tag=aj.spawner.bone.t33] run data modify entity @s {} merge value {transformation:[-0.9991149819008869f,0.04202526246462378f,0.0017692529411905496f,-0.18252574871041563f,0.04206248852826503f,0.9982307470588095f,0.042025262464623785f,0.8493897771782469f,-1.2235629645650868e-16f,0.04206248852826504f,-0.9991149819008869f,-0.18432541841913566f,0f,0f,0f,1f],start_interpolation:0}
execute if entity @s[tag=aj.spawner.bone.t34] run data modify entity @s {} merge value {transformation:[-0.9991149819008869f,0.04202526246462378f,0.0017692529411905496f,-0.17897605610421252f,0.04206248852826503f,0.9982307470588095f,0.042025262464623785f,0.8891811693570297f,-1.2235629645650868e-16f,0.04206248852826504f,-0.9991149819008869f,-0.16637992537224014f,0f,0f,0f,1f],start_interpolation:0}
execute if entity @s[tag=aj.spawner.bone.t35] run data modify entity @s {} merge value {transformation:[-0.9991149819008869f,0.04202526246462378f,0.0017692529411905496f,-0.1610676084431804f,0.04206248852826503f,0.9982307470588095f,0.042025262464623785f,0.9133220246228645f,-1.2235629645650868e-16f,0.04206248852826504f,-0.9991149819008869f,-0.16283166169882665f,0f,0f,0f,1f],start_interpolation:0}
execute if entity @s[tag=aj.spawner.bone.t41] run data modify entity @s {} merge value {transformation:[-0.9991149819008869f,-0.04202526246462379f,-0.001769252941190305f,0.14169096235006065f,-0.04206248852826503f,0.9982307470588095f,0.042025262464623785f,0.7200638903661226f,-1.2235629645650868e-16f,0.042062488528265024f,-0.9991149819008869f,-0.21386330710339535f,0f,0f,0f,1f],start_interpolation:0}
execute if entity @s[tag=aj.spawner.bone.t42] run data modify entity @s {} merge value {transformation:[-0.9991149819008869f,-0.04202526246462379f,-0.001769252941190305f,0.13256831474961964f,-0.04206248852826503f,0.9982307470588095f,0.042025262464623785f,0.7881667057827094f,-1.2235629645650868e-16f,0.042062488528265024f,-0.9991149819008869f,-0.20472704238019665f,0f,0f,0f,1f],start_interpolation:0}
execute if entity @s[tag=aj.spawner.bone.t43] run data modify entity @s {} merge value {transformation:[-0.9991149819008869f,-0.04202526246462379f,-0.001769252941190305f,0.1205916196365835f,-0.04206248852826503f,0.9982307470588095f,0.042025262464623785f,0.8497678048083266f,-1.2235629645650868e-16f,0.042062488528265024f,-0.9991149819008869f,-0.19273143389185926f,0f,0f,0f,1f],start_interpolation:0}
execute if entity @s[tag=aj.spawner.bone.t44] run data modify entity @s {} merge value {transformation:[-0.9991149819008869f,-0.04202526246462379f,-0.001769252941190305f,0.3386722335960961f,-0.04206248852826503f,0.9982307470588095f,0.042025262464623785f,0.17185302658556367f,-1.2235629645650868e-16f,0.042062488528265024f,-0.9991149819008869f,0.288820448945512f,0f,0f,0f,1f],start_interpolation:0}
execute if entity @s[tag=aj.spawner.bone.t45] run data modify entity @s {} merge value {transformation:[-0.9991149819008869f,-0.04202526246462379f,-0.001769252941190305f,0.09913347936934827f,-0.04206248852826503f,0.9982307470588095f,0.042025262464623785f,0.9137000522529438f,-1.2235629645650868e-16f,0.042062488528265024f,-0.9991149819008869f,-0.17123767717155042f,0f,0f,0f,1f],start_interpolation:0}
execute if entity @s[tag=aj.spawner.bone.v11] run data modify entity @s {} merge value {transformation:[-1f,0f,1.382101387609156e-16f,-0.030800627695997784f,0f,1f,0f,0.6526466891732801f,-1.2246467991473532e-16f,0f,-1.1285714285714288f,-0.031250000000000056f,0f,0f,0f,1f],start_interpolation:0}
execute if entity @s[tag=aj.spawner.bone.heart] run data modify entity @s {} merge value {transformation:[-1.0964285714285715f,0f,1.2246467991473532e-16f,-0.03125f,0f,1f,0f,0.37499999999999994f,-1.3427377404937052e-16f,0f,-1f,-0.017116477272727693f,0f,0f,0f,1f],start_interpolation:0}