execute if entity @s[tag=aj.spawner.bone.bones_right] run data modify entity @s {} merge value {transformation:[-1f,3.4346757976309198e-18f,1.22416505540649e-16f,-0.03125f,0f,0.9996066263830529f,-0.028046256275868885f,0.7074956224045112f,-1.2246467991473532e-16f,-0.028046256275868885f,-0.9996066263830529f,-0.12466650730882989f,0f,0f,0f,1f],start_interpolation:0}
execute if entity @s[tag=aj.spawner.bone.bones_left] run data modify entity @s {} merge value {transformation:[-1f,-3.4346757976309198e-18f,1.22416505540649e-16f,-0.031250000000000056f,0f,0.9996066263830529f,0.028046256275868885f,0.7074956224045112f,-1.2246467991473532e-16f,0.028046256275868885f,-0.9996066263830529f,0.06216650730882989f,0f,0f,0f,1f],start_interpolation:0}
execute if entity @s[tag=aj.spawner.bone.t11] run data modify entity @s {} merge value {transformation:[-0.9962849634275779f,0.0862767827199967f,0.00010269902222428208f,-0.19710758351569113f,0.08538099784185782f,0.9897409733025466f,-0.12935083457823462f,0.7160487664280988f,-0.011240856534902253f,-0.12909954030568138f,-0.9915988861665915f,0.14604103484066222f,0f,0f,0f,1f],start_interpolation:0}
execute if entity @s[tag=aj.spawner.bone.t12] run data modify entity @s {} merge value {transformation:[-0.9850669074385446f,0.17201627150928997f,-0.007320533143416129f,-0.17920204305884982f,0.1695580214382948f,0.9618532399305164f,-0.21468214225011634f,0.7782319244349606f,-0.029887543147478497f,-0.21271752906427494f,-0.9766565351204061f,0.1255279285327353f,0f,0f,0f,1f],start_interpolation:0}
execute if entity @s[tag=aj.spawner.bone.t13] run data modify entity @s {} merge value {transformation:[-0.9836502012872477f,0.1793357655305605f,-0.016461005714258875f,-0.15798322160102427f,0.17849776605707213f,0.9587476213696906f,-0.2212273627528814f,0.8338360667565285f,-0.023892028381696413f,-0.2205485926491667f,-0.9750833242653061f,0.10817360571055551f,0f,0f,0f,1f],start_interpolation:0}
execute if entity @s[tag=aj.spawner.bone.t14] run data modify entity @s {} merge value {transformation:[-0.9818761961498292f,0.1887328596173269f,-0.017292863701785073f,-0.1573678653220706f,0.18758607243508818f,0.9547720692457305f,-0.2306984204900497f,0.8736493863835139f,-0.02702962934854989f,-0.229761187951517f,-0.9728716234161564f,0.09965509732794608f,0f,0f,0f,1f],start_interpolation:0}
execute if entity @s[tag=aj.spawner.bone.t15] run data modify entity @s {} merge value {transformation:[-0.9800046389837129f,0.19841516092826159f,-0.014910784158269368f,-0.14268698825268927f,0.19627104860531855f,0.9516591104957556f,-0.2362680953700601f,0.8918075830659624f,-0.03268918857621151f,-0.23447038474877635f,-0.9715734947115373f,0.08427553625781634f,0f,0f,0f,1f],start_interpolation:0}
execute if entity @s[tag=aj.spawner.bone.t21] run data modify entity @s {} merge value {transformation:[-0.9920660160815423f,-0.12491829976513412f,0.015805019736097183f,0.135058339929926f,-0.12571801675216268f,0.9857552893789554f,-0.12472057202899063f,0.7151500726246621f,-1.1802360016175912e-16f,-0.12591732580311124f,-0.9920660160815423f,0.1452556731794288f,0f,0f,0f,1f],start_interpolation:0}
execute if entity @s[tag=aj.spawner.bone.t22] run data modify entity @s {} merge value {transformation:[-0.9780208187679182f,-0.2045936771357941f,0.04020827442933958f,0.12075748591197223f,-0.2084818471590218f,0.9565361078324093f,-0.20389701767801227f,0.7782865384806472f,0.0032553742784686805f,-0.20779822349789187f,-0.9781662950896578f,0.13079046503317512f,0f,0f,0f,1f],start_interpolation:0}
execute if entity @s[tag=aj.spawner.bone.t23] run data modify entity @s {} merge value {transformation:[-0.9760831813572474f,-0.21429005118954192f,0.036625087477010404f,0.10435627933157557f,-0.2171157729708576f,0.9523130728129625f,-0.21438412365844728f,0.8340278474436766f,0.01106183523571844f,-0.21720862163071913f,-0.9760625238633543f,0.11384650833428407f,0f,0f,0f,1f],start_interpolation:0}
execute if entity @s[tag=aj.spawner.bone.t24] run data modify entity @s {} merge value {transformation:[-0.9726467158555484f,-0.2280022756675228f,0.04442216142700667f,0.0900855443315686f,-0.23207676661846072f,0.9456409953809096f,-0.22782335756221966f,0.8711816635459728f,0.009936827025595788f,-0.23190099211826026f,-0.9726886394541832f,0.09927327581042356f,0f,0f,0f,1f],start_interpolation:0}
execute if entity @s[tag=aj.spawner.bone.t25] run data modify entity @s {} merge value {transformation:[-0.9689392494437676f,-0.24141821311408765f,0.05360948856452004f,0.08144500601720614f,-0.2472263121176228f,0.9403698951708762f,-0.2336313567418449f,0.8896514460188141f,0.005990115530454166f,-0.23962826760029043f,-0.9708462349326054f,0.08376366855056083f,0f,0f,0f,1f],start_interpolation:0}
execute if entity @s[tag=aj.spawner.bone.t31] run data modify entity @s {} merge value {transformation:[-0.9920660160815423f,0.12491829976513412f,0.015805019736097183f,-0.19505407092580868f,0.12571801675216268f,0.9857552893789554f,0.12472057202899063f,0.7149914028294234f,-1.1802360016175912e-16f,0.12591732580311124f,-0.9920660160815423f,-0.2089979123647829f,0f,0f,0f,1f],start_interpolation:0}
execute if entity @s[tag=aj.spawner.bone.t32] run data modify entity @s {} merge value {transformation:[-0.9775602147083465f,0.20660493465304203f,0.04111480993977468f,-0.18076634526405944f,0.21063123097966158f,0.9556428257926454f,0.20586712716468417f,0.7780242702006889f,0.0032420912022952542f,0.2099075760616087f,-0.9777158576787921f,-0.19454593756791488f,0f,0f,0f,1f],start_interpolation:0}
execute if entity @s[tag=aj.spawner.bone.t33] run data modify entity @s {} merge value {transformation:[-0.9759641158560841f,0.21498037906441364f,0.035741868705669574f,-0.16397198231951826f,0.21758728247926917f,0.9520180436465393f,0.21521482075986909f,0.8337676966340566f,0.01224005982579348f,0.21781891834442874f,-0.9759124447135226f,-0.17817229914811422f,0f,0f,0f,1f],start_interpolation:0}
execute if entity @s[tag=aj.spawner.bone.t34] run data modify entity @s {} merge value {transformation:[-0.9738635464172261f,0.22411212067001762f,0.036926282353509345f,-0.15710854094579169f,0.22661441379978298f,0.9477210290656636f,0.2246569796932661f,0.8713397251886486f,0.015352537830741829f,0.2271532708008126f,-0.9737379992311322f,-0.1571013404495083f,0f,0f,0f,1f],start_interpolation:0}
execute if entity @s[tag=aj.spawner.bone.t35] run data modify entity @s {} merge value {transformation:[-0.9717086878919952f,0.23361158379899133f,0.03475419097237438f,-0.1342292739823131f,0.2352480851985568f,0.9442506648531714f,0.23032372942177745f,0.8897011416276381f,0.020989623284613176f,0.2319834257857023f,-0.9724932523545342f,-0.15487819735034697f,0f,0f,0f,1f],start_interpolation:0}
execute if entity @s[tag=aj.spawner.bone.t41] run data modify entity @s {} merge value {transformation:[-0.9920660160815423f,-0.12472057202899064f,-0.01580501973609694f,0.14606796790063412f,-0.12571801675216268f,0.984194980263903f,0.12472057202899063f,0.7174140185541068f,-1.2496249406566635e-16f,0.12571801675216265f,-0.9920660160815423f,-0.21455690297213623f,0f,0f,0f,1f],start_interpolation:0}
execute if entity @s[tag=aj.spawner.bone.t42] run data modify entity @s {} merge value {transformation:[-0.9920660160815423f,-0.12472057202899064f,-0.01580501973609694f,0.13139179734648201f,-0.12571801675216268f,0.984194980263903f,0.12472057202899063f,0.7835121822673671f,-1.2496249406566635e-16f,0.12571801675216265f,-0.9920660160815423f,-0.19971337671991551f,0f,0f,0f,1f],start_interpolation:0}
execute if entity @s[tag=aj.spawner.bone.t43] run data modify entity @s {} merge value {transformation:[-0.9920660160815423f,-0.12472057202899064f,-0.01580501973609694f,0.11444431475393158f,-0.12571801675216268f,0.984194980263903f,0.12472057202899063f,0.8426765067640376f,-1.2496249406566635e-16f,0.12571801675216265f,-0.9920660160815423f,-0.1825553817721409f,0f,0f,0f,1f],start_interpolation:0}
execute if entity @s[tag=aj.spawner.bone.t44] run data modify entity @s {} merge value {transformation:[-0.9920660160815423f,-0.12472057202899064f,-0.01580501973609694f,0.39339236788569676f,-0.12571801675216268f,0.984194980263903f,0.12472057202899063f,0.14777167184765783f,-1.2496249406566635e-16f,0.12571801675216265f,-0.9920660160815423f,0.23971830986141351f,0f,0f,0f,1f],start_interpolation:0}
execute if entity @s[tag=aj.spawner.bone.t45] run data modify entity @s {} merge value {transformation:[-0.9920660160815423f,-0.12472057202899064f,-0.01580501973609694f,0.087954633533052f,-0.12571801675216268f,0.984194980263903f,0.12472057202899063f,0.9025685788042092f,-1.2496249406566635e-16f,0.12571801675216265f,-0.9920660160815423f,-0.15570389912125154f,0f,0f,0f,1f],start_interpolation:0}
execute if entity @s[tag=aj.spawner.bone.v61] run data modify entity @s {} merge value {transformation:[-1f,0f,1.4520812047032904e-16f,-0.09963345872519982f,0f,1f,0f,0.38940718852138173f,-1.2246467991473532e-16f,0f,-1.185714285714286f,-0.03125f,0f,0f,0f,1f],start_interpolation:0}
execute if entity @s[tag=aj.spawner.bone.v62] run data modify entity @s {} merge value {transformation:[-1f,0f,1.4520812047032904e-16f,0.03806003325170601f,0f,1f,0f,0.38940718852138173f,-1.2246467991473532e-16f,0f,-1.185714285714286f,-0.03125f,0f,0f,0f,1f],start_interpolation:0}
execute if entity @s[tag=aj.spawner.bone.heart] run data modify entity @s {} merge value {transformation:[-1.2888888888888892f,0f,1.2246467991473532e-16f,-0.03125f,0f,1f,0f,0.37499999999999994f,-1.5784336522343667e-16f,0f,-1f,-0.017116477272727693f,0f,0f,0f,1f],start_interpolation:0}