execute if entity @s[tag=aj.spawner.bone.bones_right] run data modify entity @s {} merge value {transformation:[-1f,2.0513596020740713e-17f,1.2073437872004985e-16f,-0.03125f,0f,0.9858710185182359f,-0.16750622330473633f,0.7147500866902256f,-1.2246467991473532e-16f,-0.16750622330473633f,-0.9858710185182359f,-0.12522454302311564f,0f,0f,0f,1f],start_interpolation:0}
execute if entity @s[tag=aj.spawner.bone.bones_left] run data modify entity @s {} merge value {transformation:[-1f,-2.0513596020740713e-17f,1.2073437872004985e-16f,-0.031250000000000056f,0f,0.9858710185182359f,0.16750622330473633f,0.7147500866902256f,-1.2246467991473532e-16f,0.16750622330473633f,-0.9858710185182359f,0.06272454302311561f,0f,0f,0f,1f],start_interpolation:0}
execute if entity @s[tag=aj.spawner.bone.t11] run data modify entity @s {} merge value {transformation:[-0.9951269912153113f,0.09881884738647871f,-0.0009660040019963865f,-0.19735465129225327f,0.09779267697080307f,0.9878828358170937f,-0.13749190957821952f,0.7166490328998922f,-0.012604113838180617f,-0.13722465928309113f,-0.9905024187940192f,0.14640438493705527f,0f,0f,0f,1f],start_interpolation:0}
execute if entity @s[tag=aj.spawner.bone.t12] run data modify entity @s {} merge value {transformation:[-0.9878300137758168f,0.1554502102246507f,-0.00520538421074594f,-0.17989794147559f,0.15349591398979687f,0.968914193597739f,-0.19402136437330839f,0.780281716796969f,-0.025117091234983034f,-0.19245913224878453f,-0.9809834933075776f,0.12655610420197905f,0f,0f,0f,1f],start_interpolation:0}
execute if entity @s[tag=aj.spawner.bone.t13] run data modify entity @s {} merge value {transformation:[-0.9923411783544136f,0.12341659759064749f,-0.005227731948191186f,-0.16194213496227963f,0.12262874248102999f,0.9791452454817394f,-0.16197771380046586f,0.8389387671861779f,-0.014872029441040768f,-0.16137822557474282f,-0.9867805688452991f,0.11274788087949153f,0f,0f,0f,1f],start_interpolation:0}
execute if entity @s[tag=aj.spawner.bone.t14] run data modify entity @s {} merge value {transformation:[-0.9940553135871325f,0.10871669508495772f,-0.005891836639957765f,-0.1621773263147336f,0.10839790756251173f,0.9831710006150985f,-0.1470533140924578f,0.8793017551473519f,-0.010194467384654272f,-0.14681779101767678f,-0.9891110195905376f,0.10504409566251338f,0f,0f,0f,1f],start_interpolation:0}
execute if entity @s[tag=aj.spawner.bone.t15] run data modify entity @s {} merge value {transformation:[-0.9955285417283036f,0.09416950083676795f,-0.007418066895846048f,-0.14953592903317925f,0.09428623453174266f,0.9858377636763183f,-0.13868673219706723f,0.9009910054068742f,-0.005747049864278133f,-0.13876602185632397f,-0.9903085188950096f,0.09163700075540838f,0f,0f,0f,1f],start_interpolation:0}
execute if entity @s[tag=aj.spawner.bone.t21] run data modify entity @s {} merge value {transformation:[-0.9926320687257338f,-0.12073243320361028f,0.012796090422141242f,0.13563720556505732f,-0.12115234443595561f,0.9872667050819328f,-0.12057076755621464f,0.7164574151520172f,0.001919785129019037f,-0.12147663060239444f,-0.9926222595130605f,0.14598010019970317f,0f,0f,0f,1f],start_interpolation:0}
execute if entity @s[tag=aj.spawner.bone.t22] run data modify entity @s {} merge value {transformation:[-0.9853489766897703f,-0.16836960535109236f,0.02718584430066217f,0.12264731904998802f,-0.1705398620850414f,0.9709300402395616f,-0.1679613419820714f,0.7814358761564261f,0.0018840319629728451f,-0.17013680658317495f,-0.9854186508632976f,0.1328880027723014f,0f,0f,0f,1f],start_interpolation:0}
execute if entity @s[tag=aj.spawner.bone.t23] run data modify entity @s {} merge value {transformation:[-0.9883885538096753f,-0.15086767687641695f,0.018083439162164178f,0.10452752252844269f,-0.15186137372384323f,0.9767989478127794f,-0.1510031083208357f,0.8395887812223961f,0.005117603807044046f,-0.1519959197668143f,-0.9883678720524631f,0.11999351418229195f,0f,0f,0f,1f],start_interpolation:0}
execute if entity @s[tag=aj.spawner.bone.t24] run data modify entity @s {} merge value {transformation:[-0.9883885538096753f,-0.15086767687641695f,0.018083439162164178f,0.09115201542544087f,-0.15186137372384323f,0.9767989478127794f,-0.1510031083208357f,0.8778656114901066f,0.005117603807044046f,-0.1519959197668143f,-0.9883678720524631f,0.10649714617477272f,0f,0f,0f,1f],start_interpolation:0}
execute if entity @s[tag=aj.spawner.bone.t25] run data modify entity @s {} merge value {transformation:[-0.9883728809144882f,-0.15084001441311512f,0.019139966683521872f,0.08134969557678942f,-0.15199584910857053f,0.9768214465552357f,-0.15072200703116131f,0.8989162196200468f,0.004038579770137162f,-0.15187873979457428f,-0.9883908833411263f,0.09301203270883074f,0f,0f,0f,1f],start_interpolation:0}
execute if entity @s[tag=aj.spawner.bone.t31] run data modify entity @s {} merge value {transformation:[-0.9926320687257338f,0.12073243320361028f,0.012796090422141242f,-0.195632892705461f,0.12115234443595561f,0.9872667050819328f,0.12057076755621464f,0.7163281769437608f,0.001919785129019037f,0.12147663060239444f,-0.9926222595130605f,-0.2097256571551734f,0f,0f,0f,1f],start_interpolation:0}
execute if entity @s[tag=aj.spawner.bone.t32] run data modify entity @s {} merge value {transformation:[-0.9853731631384054f,0.16847923515363464f,0.025582742008231563f,-0.18264300619039175f,0.1703743997702871f,0.9709110530711774f,0.16823879138632578f,0.7813066379481697f,0.003506175912279705f,0.17013663434505671f,-0.9854142440538439f,-0.1966335597277716f,0f,0f,0f,1f],start_interpolation:0}
execute if entity @s[tag=aj.spawner.bone.t33] run data modify entity @s {} merge value {transformation:[-0.9883885538096753f,0.15086767687641695f,0.018083439162164178f,-0.16990851208605143f,0.15186137372384323f,0.9767989478127794f,0.1510031083208357f,0.8394624494736007f,0.005117603807044046f,0.1519959197668143f,-0.9883678720524631f,-0.1784102374369031f,0f,0f,0f,1f],start_interpolation:0}
execute if entity @s[tag=aj.spawner.bone.t34] run data modify entity @s {} merge value {transformation:[-0.9883885538096753f,0.15086767687641695f,0.018083439162164178f,-0.16406801423291995f,0.15186137372384323f,0.9767989478127794f,0.1510031083208357f,0.8778072897148109f,0.005117603807044046f,0.1519959197668143f,-0.9883678720524631f,-0.15807411830064622f,0f,0f,0f,1f],start_interpolation:0}
execute if entity @s[tag=aj.spawner.bone.t35] run data modify entity @s {} merge value {transformation:[-0.9883958357001137f,0.15094664940762495f,0.016993557699471386f,-0.1431404835229282f,0.15177356453886173f,0.976805059640341f,0.15105184728495574f,0.898787950231611f,0.006201377092362597f,0.15187818965750538f,-0.9883797642751074f,-0.1549813117640147f,0f,0f,0f,1f],start_interpolation:0}
execute if entity @s[tag=aj.spawner.bone.t41] run data modify entity @s {} merge value {transformation:[-0.994715624160405f,-0.10212599089484017f,-0.010540827051175653f,0.1460892924981164f,-0.10266852999422839f,0.9894591729488242f,0.10212599089484016f,0.7182113011727541f,-1.2181753051899016e-16f,0.10266852999422837f,-0.994715624160405f,-0.2149861724752523f,0f,0f,0f,1f],start_interpolation:0}
execute if entity @s[tag=aj.spawner.bone.t42] run data modify entity @s {} merge value {transformation:[-0.994715624160405f,-0.10212599089484017f,-0.010540827051175653f,0.1329170381421635f,-0.10266852999422839f,0.9894591729488242f,0.10212599089484016f,0.7849566535574284f,-1.2181753051899016e-16f,0.10266852999422837f,-0.994715624160405f,-0.2017107383871467f,0f,0f,0f,1f],start_interpolation:0}
execute if entity @s[tag=aj.spawner.bone.t43] run data modify entity @s {} merge value {transformation:[-0.994715624160405f,-0.10212599089484017f,-0.010540827051175653f,0.11730752498833695f,-0.10266852999422839f,0.9894591729488242f,0.10212599089484016f,0.8448779032333947f,-1.2181753051899016e-16f,0.10266852999422837f,-0.994715624160405f,-0.18596849628600362f,0f,0f,0f,1f],start_interpolation:0}
execute if entity @s[tag=aj.spawner.bone.t44] run data modify entity @s {} merge value {transformation:[-0.994715624160405f,-0.10212599089484017f,-0.010540827051175653f,0.3790330798313419f,-0.10266852999422839f,0.9894591729488242f,0.10212599089484016f,0.15362740455165436f,-1.2181753051899016e-16f,0.10266852999422837f,-0.994715624160405f,0.25299881297102955f,0f,0f,0f,1f],start_interpolation:0}
execute if entity @s[tag=aj.spawner.bone.t45] run data modify entity @s {} merge value {transformation:[-0.994715624160405f,-0.10212599089484017f,-0.010540827051175653f,0.09215222939006507f,-0.10266852999422839f,0.9894591729488242f,0.10212599089484016f,0.9059712641914908f,-1.2181753051899016e-16f,0.10266852999422837f,-0.994715624160405f,-0.16057995605212502f,0f,0f,0f,1f],start_interpolation:0}
execute if entity @s[tag=aj.spawner.bone.v11] run data modify entity @s {} merge value {transformation:[-1f,0f,1.3296165247885551e-16f,-0.030800627695997784f,0f,1f,0f,0.6526466891732801f,-1.2246467991473532e-16f,0f,-1.0857142857142859f,-0.031250000000000056f,0f,0f,0f,1f],start_interpolation:0}
execute if entity @s[tag=aj.spawner.bone.v21] run data modify entity @s {} merge value {transformation:[-1f,0f,1.364606433335622e-16f,-0.08549492101734665f,0f,1f,0f,0.6282246178250585f,-1.2246467991473532e-16f,0f,-1.1142857142857143f,-0.03125f,0f,0f,0f,1f],start_interpolation:0}
execute if entity @s[tag=aj.spawner.bone.v22] run data modify entity @s {} merge value {transformation:[-1f,0f,1.364606433335622e-16f,0.02392149852408563f,0f,1f,0f,0.6282246178250586f,-1.2246467991473532e-16f,0f,-1.1142857142857143f,-0.03125f,0f,0f,0f,1f],start_interpolation:0}
execute if entity @s[tag=aj.spawner.bone.heart] run data modify entity @s {} merge value {transformation:[-1.235714285714286f,0f,1.2246467991473532e-16f,-0.03125f,0f,1f,0f,0.37499999999999994f,-1.5133135446606582e-16f,0f,-1f,-0.017116477272727693f,0f,0f,0f,1f],start_interpolation:0}