execute if entity @s[tag=aj.spawner.bone.bones_right] run data modify entity @s {} merge value {transformation:[-1f,1.0293220632125777e-17f,1.2203133792447315e-16f,-0.03125f,0f,0.9964614941176192f,-0.0840505249292475f,0.7103974081187969f,-1.2246467991473532e-16f,-0.0840505249292475f,-0.9964614941176192f,-0.1248897215945442f,0f,0f,0f,1f],start_interpolation:0}
execute if entity @s[tag=aj.spawner.bone.bones_left] run data modify entity @s {} merge value {transformation:[-1f,-1.0293220632125777e-17f,1.2203133792447315e-16f,-0.031250000000000056f,0f,0.9964614941176192f,0.0840505249292475f,0.7103974081187969f,-1.2246467991473532e-16f,0.0840505249292475f,-0.9964614941176192f,0.0623897215945442f,0f,0f,0f,1f],start_interpolation:0}
execute if entity @s[tag=aj.spawner.bone.t11] run data modify entity @s {} merge value {transformation:[-0.995682220844408f,0.0930171768553312f,-0.0004476519004436646f,-0.1971669265118726f,0.09203698449871177f,0.9885943678334842f,-0.1349744767748278f,0.7161953252834009f,-0.01208753815841489f,-0.13470937579258382f,-0.9908489744795306f,0.1461289253389429f,0f,0f,0f,1f],start_interpolation:0}
execute if entity @s[tag=aj.spawner.bone.t12] run data modify entity @s {} merge value {transformation:[-0.9853547064581201f,0.17035972581664802f,-0.0073257273023319205f,-0.17936455267748272f,0.16802234159282095f,0.9627194698745127f,-0.2119898937454393f,0.778776788813412f,-0.029061919869427147f,-0.21011612537883373f,-0.9772444006845417f,0.12576891961378042f,0f,0f,0f,1f],start_interpolation:0}
execute if entity @s[tag=aj.spawner.bone.t13] run data modify entity @s {} merge value {transformation:[-0.9884793565970867f,0.15099397450327465f,-0.010458548900953938f,-0.15956679356704087f,0.15017127873042968f,0.9697718668368216f,-0.1923307394471662f,0.8360769536340673f,-0.018898376276199082f,-0.19168553924469775f,-0.9812744292085637f,0.10998787767855203f,0f,0f,0f,1f],start_interpolation:0}
execute if entity @s[tag=aj.spawner.bone.t14] run data modify entity @s {} merge value {transformation:[-0.9904928765919578f,0.1371723119233146f,-0.010373922218793487f,-0.15952522794034474f,0.13681315979568734f,0.9744129787009556f,-0.17832976825491295f,0.8763501268031633f,-0.014353422146248743f,-0.17805365421901373f,-0.9839160916927557f,0.10188765248267219f,0f,0f,0f,1f],start_interpolation:0}
execute if entity @s[tag=aj.spawner.bone.t15] run data modify entity @s {} merge value {transformation:[-0.9922878249989612f,0.12348891639831253f,-0.010740571940145549f,-0.14602655034892836f,0.12350525271974604f,0.9775924309346886f,-0.17046844731456312f,0.8968579029672779f,-0.01055106200638244f,-0.1704802818685402f,-0.9853045968554904f,0.08760335137326392f,0f,0f,0f,1f],start_interpolation:0}
execute if entity @s[tag=aj.spawner.bone.t21] run data modify entity @s {} merge value {transformation:[-0.9920516713568143f,-0.12519029380973534f,0.014766636738696697f,0.1352815545597564f,-0.12582643863869017f,0.9859433491651266f,-0.12502036163455973f,0.715670533572156f,0.0010902741192977093f,-0.1261149689003547f,-0.992044281076299f,0.145540307747092f,0f,0f,0f,1f],start_interpolation:0}
execute if entity @s[tag=aj.spawner.bone.t22] run data modify entity @s {} merge value {transformation:[-0.9810950371660321f,-0.1903854086989351f,0.03472641937662784f,0.12148137534744019f,-0.19350754481002366f,0.9625608291463594f,-0.18981959934282241f,0.7796110887280194f,0.002712590971500257f,-0.19295089102570215f,-0.9812046654508981f,0.1316024050489088f,0f,0f,0f,1f],start_interpolation:0}
execute if entity @s[tag=aj.spawner.bone.t23] run data modify entity @s {} merge value {transformation:[-0.9829094946029612f,-0.18222357842587625f,0.026143696850675743f,0.10399548081388973f,-0.18391600843146044f,0.9658670878683878f,-0.18241620107676543f,0.836659244381627f,0.00798919657978625f,-0.18410686037817406f,-0.9828737643765353f,0.11661977553423133f,0f,0f,0f,1f],start_interpolation:0}
execute if entity @s[tag=aj.spawner.bone.t24] run data modify entity @s {} merge value {transformation:[-0.9829094946029612f,-0.18222357842587625f,0.026143696850675743f,0.09010699958555458f,-0.18391600843146044f,0.9658670878683878f,-0.18241620107676543f,0.874552883506063f,0.00798919657978625f,-0.18410686037817406f,-0.9828737643765353f,0.10257149884001836f,0f,0f,0f,1f],start_interpolation:0}
execute if entity @s[tag=aj.spawner.bone.t25] run data modify entity @s {} merge value {transformation:[-0.9828820261170732f,-0.18215968573234406f,0.02758208893268818f,0.08078445795887078f,-0.1841210605538185f,0.9659096087195692f,-0.18198368840021267f,0.8946139685699074f,0.00650828675875437f,-0.18394693984163543f,-0.982914627791429f,0.08819294492684517f,0f,0f,0f,1f],start_interpolation:0}
execute if entity @s[tag=aj.spawner.bone.t31] run data modify entity @s {} merge value {transformation:[-0.9920516713568143f,0.12519029380973534f,0.014766636738696697f,-0.19527726501081322f,0.12582643863869017f,0.9859433491651266f,0.12502036163455973f,0.715523522915152f,0.0010902741192977093f,0.1261149689003547f,-0.992044281076299f,-0.20928393922961172f,0f,0f,0f,1f],start_interpolation:0}
execute if entity @s[tag=aj.spawner.bone.t32] run data modify entity @s {} merge value {transformation:[-0.9811109628881228f,0.19044712612839412f,0.03392890582049454f,-0.18147708579849706f,0.19341373082493732f,0.9625485936814938f,0.1899771921314694f,0.7794640780710153f,0.0035223896887112477f,0.19295102215643767f,-0.981202066762839f,-0.1953460365314285f,0f,0f,0f,1f],start_interpolation:0}
execute if entity @s[tag=aj.spawner.bone.t33] run data modify entity @s {} merge value {transformation:[-0.9829094946029612f,0.18222357842587625f,0.026143696850675743f,-0.16668791145911838f,0.18391600843146044f,0.9658670878683878f,0.18241620107676543f,0.8365143645677163f,0.00798919657978625f,0.18410686037817406f,-0.9828737643765353f,-0.17770310901656916f,0f,0f,0f,1f],start_interpolation:0}
execute if entity @s[tag=aj.spawner.bone.t34] run data modify entity @s {} merge value {transformation:[-0.9829094946029612f,0.18222357842587625f,0.026143696850675743f,-0.16034392212498855f,0.18391600843146044f,0.9658670878683878f,0.18241620107676543f,0.8744864809878721f,0.00798919657978625f,0.18410686037817406f,-0.9828737643765353f,-0.1568256545806715f,0f,0f,0f,1f],start_interpolation:0}
execute if entity @s[tag=aj.spawner.bone.t35] run data modify entity @s {} merge value {transformation:[-0.982922738173179f,0.1823602198106236f,0.0246503755095362f,-0.13853290158145132f,0.18377450092679498f,0.9658720786711383f,0.18253235453639974f,0.8944651822103259f,0.009477530862388681f,0.1839453121830386f,-0.9828907866770534f,-0.15415349140951679f,0f,0f,0f,1f],start_interpolation:0}
execute if entity @s[tag=aj.spawner.bone.t41] run data modify entity @s {} merge value {transformation:[-0.9931779200679753f,-0.11581331462551517f,-0.013597619089450225f,0.14712004613118068f,-0.11660882938032756f,0.9864023809105497f,0.11581331462551515f,0.7179130938908823f,-1.2162921607950717e-16f,0.11660882938032754f,-0.9931779200679753f,-0.2152525565377124f,0f,0f,0f,1f],start_interpolation:0}
execute if entity @s[tag=aj.spawner.bone.t42] run data modify entity @s {} merge value {transformation:[-0.9931779200679753f,-0.11581331462551517f,-0.013597619089450225f,0.13303550386956076f,-0.11660882938032756f,0.9864023809105497f,0.11581331462551515f,0.7842756191784453f,-1.2162921607950717e-16f,0.11660882938032754f,-0.9931779200679753f,-0.20102833751739013f,0f,0f,0f,1f],start_interpolation:0}
execute if entity @s[tag=aj.spawner.bone.t43] run data modify entity @s {} merge value {transformation:[-0.9931779200679753f,-0.11581331462551517f,-0.013597619089450225f,0.11661360638379242f,-0.11660882938032756f,0.9864023809105497f,0.11581331462551515f,0.8437468103852998f,-1.2162921607950717e-16f,0.11660882938032754f,-0.9931779200679753f,-0.18442924268048239f,0f,0f,0f,1f],start_interpolation:0}
execute if entity @s[tag=aj.spawner.bone.t44] run data modify entity @s {} merge value {transformation:[-0.9931779200679753f,-0.11581331462551517f,-0.013597619089450225f,0.38871755397747904f,-0.11660882938032756f,0.9864023809105497f,0.11581331462551515f,0.15019035281510984f,-1.2162921607950717e-16f,0.11660882938032754f,-0.9931779200679753f,0.24447482403912185f,0f,0f,0f,1f],start_interpolation:0}
execute if entity @s[tag=aj.spawner.bone.t45] run data modify entity @s {} merge value {transformation:[-0.9931779200679753f,-0.11581331462551517f,-0.013597619089450225f,0.09064622696814567f,-0.11660882938032756f,0.9864023809105497f,0.11581331462551515f,0.9041215514324445f,-1.2162921607950717e-16f,0.11660882938032754f,-0.9931779200679753f,-0.1581547022511241f,0f,0f,0f,1f],start_interpolation:0}
execute if entity @s[tag=aj.spawner.bone.v11] run data modify entity @s {} merge value {transformation:[-1f,0f,1.277131661967954e-16f,-0.030800627695997784f,0f,1f,0f,0.6526466891732801f,-1.2246467991473532e-16f,0f,-1.042857142857143f,-0.031250000000000056f,0f,0f,0f,1f],start_interpolation:0}
execute if entity @s[tag=aj.spawner.bone.v21] run data modify entity @s {} merge value {transformation:[-1f,0f,1.4170912961562232e-16f,-0.08549492101734665f,0f,1f,0f,0.6282246178250585f,-1.2246467991473532e-16f,0f,-1.1571428571428573f,-0.03125f,0f,0f,0f,1f],start_interpolation:0}
execute if entity @s[tag=aj.spawner.bone.v22] run data modify entity @s {} merge value {transformation:[-1f,0f,1.4170912961562232e-16f,0.02392149852408563f,0f,1f,0f,0.6282246178250586f,-1.2246467991473532e-16f,0f,-1.1571428571428573f,-0.03125f,0f,0f,0f,1f],start_interpolation:0}
execute if entity @s[tag=aj.spawner.bone.heart] run data modify entity @s {} merge value {transformation:[-1.2678571428571432f,0f,1.2246467991473532e-16f,-0.03125f,0f,1f,0f,0.37499999999999994f,-1.552677191776109e-16f,0f,-1f,-0.017116477272727693f,0f,0f,0f,1f],start_interpolation:0}