execute if entity @s[tag=aj.spawner.bone.bones_right] run data modify entity @s {} merge value {transformation:[-1f,4.342657398786495e-17f,1.1450646487554783e-16f,-0.03125f,0f,0.9350162426854149f,-0.35460488704253523f,0.7247947295473683f,-1.2246467991473532e-16f,-0.35460488704253523f,-0.9350162426854149f,-0.12599720785828045f,0f,0f,0f,1f],start_interpolation:0}
execute if entity @s[tag=aj.spawner.bone.bones_left] run data modify entity @s {} merge value {transformation:[-1f,-4.342657398786495e-17f,1.1450646487554783e-16f,-0.031250000000000056f,0f,0.9350162426854149f,0.35460488704253523f,0.7247947295473683f,-1.2246467991473532e-16f,0.35460488704253523f,-0.9350162426854149f,0.06349720785828045f,0f,0f,0f,1f],start_interpolation:0}
execute if entity @s[tag=aj.spawner.bone.t11] run data modify entity @s {} merge value {transformation:[-0.9992005624179351f,0.03989718550911982f,0.0029457238061904494f,-0.19849821417914743f,0.03961526741385001f,0.9980452474568615f,-0.061071113194380654f,0.7191387859992575f,-0.005372769435907027f,-0.060948238033641494f,-0.9981290707340693f,0.14801327745355372f,0f,0f,0f,1f],start_interpolation:0}
execute if entity @s[tag=aj.spawner.bone.t12] run data modify entity @s {} merge value {transformation:[-0.9966106040038375f,0.08220321155176423f,0.003152141761112364f,-0.18338249086401243f,0.08143932516165928f,0.9913105727686539f,-0.10330045805463386f,0.7848844331946516f,-0.011616380861515507f,-0.10269362359786288f,-0.9946452027572549f,0.1316010800639949f,0f,0f,0f,1f],start_interpolation:0}
execute if entity @s[tag=aj.spawner.bone.t13] run data modify entity @s {} merge value {transformation:[-0.9777220514656162f,0.20860038057539337f,-0.02335532705118866f,-0.16391614796288267f,0.20835954467808565f,0.9510309383858905f,-0.228312186215264f,0.8381977064350368f,-0.025414370332702822f,-0.22809216439118118f,-0.9733078004022871f,0.11582862513995112f,0f,0f,0f,1f],start_interpolation:0}
execute if entity @s[tag=aj.spawner.bone.t14] run data modify entity @s {} merge value {transformation:[-0.9119846222045767f,0.39663370127872916f,-0.10471750509017747f,-0.1608165184138644f,0.402439529906484f,0.8155427207522855f,-0.4158515304728454f,0.8751762598109073f,-0.07953913270223424f,-0.42139266443294376f,-0.9033835003646462f,0.10726765244574309f,0f,0f,0f,1f],start_interpolation:0}
execute if entity @s[tag=aj.spawner.bone.t15] run data modify entity @s {} merge value {transformation:[-0.8055710320866959f,0.5581140563787913f,-0.19890704445842738f,-0.14185514921598297f,0.5740861075786381f,0.6521968631544748f,-0.49503978908434393f,0.8828933728693036f,-0.14656211429965044f,-0.512979484739765f,-0.8457964263864808f,0.08827832323829557f,0f,0f,0f,1f],start_interpolation:0}
execute if entity @s[tag=aj.spawner.bone.t21] run data modify entity @s {} merge value {transformation:[-0.9983081582712682f,-0.05808893007997797f,0.0033808211290286255f,0.13688364173089365f,-0.0581448289104758f,0.9973484124164869f,-0.05804645706261509f,0.7188904674326632f,-1.2247432949345689e-16f,-0.05818737390723957f,-0.9983081582712682f,0.1474185398329379f,0f,0f,0f,1f],start_interpolation:0}
execute if entity @s[tag=aj.spawner.bone.t22] run data modify entity @s {} merge value {transformation:[-0.9953036920687998f,-0.09623417939054951f,0.010466292143983931f,0.1267552720299535f,-0.09679512629852656f,0.9906580053190351f,-0.09605946086754247f,0.7852976471387229f,-0.0011243127091588542f,-0.09662142212955763f,-0.9953205698198916f,0.13726241356296734f,0f,0f,0f,1f],start_interpolation:0}
execute if entity @s[tag=aj.spawner.bone.t23] run data modify entity @s {} merge value {transformation:[-0.9760761831493637f,-0.21239925800595033f,0.046495589974657206f,0.11518966837228692f,-0.21742807262854214f,0.9529399146942619f,-0.21125944290263104f,0.8391730305050087f,0.0005638453751600353f,-0.21631475719657775f,-0.9763235160014218f,0.1222918632428687f,0f,0f,0f,1f],start_interpolation:0}
execute if entity @s[tag=aj.spawner.bone.t24] run data modify entity @s {} merge value {transformation:[-0.9143583775589047f,-0.3600714773199845f,0.18519527156072657f,0.10240885550721349f,-0.40395942345502484f,0.842466818227866f,-0.35646380515684867f,0.8725703608716252f,-0.02766842224868129f,-0.4007470416679576f,-0.9157708594428242f,0.10802630644867318f,0f,0f,0f,1f],start_interpolation:0}
execute if entity @s[tag=aj.spawner.bone.t25] run data modify entity @s {} merge value {transformation:[-0.8168588969390403f,-0.4708537853065099f,0.3332240317775192f,0.09520900928506117f,-0.5725232654888254f,0.7323083240532944f,-0.36870262949464727f,0.8845624953323212f,-0.07041770349525849f,-0.49195653404013867f,-0.8677673165369088f,0.08924524339835303f,0f,0f,0f,1f],start_interpolation:0}
execute if entity @s[tag=aj.spawner.bone.t31] run data modify entity @s {} merge value {transformation:[-0.9983081582712682f,0.05808893007997797f,0.0033808211290286255f,-0.1968792974889396f,0.0581448289104758f,0.9973484124164869f,0.05804645706261509f,0.7188175368160614f,-1.2247432949345689e-16f,0.05818737390723957f,-0.9983081582712682f,-0.21116859526590348f,0f,0f,0f,1f],start_interpolation:0}
execute if entity @s[tag=aj.spawner.bone.t32] run data modify entity @s {} merge value {transformation:[-0.9951856150615479f,0.09738415350203189f,0.011041658447040028f,-0.1867583926101526f,0.09799706949019599f,0.9904300370352133f,0.09718495824848383f,0.7850965504754555f,-0.0014717152924731236f,0.09779912261936982f,-0.9952050872403031f,-0.2010199464687866f,0f,0f,0f,1f],start_interpolation:0}
execute if entity @s[tag=aj.spawner.bone.t33] run data modify entity @s {} merge value {transformation:[-0.9743462851004805f,0.22275035629227205f,0.03211846015236517f,-0.1729848234141443f,0.22424136827938113f,0.9487732698779773f,0.22258726629625952f,0.83889027323656f,0.019108256411409626f,0.22407936347802498f,-0.9743835555879414f,-0.1912472041240251f,0f,0f,0f,1f],start_interpolation:0}
execute if entity @s[tag=aj.spawner.bone.t34] run data modify entity @s {} merge value {transformation:[-0.9057640754494539f,0.40755871819377837f,0.11613496824574555f,-0.16436685016277236f,0.41752818820101784f,0.8113263895158033f,0.40916952688687186f,0.8751653519711489f,0.07253724341861499f,0.41910068110120685f,-0.9050375502805025f,-0.17591630987521661f,0f,0f,0f,1f],start_interpolation:0}
execute if entity @s[tag=aj.spawner.bone.t35] run data modify entity @s {} merge value {transformation:[-0.7969413346774392f,0.5658984913101105f,0.2112898639676845f,-0.1378496715752975f,0.5877989999409523f,0.6458989780806743f,0.48714150488616415f,0.8829878333917812f,0.139200735454085f,0.5124191718186207f,-0.8473781609185833f,-0.16967981033088245f,0f,0f,0f,1f],start_interpolation:0}
execute if entity @s[tag=aj.spawner.bone.t41] run data modify entity @s {} merge value {transformation:[-0.9983081582712682f,-0.058046457062615096f,-0.003380821129028381f,0.1420343277395614f,-0.0581448289104758f,0.9966191788709715f,0.05804645706261509f,0.7194140209545719f,-1.2204064862446269e-16f,0.058144828910475795f,-0.9983081582712682f,-0.21375042670970834f,0f,0f,0f,1f],start_interpolation:0}
execute if entity @s[tag=aj.spawner.bone.t42] run data modify entity @s {} merge value {transformation:[-0.9983081582712682f,-0.058046457062615096f,-0.003380821129028381f,0.13182533795936757f,-0.0581448289104758f,0.9966191788709715f,0.05804645706261509f,0.7872053939646185f,-1.2204064862446269e-16f,0.058144828910475795f,-0.9983081582712682f,-0.20351354373291777f,0f,0f,0f,1f],start_interpolation:0}
execute if entity @s[tag=aj.spawner.bone.t43] run data modify entity @s {} merge value {transformation:[-0.9983081582712682f,-0.058046457062615096f,-0.003380821129028381f,0.11886999060724565f,-0.0581448289104758f,0.9966191788709715f,0.05804645706261509f,0.8484047993380563f,-1.2204064862446269e-16f,0.058144828910475795f,-0.9983081582712682f,-0.1905203529422199f,0f,0f,0f,1f],start_interpolation:0}
execute if entity @s[tag=aj.spawner.bone.t44] run data modify entity @s {} merge value {transformation:[-0.9983081582712682f,-0.058046457062615096f,-0.003380821129028381f,0.3482838232776535f,-0.0581448289104758f,0.9966191788709715f,0.05804645706261509f,0.16643745277927724f,-1.2204064862446269e-16f,0.058144828910475795f,-0.9983081582712682f,0.2799152411501546f,0f,0f,0f,1f],start_interpolation:0}
execute if entity @s[tag=aj.spawner.bone.t45] run data modify entity @s {} merge value {transformation:[-0.9983081582712682f,-0.058046457062615096f,-0.003380821129028381f,0.09640580429109456f,-0.0581448289104758f,0.9966191788709715f,0.05804645706261509f,0.911629346339468f,-1.2204064862446269e-16f,0.058144828910475795f,-0.9983081582712682f,-0.16798632057738383f,0f,0f,0f,1f],start_interpolation:0}
execute if entity @s[tag=aj.spawner.bone.heart] run data modify entity @s {} merge value {transformation:[-1.1333333333333333f,0f,1.2246467991473532e-16f,-0.03125f,0f,1f,0f,0.37499999999999994f,-1.387933039033667e-16f,0f,-1f,-0.017116477272727693f,0f,0f,0f,1f],start_interpolation:0}