execute if entity @s[tag=aj.spawner.bone.bones_right] run data modify entity @s {} merge value {transformation:[-1f,3.390257229567623e-17f,1.176784322565313e-16f,-0.03125f,0f,0.9609173219450996f,-0.27683551142484936f,0.720553658118797f,-1.2246467991473532e-16f,-0.27683551142484936f,-0.9609173219450996f,-0.1256709715945442f,0f,0f,0f,1f],start_interpolation:0}
execute if entity @s[tag=aj.spawner.bone.bones_left] run data modify entity @s {} merge value {transformation:[-1f,-3.390257229567623e-17f,1.176784322565313e-16f,-0.031250000000000056f,0f,0.9609173219450996f,0.27683551142484936f,0.720553658118797f,-1.2246467991473532e-16f,0.27683551142484936f,-0.9609173219450996f,0.06317097159454418f,0f,0f,0f,1f],start_interpolation:0}
execute if entity @s[tag=aj.spawner.bone.t11] run data modify entity @s {} merge value {transformation:[-0.9948385728472102f,0.10170553664434581f,-0.0015342590049998665f,-0.19775443415453978f,0.10075137271088325f,0.9882797354648124f,-0.1337465582368911f,0.7175691760779378f,-0.012057150251967477f,-0.133534949954656f,-0.9910143814340393f,0.14697921455856938f,0f,0f,0f,1f],start_interpolation:0}
execute if entity @s[tag=aj.spawner.bone.t12] run data modify entity @s {} merge value {transformation:[-0.9921610717488426f,0.12495387773260404f,-0.0017135185360964704f,-0.1810688881185825f,0.12366765511961975f,0.9797924101648985f,-0.15720414772032643f,0.7830088042058512f,-0.017964375396959702f,-0.1561837425049255f,-0.987564640817882f,0.1282669497110221f,0f,0f,0f,1f],start_interpolation:0}
execute if entity @s[tag=aj.spawner.bone.t13] run data modify entity @s {} merge value {transformation:[-0.9964764331840164f,0.08387265437667173f,0.0003097687398219541f,-0.1659454145823826f,0.08326744208070207f,0.9897156057629254f,-0.11631660585945072f,0.8433180406732708f,-0.010062365437496563f,-0.11588096287629497f,-0.9932121380876621f,0.11754586211020102f,0f,0f,0f,1f],start_interpolation:0}
execute if entity @s[tag=aj.spawner.bone.t14] run data modify entity @s {} merge value {transformation:[-0.996975524319665f,0.07771548627745906f,-0.0003272616493220472f,-0.1665339825660604f,0.07727929133863114f,0.9909163277285336f,-0.11005790553702459f,0.88366674216781f,-0.008228914735735933f,-0.10975032862664118f,-0.9939251230996309f,0.110525872448691f,0f,0f,0f,1f],start_interpolation:0}
execute if entity @s[tag=aj.spawner.bone.t15] run data modify entity @s {} merge value {transformation:[-0.9974302360297025f,0.07163507497004135f,-0.0011577079806731044f,-0.15497750668784357f,0.07135036129451237f,0.9917439637531649f,-0.1065506278831985f,0.9064858358721868f,-0.0064846123148964855f,-0.10635942080134625f,-0.9943066043278239f,0.09830840527592055f,0f,0f,0f,1f],start_interpolation:0}
execute if entity @s[tag=aj.spawner.bone.t21] run data modify entity @s {} merge value {transformation:[-0.9933676969413769f,-0.11474614248618112f,0.010637275191743555f,0.13613822777632523f,-0.11495111463346679f,0.9889697676768636f,-0.11455720284050677f,0.717489876360162f,0.0026191444993448405f,-0.11527968816694044f,-0.9933597010418f,0.14657535430847352f,0f,0f,0f,1f],start_interpolation:0}
execute if entity @s[tag=aj.spawner.bone.t22] run data modify entity @s {} merge value {transformation:[-0.9901840138505829f,-0.13856139893124333f,0.018340050189836834f,0.12427124964309563f,-0.13976485072591918f,0.9804745050910202f,-0.1383312378607241f,0.7838188703312525f,0.001185418200647765f,-0.1395366747229399f,-0.9902161941671899f,0.13464404149289658f,0f,0f,0f,1f],start_interpolation:0}
execute if entity @s[tag=aj.spawner.bone.t23] run data modify entity @s {} merge value {transformation:[-0.9940637529410443f,-0.10835968600398582f,0.009769009053329891f,0.10535583610402274f,-0.10877896961038419f,0.9881355512914666f,-0.10842171389722807f,0.8434163032673127f,0.0020954377274341597f,-0.10884075855591448f,-0.9940569895220814f,0.12457259110203499f,0f,0f,0f,1f],start_interpolation:0}
execute if entity @s[tag=aj.spawner.bone.t24] run data modify entity @s {} merge value {transformation:[-0.9940637529410443f,-0.10835968600398582f,0.009769009053329891f,0.09267776903648843f,-0.10877896961038419f,0.9881355512914666f,-0.10842171389722807f,0.8821811492380113f,0.0020954377274341597f,-0.10884075855591448f,-0.9940569895220814f,0.1118162120194317f,0f,0f,0f,1f],start_interpolation:0}
execute if entity @s[tag=aj.spawner.bone.t25] run data modify entity @s {} merge value {transformation:[-0.9940584663027446f,-0.10835871873672476f,0.01030308912755535f,0.08227912924612128f,-0.10883633724604133f,0.9881421532132464f,-0.10830390915361698f,0.9045450938622668f,0.0015547561548140435f,-0.10878176831079894f,-0.9940644393682307f,0.09955846973778677f,0f,0f,0f,1f],start_interpolation:0}
execute if entity @s[tag=aj.spawner.bone.t31] run data modify entity @s {} merge value {transformation:[-0.9933676969413769f,0.11474614248618112f,0.010637275191743555f,-0.19613389562873765f,0.11495111463346679f,0.9889697676768636f,0.11455720284050677f,0.7173842580723213f,0.0026191444993448405f,0.11527968816694044f,-0.9933597010418f,-0.21032309739675975f,0f,0f,0f,1f],start_interpolation:0}
execute if entity @s[tag=aj.spawner.bone.t32] run data modify entity @s {} merge value {transformation:[-0.9902090359872469f,0.13871210748895843f,0.015652996044817073f,-0.1842669174955081f,0.1395381807425885f,0.9804532699796181f,0.1387100627255376f,0.7837132520434117f,0.0038937339734660143f,0.13953614808444986f,-0.9902093224230413f,-0.19839178458118278f,0f,0f,0f,1f],start_interpolation:0}
execute if entity @s[tag=aj.spawner.bone.t33] run data modify entity @s {} merge value {transformation:[-0.9940637529410443f,0.10835968600398582f,0.009769009053329891f,-0.17431155739267193f,0.10877896961038419f,0.9881355512914666f,0.10842171389722807f,0.8433133404551584f,0.0020954377274341597f,0.10884075855591448f,-0.9940569895220814f,-0.17942335656427122f,0f,0f,0f,1f],start_interpolation:0}
execute if entity @s[tag=aj.spawner.bone.t34] run data modify entity @s {} merge value {transformation:[-0.9940637529410443f,0.10835968600398582f,0.009769009053329891f,-0.16915769380429685f,0.10877896961038419f,0.9881355512914666f,0.10842171389722807f,0.8821328544027582f,0.0020954377274341597f,0.10884075855591448f,-0.9940569895220814f,-0.15981522159928974f,0f,0f,0f,1f],start_interpolation:0}
execute if entity @s[tag=aj.spawner.bone.t35] run data modify entity @s {} merge value {transformation:[-0.9940661592909495f,0.1083854805337521f,0.009222719881266071f,-0.14944283984752316f,0.10874516824850139f,0.9881392242622833f,0.10842214652430494f,0.9044415999549753f,0.0026380551824750796f,0.10878171300269347f,-0.9940621608234839f,-0.156188630725233f,0f,0f,0f,1f],start_interpolation:0}
execute if entity @s[tag=aj.spawner.bone.t41] run data modify entity @s {} merge value {transformation:[-0.9964614941176192f,-0.08375311165236822f,-0.007064490740881942f,0.14472203876562273f,-0.08405052492924756f,0.9929355092591179f,0.0837531116523682f,0.7186845034051702f,-1.2203133792447315e-16f,0.08405052492924754f,-0.9964614941176192f,-0.21463470963092238f,0f,0f,0f,1f],start_interpolation:0}
execute if entity @s[tag=aj.spawner.bone.t42] run data modify entity @s {} merge value {transformation:[-0.9964614941176192f,-0.08375311165236822f,-0.007064490740881942f,0.13278028106841783f,-0.08405052492924756f,0.9929355092591179f,0.0837531116523682f,0.7859000469380987f,-1.2203133792447315e-16f,0.08405052492924754f,-0.9964614941176192f,-0.20262835170380158f,0f,0f,0f,1f],start_interpolation:0}
execute if entity @s[tag=aj.spawner.bone.t43] run data modify entity @s {} merge value {transformation:[-0.9964614941176192f,-0.08375311165236822f,-0.007064490740881942f,0.11827011468348791f,-0.08405052492924756f,0.9929355092591179f,0.0837531116523682f,0.8463853571738408f,-1.2203133792447315e-16f,0.08405052492924754f,-0.9964614941176192f,-0.18803336738837093f,0f,0f,0f,1f],start_interpolation:0}
execute if entity @s[tag=aj.spawner.bone.t44] run data modify entity @s {} merge value {transformation:[-0.9964614941176192f,-0.08375311165236822f,-0.007064490740881942f,0.3663239068116242f,-0.08405052492924756f,0.9929355092591179f,0.0837531116523682f,0.15866536628448613f,-1.2203133792447315e-16f,0.08405052492924754f,-0.9964614941176192f,0.2642169470659041f,0f,0f,0f,1f],start_interpolation:0}
execute if entity @s[tag=aj.spawner.bone.t45] run data modify entity @s {} merge value {transformation:[-0.9964614941176192f,-0.08375311165236822f,-0.007064490740881942f,0.09422262291798744f,-0.08405052492924756f,0.9929355092591179f,0.0837531116523682f,0.9084004317830646f,-1.2203133792447315e-16f,0.08405052492924754f,-0.9964614941176192f,-0.16383389867518391f,0f,0f,0f,1f],start_interpolation:0}
execute if entity @s[tag=aj.spawner.bone.v11] run data modify entity @s {} merge value {transformation:[-1f,0f,1.3995963418826896e-16f,-0.030800627695997784f,0f,1f,0f,0.6526466891732801f,-1.2246467991473532e-16f,0f,-1.142857142857143f,-0.031250000000000056f,0f,0f,0f,1f],start_interpolation:0}
execute if entity @s[tag=aj.spawner.bone.v21] run data modify entity @s {} merge value {transformation:[-1f,0f,1.2946266162414877e-16f,-0.08549492101734665f,0f,1f,0f,0.6282246178250585f,-1.2246467991473532e-16f,0f,-1.0571428571428572f,-0.03125f,0f,0f,0f,1f],start_interpolation:0}
execute if entity @s[tag=aj.spawner.bone.v22] run data modify entity @s {} merge value {transformation:[-1f,0f,1.2946266162414877e-16f,0.02392149852408563f,0f,1f,0f,0.6282246178250586f,-1.2246467991473532e-16f,0f,-1.0571428571428572f,-0.03125f,0f,0f,0f,1f],start_interpolation:0}
execute if entity @s[tag=aj.spawner.bone.heart] run data modify entity @s {} merge value {transformation:[-1.192857142857143f,0f,1.2246467991473532e-16f,-0.03125f,0f,1f,0f,0.37499999999999994f,-1.4608286818400574e-16f,0f,-1f,-0.017116477272727693f,0f,0f,0f,1f],start_interpolation:0}