execute if entity @s[tag=aj.spawner.bone.bones_right] run data modify entity @s {} merge value {transformation:[-1f,3.64336162640337e-17f,1.169195853248878e-16f,-0.03125f,0f,0.9547208665085456f,-0.297503053855203f,0.7216697295473684f,-1.2246467991473532e-16f,-0.297503053855203f,-0.9547208665085456f,-0.12575682324289583f,0f,0f,0f,1f],start_interpolation:0}
execute if entity @s[tag=aj.spawner.bone.bones_left] run data modify entity @s {} merge value {transformation:[-1f,-3.64336162640337e-17f,1.169195853248878e-16f,-0.031250000000000056f,0f,0.9547208665085456f,0.297503053855203f,0.7216697295473684f,-1.2246467991473532e-16f,0.297503053855203f,-0.9547208665085456f,0.06325682324289583f,0f,0f,0f,1f],start_interpolation:0}
execute if entity @s[tag=aj.spawner.bone.t11] run data modify entity @s {} merge value {transformation:[-0.9984802181524226f,0.05509537725788156f,0.0027220617729387148f,-0.19791708716419149f,0.05461312266994503f,0.9958013055524687f,-0.08511710133236333f,0.7179272153337505f,-0.0073932936184114475f,-0.08491823550031226f,-0.9963672362339502f,0.14720897583100612f,0f,0f,0f,1f],start_interpolation:0}
execute if entity @s[tag=aj.spawner.bone.t12] run data modify entity @s {} merge value {transformation:[-0.9929168702905143f,0.118808534879186f,0.0007878656935348327f,-0.18166281379769572f,0.11737263137523912f,0.9819022546607068f,-0.14863252570104799f,0.782160407192715f,-0.01843241971478614f,-0.14748726837283851f,-0.9888921839975156f,0.1291325809009922f,0f,0f,0f,1f],start_interpolation:0}
execute if entity @s[tag=aj.spawner.bone.t13] run data modify entity @s {} merge value {transformation:[-0.9731245589328488f,0.22846322066033814f,-0.0288643310550226f,-0.16052974413895893f,0.2281181440209333f,0.939256127790352f,-0.25643720240386114f,0.8348264137538475f,-0.03147546934031377f,-0.2561298171119085f,-0.966129810955043f,0.1114163773628661f,0f,0f,0f,1f],start_interpolation:0}
execute if entity @s[tag=aj.spawner.bone.t14] run data modify entity @s {} merge value {transformation:[-0.9123584917641533f,0.3964406355505304f,-0.1021606822125364f,-0.157215715320224f,0.40053262790021454f,0.8127417182169862f,-0.42311288500475797f,0.8718704340576531f,-0.08470889264526844f,-0.4269493201235865f,-0.900299217789741f,0.10215461559825427f,0f,0f,0f,1f],start_interpolation:0}
execute if entity @s[tag=aj.spawner.bone.t15] run data modify entity @s {} merge value {transformation:[-0.8187458558463216f,0.5448599059188122f,-0.18106050496068293f,-0.13826039532062429f,0.5543131343061581f,0.6679286287284764f,-0.49659671370296077f,0.879596281492139f,-0.1496401439125119f,-0.5069507173750132f,-0.8488867989801716f,0.08311610153970726f,0f,0f,0f,1f],start_interpolation:0}
execute if entity @s[tag=aj.spawner.bone.t21] run data modify entity @s {} merge value {transformation:[-0.9966055319295779f,-0.08213064672639352f,0.006777413727363168f,0.13618614626256387f,-0.0823250492095999f,0.9942521462706024f,-0.082045599458662f,0.7175844777857645f,-1.2161529660001608e-16f,-0.08241038615085376f,-0.9966055319295779f,0.14663097641084213f,0f,0f,0f,1f],start_interpolation:0}
execute if entity @s[tag=aj.spawner.bone.t22] run data modify entity @s {} merge value {transformation:[-0.9905803705296508f,-0.13561316591027706f,0.01896308922965038f,0.1245205178747667f,-0.13693232121394946f,0.9812993977151488f,-0.13528130488299564f,0.7828869566342855f,-0.00026254199621808093f,-0.13660366494233572f,-0.9906257465844618f,0.13490432686013187f,0f,0f,0f,1f],start_interpolation:0}
execute if entity @s[tag=aj.spawner.bone.t23] run data modify entity @s {} merge value {transformation:[-0.9721249095740109f,-0.2291558120734528f,0.04960618891506805f,0.11187574202935714f,-0.23440221646647807f,0.9450301749360217f,-0.2279771246770041f,0.8366831787682324f,0.005362937751213549f,-0.23325004234372237f,-0.972402003620585f,0.11857059420131943f,0f,0f,0f,1f],start_interpolation:0}
execute if entity @s[tag=aj.spawner.bone.t24] run data modify entity @s {} merge value {transformation:[-0.920517084760205f,-0.3550846300086815f,0.16298221435534427f,0.0984758996131069f,-0.3904427243523165f,0.8512478732393784f,-0.35061593989118073f,0.8704205895412911f,-0.014239932054425298f,-0.3863831826529627f,-0.9222284209988612f,0.10388306934632441f,0f,0f,0f,1f],start_interpolation:0}
execute if entity @s[tag=aj.spawner.bone.t25] run data modify entity @s {} merge value {transformation:[-0.8438008160180214f,-0.45613697175661483f,0.2827352929579655f,0.09116134393792004f,-0.5346409508084411f,0.7601221333707527f,-0.36928768741800966f,0.8830501191860405f,-0.04646758661655919f,-0.4627671178428744f,-0.88526118069044f,0.08542695725480631f,0f,0f,0f,1f],start_interpolation:0}
execute if entity @s[tag=aj.spawner.bone.t31] run data modify entity @s {} merge value {transformation:[-0.9966055319295779f,0.08213064672639352f,0.006777413727363168f,-0.1961818128645424f,0.0823250492095999f,0.9942521462706024f,0.082045599458662f,0.717481042587066f,-1.2161529660001608e-16f,0.08241038615085376f,-0.9966055319295779f,-0.210378899859519f,0f,0f,0f,1f],start_interpolation:0}
execute if entity @s[tag=aj.spawner.bone.t32] run data modify entity @s {} merge value {transformation:[-0.9905804164212857f,0.13561282683675407f,0.01896311683180888f,-0.18451618447674528f,0.13693198917643273f,0.9812993979832124f,0.13528163902751328f,0.782783521435587f,-0.0002625696433089476f,0.13660399963079284f,-0.9906257004247633f,-0.1986522503088087f,0f,0f,0f,1f],start_interpolation:0}
execute if entity @s[tag=aj.spawner.bone.t33] run data modify entity @s {} merge value {transformation:[-0.9722238646601062f,0.23133221309144256f,0.03558320069334462f,-0.169443138536662f,0.23320452822636642f,0.944506877009466f,0.23134910264909828f,0.8367762968140237f,0.019909922151663234f,0.23322128219362948f,-0.9722198457817419f,-0.18710989039965792f,0f,0f,0f,1f],start_interpolation:0}
execute if entity @s[tag=aj.spawner.bone.t34] run data modify entity @s {} merge value {transformation:[-0.9210592928980751f,0.3781571164176899f,0.0929891083340186f,-0.1609411111364057f,0.3838807712333751f,0.8415465320568392f,0.38004603387007807f,0.8731512792857896f,0.06546245063673735f,0.38574166184865893f,-0.9202814992549115f,-0.17016309524251835f,0f,0f,0f,1f],start_interpolation:0}
execute if entity @s[tag=aj.spawner.bone.t35] run data modify entity @s {} merge value {transformation:[-0.8449452859654889f,0.5129853353316206f,0.15137208943329966f,-0.13523795419053378f,0.5207828650966217f,0.724593206756488f,0.45138663265996604f,0.8829422504095631f,0.1218715354233793f,0.46022899784460997f,-0.8793955869780641f,-0.16498641077736603f,0f,0f,0f,1f],start_interpolation:0}
execute if entity @s[tag=aj.spawner.bone.t41] run data modify entity @s {} merge value {transformation:[-0.9966055319295779f,-0.08204559945866201f,-0.006777413727362924f,0.1434555416697071f,-0.0823250492095999f,0.9932225862726369f,0.082045599458662f,0.7185910551416222f,-1.2248265833800448e-16f,0.08232504920959989f,-0.9966055319295779f,-0.21403025633426084f,0f,0f,0f,1f],start_interpolation:0}
execute if entity @s[tag=aj.spawner.bone.t42] run data modify entity @s {} merge value {transformation:[-0.9966055319295779f,-0.08204559945866201f,-0.006777413727362924f,0.1316284809681602f,-0.0823250492095999f,0.9932225862726369f,0.082045599458662f,0.7858477913936885f,-1.2248265833800448e-16f,0.08232504920959989f,-0.9966055319295779f,-0.20214162462654106f,0f,0f,0f,1f],start_interpolation:0}
execute if entity @s[tag=aj.spawner.bone.t43] run data modify entity @s {} merge value {transformation:[-0.9966055319295779f,-0.08204559945866201f,-0.006777413727362924f,0.11722099239384809f,-0.0823250492095999f,0.9932225862726369f,0.082045599458662f,0.8463832282044633f,-1.2248265833800448e-16f,0.08232504920959989f,-0.9966055319295779f,-0.18765313218910126f,0f,0f,0f,1f],start_interpolation:0}
execute if entity @s[tag=aj.spawner.bone.t44] run data modify entity @s {} merge value {transformation:[-0.9966055319295779f,-0.08204559945866201f,-0.006777413727362924f,0.3640190889766277f,-0.0823250492095999f,0.9932225862726369f,0.082045599458662f,0.15901622653939274f,-1.2248265833800448e-16f,0.08232504920959989f,-0.9966055319295779f,0.26581916148172585f,0f,0f,0f,1f],start_interpolation:0}
execute if entity @s[tag=aj.spawner.bone.t45] run data modify entity @s {} merge value {transformation:[-0.9966055319295779f,-0.08204559945866201f,-0.006777413727362924f,0.0932774727130819f,-0.0823250492095999f,0.9932225862726369f,0.082045599458662f,0.9084815107660748f,-1.2248265833800448e-16f,0.08232504920959989f,-0.9966055319295779f,-0.16356419711104192f,0f,0f,0f,1f],start_interpolation:0}
execute if entity @s[tag=aj.spawner.bone.v21] run data modify entity @s {} merge value {transformation:[-1f,0f,1.2811689591080003e-16f,-0.08549492101734665f,0f,1f,0f,0.6282246178250585f,-1.2246467991473532e-16f,0f,-1.0461538461538462f,-0.03125f,0f,0f,0f,1f],start_interpolation:0}
execute if entity @s[tag=aj.spawner.bone.v22] run data modify entity @s {} merge value {transformation:[-1f,0f,1.2811689591080003e-16f,0.02392149852408563f,0f,1f,0f,0.6282246178250586f,-1.2246467991473532e-16f,0f,-1.0461538461538462f,-0.03125f,0f,0f,0f,1f],start_interpolation:0}
execute if entity @s[tag=aj.spawner.bone.v31] run data modify entity @s {} merge value {transformation:[-1f,0f,1.413053999016177e-16f,-0.14883150298131478f,0f,1f,0f,0.5591048674991094f,-1.2246467991473532e-16f,0f,-1.153846153846154f,-0.03125f,0f,0f,0f,1f],start_interpolation:0}
execute if entity @s[tag=aj.spawner.bone.v32] run data modify entity @s {} merge value {transformation:[-1f,0f,1.413053999016177e-16f,0.08725808048805375f,0f,1f,0f,0.5591048674991094f,-1.2246467991473532e-16f,0f,-1.153846153846154f,-0.03125f,0f,0f,0f,1f],start_interpolation:0}
execute if entity @s[tag=aj.spawner.bone.heart] run data modify entity @s {} merge value {transformation:[-1.188888888888889f,0f,1.2246467991473532e-16f,-0.03125f,0f,1f,0f,0.37499999999999994f,-1.4559689723196314e-16f,0f,-1f,-0.017116477272727693f,0f,0f,0f,1f],start_interpolation:0}