execute if entity @s[tag=aj.spawner.bone.bones_right] run data modify entity @s {} merge value {transformation:[-1f,1.3711693727812594e-17f,1.2169464771194024e-16f,-0.03125f,0f,0.9937122098932426f,-0.11196447610330758f,0.7118483009759399f,-1.2246467991473532e-16f,-0.11196447610330758f,-0.9937122098932426f,-0.12500132873740133f,0f,0f,0f,1f],start_interpolation:0}
execute if entity @s[tag=aj.spawner.bone.bones_left] run data modify entity @s {} merge value {transformation:[-1f,-1.3711693727812594e-17f,1.2169464771194024e-16f,-0.031250000000000056f,0f,0.9937122098932426f,0.11196447610330758f,0.7118483009759399f,-1.2246467991473532e-16f,0.11196447610330758f,-0.9937122098932426f,0.06250132873740133f,0f,0f,0f,1f],start_interpolation:0}
execute if entity @s[tag=aj.spawner.bone.t11] run data modify entity @s {} merge value {transformation:[-0.9967569059522199f,0.08059799773244886f,0.0007312172244219414f,-0.19722580227415865f,0.07978126962064896f,0.9909491086888761f,-0.12171444764333703f,0.7163392156947761f,-0.010517578346504566f,-0.12145693457233075f,-0.9925648888391368f,0.1462157299242091f,0f,0f,0f,1f],start_interpolation:0}
execute if entity @s[tag=aj.spawner.bone.t12] run data modify entity @s {} merge value {transformation:[-0.9866917250418549f,0.1625096394391622f,-0.005482410353346447f,-0.17956406686567833f,0.16021903679557997f,0.9659269342370846f,-0.20326096025465218f,0.7788635062760684f,-0.02773625753820381f,-0.20143429401345792f,-0.9791092509077189f,0.12606452876712393f,0f,0f,0f,1f],start_interpolation:0}
execute if entity @s[tag=aj.spawner.bone.t13] run data modify entity @s {} merge value {transformation:[-0.9795350591164311f,0.20017624335967443f,-0.020989034188783826f,-0.15789903127596355f,0.19931061297574187f,0.9501646016045996f,-0.2397133901408237f,0.8331864446015533f,-0.02804188861335101f,-0.23899100705252718f,-0.9706167889702997f,0.10808949668294673f,0f,0f,0f,1f],start_interpolation:0}
execute if entity @s[tag=aj.spawner.bone.t14] run data modify entity @s {} merge value {transformation:[-0.966308620161487f,0.2554548206502157f,-0.03147197496454562f,-0.156450671448705f,0.2531725276364553f,0.9213222960563798f,-0.2950743940764239f,0.8721811532331731f,-0.046382344181499856f,-0.29310077003646134f,-0.954955819267186f,0.09921274102364626f,0f,0f,0f,1f],start_interpolation:0}
execute if entity @s[tag=aj.spawner.bone.t15] run data modify entity @s {} merge value {transformation:[-0.9497969371976839f,0.31088963058344443f,-0.03512001830279275f,-0.14047480954481517f,0.3049123279004849f,0.8946463520135269f,-0.32655225787490066f,0.8871542252363922f,-0.0701017145596757f,-0.32086686090118105f,-0.9445264459988487f,0.08272341144367251f,0f,0f,0f,1f],start_interpolation:0}
execute if entity @s[tag=aj.spawner.bone.t21] run data modify entity @s {} merge value {transformation:[-0.9937895171394426f,-0.11074022309114023f,0.012382395623753574f,0.13541560773936057f,-0.11127621319829971f,0.9890026778457987f,-0.11058513418344394f,0.7159729227271016f,-1.2170411511910122e-16f,-0.1114322713021754f,-0.9937895171394426f,0.14570794358861344f,0f,0f,0f,1f],start_interpolation:0}
execute if entity @s[tag=aj.spawner.bone.t22] run data modify entity @s {} merge value {transformation:[-0.9827827342374457f,-0.18192140645154628f,0.0322908525663438f,0.12197346697771777f,-0.18475618614909226f,0.9659064985786013f,-0.1813554181249309f,0.7798559249655529f,0.0018024883944206867f,-0.1841989084612551f,-0.9828873349256618f,0.1321427408499839f,0f,0f,0f,1f],start_interpolation:0}
execute if entity @s[tag=aj.spawner.bone.t23] run data modify entity @s {} merge value {transformation:[-0.9751453951471284f,-0.2179895888069832f,0.039648423614481086f,0.10681142816451256f,-0.22135115356841245f,0.9505983025215091f,-0.21763853991689638f,0.8350276784427557f,0.009753211639457004f,-0.22100544431074046f,-0.9752238042868561f,0.11548249742643188f,0f,0f,0f,1f],start_interpolation:0}
execute if entity @s[tag=aj.spawner.bone.t24] run data modify entity @s {} merge value {transformation:[-0.9597824706159811f,-0.27070997672060526f,0.0743889615615977f,0.09288308845394075f,-0.2807113581170254f,0.921280557386044f,-0.269152871072473f,0.8711576770160373f,0.004329263491475508f,-0.27921003400019406f,-0.9602202947195148f,0.10095651999676267f,0f,0f,0f,1f],start_interpolation:0}
execute if entity @s[tag=aj.spawner.bone.t25] run data modify entity @s {} merge value {transformation:[-0.9407484095979833f,-0.32039053739443835f,0.11109605477679153f,0.0847259557084585f,-0.33903724344407693f,0.8952163406016244f,-0.2892083177878503f,0.8878411438506499f,-0.006795395257566079f,-0.3097379651704639f,-0.9507976732908815f,0.0846234210164104f,0f,0f,0f,1f],start_interpolation:0}
execute if entity @s[tag=aj.spawner.bone.t31] run data modify entity @s {} merge value {transformation:[-0.9937895171394426f,0.11074022309114023f,0.012382395623753574f,-0.19541130820974326f,0.11127621319829971f,0.9890026778457987f,0.11058513418344394f,0.7158327202046781f,-1.2170411511910122e-16f,0.1114322713021754f,-0.9937895171394426f,-0.20945234089703135f,0f,0f,0f,1f],start_interpolation:0}
execute if entity @s[tag=aj.spawner.bone.t32] run data modify entity @s {} merge value {transformation:[-0.9816099634624437f,0.18771250878001156f,0.034725979882130775f,-0.18200308797584694f,0.1908904620326048f,0.9636272397171073f,0.1870384302226879f,0.7794127838013358f,0.001646552835086395f,0.19022764500120037f,-0.9817386271004409f,-0.19592127066549853f,0f,0f,0f,1f],start_interpolation:0}
execute if entity @s[tag=aj.spawner.bone.t33] run data modify entity @s {} merge value {transformation:[-0.9734943262908752f,0.2256836286938499f,0.03709038175931449f,-0.16534470209861213f,0.2281614333734379f,0.9470616672517956f,0.22586845451108822f,0.834397783522857f,0.0158479336335522f,0.22834425362120622f,-0.9734514599289072f,-0.18165594008681138f,0f,0f,0f,1f],start_interpolation:0}
execute if entity @s[tag=aj.spawner.bone.t34] run data modify entity @s {} merge value {transformation:[-0.9588677154764315f,0.2795843571853089f,0.04904377059613968f,-0.15801235940566766f,0.281857351122366f,0.9173523839239103f,0.2811068076859792f,0.8716296796108995f,0.033602646254312654f,0.2833675897600084f,-0.9584224909914787f,-0.16192150980337555f,0f,0f,0f,1f],start_interpolation:0}
execute if entity @s[tag=aj.spawner.bone.t35] run data modify entity @s {} merge value {transformation:[-0.9410699531998754f,0.3339513683900937f,0.053514733810123845f,-0.13413372161805132f,0.3334090681459532f,0.8894480660573454f,0.3126028327845018f,0.8870389210791485f,0.05679556727801571f,0.31202343075037164f,-0.9483752644393127f,-0.1591549786269953f,0f,0f,0f,1f],start_interpolation:0}
execute if entity @s[tag=aj.spawner.bone.t41] run data modify entity @s {} merge value {transformation:[-0.9937895171394426f,-0.11058513418344396f,-0.012382395623753331f,0.1451909482337063f,-0.11127621319829971f,0.9876176043762466f,0.11058513418344394f,0.7177627229725858f,-1.2170411511910122e-16f,0.1112762131982997f,-0.9937895171394426f,-0.2143784527276793f,0f,0f,0f,1f],start_interpolation:0}
execute if entity @s[tag=aj.spawner.bone.t42] run data modify entity @s {} merge value {transformation:[-0.9937895171394426f,-0.11058513418344396f,-0.012382395623753331f,0.1314544257491215f,-0.11127621319829971f,0.9876176043762466f,0.11058513418344394f,0.7842747998523161f,-1.2170411511910122e-16f,0.1112762131982997f,-0.9937895171394426f,-0.20051702858817477f,0f,0f,0f,1f],start_interpolation:0}
execute if entity @s[tag=aj.spawner.bone.t43] run data modify entity @s {} merge value {transformation:[-0.9937895171394426f,-0.11058513418344396f,-0.012382395623753331f,0.11534216309844668f,-0.11127621319829971f,0.9876176043762466f,0.11058513418344394f,0.8439209499941275f,-1.2170411511910122e-16f,0.1112762131982997f,-0.9937895171394426f,-0.18424548854009876f,0f,0f,0f,1f],start_interpolation:0}
execute if entity @s[tag=aj.spawner.bone.t44] run data modify entity @s {} merge value {transformation:[-0.9937895171394426f,-0.11058513418344396f,-0.012382395623753331f,0.38346215766282943f,-0.11127621319829971f,0.9876176043762466f,0.11058513418344394f,0.15121213441601655f,-1.2170411511910122e-16f,0.1112762131982997f,-0.9937895171394426f,0.24852001599689555f,0f,0f,0f,1f],start_interpolation:0}
execute if entity @s[tag=aj.spawner.bone.t45] run data modify entity @s {} merge value {transformation:[-0.9937895171394426f,-0.11058513418344396f,-0.012382395623753331f,0.08968363013923905f,-0.11127621319829971f,0.9876176043762466f,0.11058513418344394f,0.9045734550179105f,-1.2170411511910122e-16f,0.1112762131982997f,-0.9937895171394426f,-0.15830943360259603f,0f,0f,0f,1f],start_interpolation:0}
execute if entity @s[tag=aj.spawner.bone.v61] run data modify entity @s {} merge value {transformation:[-1f,0f,1.3995963418826898e-16f,-0.09963345872519982f,0f,1f,0f,0.38940718852138173f,-1.2246467991473532e-16f,0f,-1.1428571428571432f,-0.03125f,0f,0f,0f,1f],start_interpolation:0}
execute if entity @s[tag=aj.spawner.bone.v62] run data modify entity @s {} merge value {transformation:[-1f,0f,1.3995963418826898e-16f,0.03806003325170601f,0f,1f,0f,0.38940718852138173f,-1.2246467991473532e-16f,0f,-1.1428571428571432f,-0.03125f,0f,0f,0f,1f],start_interpolation:0}
execute if entity @s[tag=aj.spawner.bone.heart] run data modify entity @s {} merge value {transformation:[-1.255555555555556f,0f,1.2246467991473532e-16f,-0.03125f,0f,1f,0f,0.37499999999999994f,-1.5376120922627885e-16f,0f,-1f,-0.017116477272727693f,0f,0f,0f,1f],start_interpolation:0}