execute if entity @s[tag=aj.spawner.bone.bones_right] run data modify entity @s {} merge value {transformation:[-1f,1.1082915861119985e-17f,1.219621531567638e-16f,-0.03125f,0f,0.995896557617091f,-0.09049887582963792f,0.7107322295473684f,-1.2246467991473532e-16f,-0.09049887582963792f,-0.995896557617091f,-0.12491547708904971f,0f,0f,0f,1f],start_interpolation:0}
execute if entity @s[tag=aj.spawner.bone.bones_left] run data modify entity @s {} merge value {transformation:[-1f,-1.1082915861119985e-17f,1.219621531567638e-16f,-0.031250000000000056f,0f,0.995896557617091f,0.09049887582963792f,0.7107322295473684f,-1.2246467991473532e-16f,0.09049887582963792f,-0.995896557617091f,0.06241547708904971f,0f,0f,0f,1f],start_interpolation:0}
execute if entity @s[tag=aj.spawner.bone.t11] run data modify entity @s {} merge value {transformation:[-0.9966301128066798f,0.08215359252777096f,0.0005550269695884236f,-0.19718580801244878f,0.08132404050506728f,0.9905008937961016f,-0.1239432635404993f,0.7162416335520311f,-0.01071534800531225f,-0.12367394697679221f,-0.9922891510885289f,0.1461568058315237f,0f,0f,0f,1f],start_interpolation:0}
execute if entity @s[tag=aj.spawner.bone.t12] run data modify entity @s {} merge value {transformation:[-0.9861332469109019f,0.1658437013865049f,-0.006089831474332605f,-0.17944319596001518f,0.16349072057835326f,0.9645321146721599f,-0.20724040158912582f,0.7786344956025237f,-0.028495677246431234f,-0.20536228104614332f,-0.9782710922345564f,0.12588565855204406f,0f,0f,0f,1f],start_interpolation:0}
execute if entity @s[tag=aj.spawner.bone.t13] run data modify entity @s {} merge value {transformation:[-0.9806624115727389f,0.19470863829244042f,-0.019742864600747714f,-0.15786089966801134f,0.1938418659269014f,0.9524671239286703f,-0.23501427371337313f,0.8332998771182487f,-0.026954879749630425f,-0.2342966581267234f,-0.9717913924543334f,0.10804403914112437f,0f,0f,0f,1f],start_interpolation:0}
execute if entity @s[tag=aj.spawner.bone.t14] run data modify entity @s {} merge value {transformation:[-0.9712923372998926f,0.23641573699851845f,-0.026434727196602077f,-0.15665703235935965f,0.23436084767951426f,0.9318933778906487f,-0.2768568679272666f,0.8725364264202603f,-0.04081897325326691f,-0.27510421942057484f,-0.9605474896534503f,0.0992669454204729f,0f,0f,0f,1f],start_interpolation:0}
execute if entity @s[tag=aj.spawner.bone.t15] run data modify entity @s {} merge value {transformation:[-0.9600640047415173f,0.27848705516531036f,-0.026871302630005565f,-0.14104871786150472f,0.27343686074231205f,0.9136221188637036f,-0.30087689693691366f,0.8884281180016584f,-0.059240104549784164f,-0.2962086832426595f,-0.9532843363784913f,0.08309126580663062f,0f,0f,0f,1f],start_interpolation:0}
execute if entity @s[tag=aj.spawner.bone.t21] run data modify entity @s {} merge value {transformation:[-0.993238357741943f,-0.11547667869127548f,0.013477564710088197f,0.13529441518428728f,-0.1160929141252302f,0.9879661266586288f,-0.11530793537122005f,0.7156998631999169f,-1.2163661755990443e-16f,-0.11626280619468178f,-0.993238357741943f,0.14555649355289743f,0f,0f,0f,1f],start_interpolation:0}
execute if entity @s[tag=aj.spawner.bone.t22] run data modify entity @s {} merge value {transformation:[-0.9812590016637075f,-0.18951798147554416f,0.03483828858281486f,0.12156378949154242f,-0.19268026215573014f,0.9629058152958215f,-0.18890925717150123f,0.7793366852187176f,0.0022557104298409174f,-0.1920815596743336f,-0.9813763733672888f,0.13168984628791522f,0f,0f,0f,1f],start_interpolation:0}
execute if entity @s[tag=aj.spawner.bone.t23] run data modify entity @s {} merge value {transformation:[-0.9751411519654636f,-0.21809140125627563f,0.0391902340072493f,0.10602317386139112f,-0.22134691973154888f,0.9505493838680433f,-0.21785639754994204f,0.834646800553928f,0.010260354225075844f,-0.2211153760509597f,-0.9751936810731593f,0.11489297313722528f,0f,0f,0f,1f],start_interpolation:0}
execute if entity @s[tag=aj.spawner.bone.t24] run data modify entity @s {} merge value {transformation:[-0.9630120730215612f,-0.2611043475851319f,0.06657527233784266f,0.09197142164114266f,-0.2693886027581633f,0.9272979949429419f,-0.2599003833756389f,0.871007007439647f,0.006126003486760035f,-0.2682218265670081f,-0.9633376997887803f,0.10031625293828929f,0f,0f,0f,1f],start_interpolation:0}
execute if entity @s[tag=aj.spawner.bone.t25] run data modify entity @s {} merge value {transformation:[-0.9484649261594549f,-0.3021374910323781f,0.09553648705075758f,0.08367869345639614f,-0.3168682922593192f,0.9071104620192343f,-0.2770290509241115f,0.8881196429384417f,-0.002961284519015339f,-0.2930248218289895f,-0.956100248188487f,0.08417984820095716f,0f,0f,0f,1f],start_interpolation:0}
execute if entity @s[tag=aj.spawner.bone.t31] run data modify entity @s {} merge value {transformation:[-0.993238357741943f,0.11547667869127548f,0.013477564710088197f,-0.19529012460734865f,0.1160929141252302f,0.9879661266586288f,0.11530793537122005f,0.715553511751442f,-1.2163661755990443e-16f,0.11626280619468178f,-0.993238357741943f,-0.20930020071389588f,0f,0f,0f,1f],start_interpolation:0}
execute if entity @s[tag=aj.spawner.bone.t32] run data modify entity @s {} merge value {transformation:[-0.9812590926583257f,0.18951750029417863f,0.03483834320982713f,-0.18155949891460385f,0.19267979939203153f,0.9629058162053976f,0.18890972453546012f,0.7791903337702426f,0.0022556554715199035f,0.19208202987282008f,-0.9813762814630945f,-0.19543355344891364f,0f,0f,0f,1f],start_interpolation:0}
execute if entity @s[tag=aj.spawner.bone.t33] run data modify entity @s {} merge value {transformation:[-0.97520017772827f,0.21854861579280419f,0.034944468715376154f,-0.16528316682736457f,0.22084195455211011f,0.9504457554061446f,0.2188188683364547f,0.8345830377760906f,0.014609738818827968f,0.22110940406389826f,-0.9751395730694933f,-0.18006923562189014f,0f,0f,0f,1f],start_interpolation:0}
execute if entity @s[tag=aj.spawner.bone.t34] run data modify entity @s {} merge value {transformation:[-0.9633355470356963f,0.264709720263715f,0.04374228863858716f,-0.15795666319273738f,0.2666213039862778f,0.9262947722821164f,0.26625377951022355f,0.8718153496224237f,0.02996171019972943f,0.2681543563709671f,-0.9629099319672529f,-0.16001175657870148f,0f,0f,0f,1f],start_interpolation:0}
execute if entity @s[tag=aj.spawner.bone.t35] run data modify entity @s {} merge value {transformation:[-0.9491845514632505f,0.31138287182379665f,0.045709893877288486f,-0.13447844012629007f,0.3107117277488049f,0.9040528584986962f,0.2935074978253349f,0.8879661210109642f,0.050069047353234836f,0.2927953827762683f,-0.9548633170889109f,-0.1569964057451754f,0f,0f,0f,1f],start_interpolation:0}
execute if entity @s[tag=aj.spawner.bone.t41] run data modify entity @s {} merge value {transformation:[-0.993238357741943f,-0.11530793537122007f,-0.013477564710087955f,0.1454827069505898f,-0.1160929141252302f,0.9865224352899119f,0.11530793537122005f,0.7176416303245301f,-1.2163661755990443e-16f,0.11609291412523019f,-0.993238357741943f,-0.21443764049531955f,0f,0f,0f,1f],start_interpolation:0}
execute if entity @s[tag=aj.spawner.bone.t42] run data modify entity @s {} merge value {transformation:[-0.993238357741943f,-0.11530793537122007f,-0.013477564710087955f,0.13143178143736933f,-0.1160929141252302f,0.9865224352899119f,0.11530793537122005f,0.784018792441358f,-1.2163661755990443e-16f,0.11609291412523019f,-0.993238357741943f,-0.20024851291332296f,0f,0f,0f,1f],start_interpolation:0}
execute if entity @s[tag=aj.spawner.bone.t43] run data modify entity @s {} merge value {transformation:[-0.993238357741943f,-0.11530793537122007f,-0.013477564710087955f,0.11503977804199447f,-0.1160929141252302f,0.9865224352899119f,0.11530793537122005f,0.8435070616829481f,-1.2163661755990443e-16f,0.11609291412523019f,-0.993238357741943f,-0.18368109617666534f,0f,0f,0f,1f],start_interpolation:0}
execute if entity @s[tag=aj.spawner.bone.t44] run data modify entity @s {} merge value {transformation:[-0.993238357741943f,-0.11530793537122007f,-0.013477564710087955f,0.38675754995869366f,-0.1160929141252302f,0.9865224352899119f,0.11530793537122005f,0.1500307365556317f,-1.2163661755990443e-16f,0.11609291412523019f,-0.993238357741943f,0.24559719991402984f,0f,0f,0f,1f],start_interpolation:0}
execute if entity @s[tag=aj.spawner.bone.t45] run data modify entity @s {} merge value {transformation:[-0.993238357741943f,-0.11530793537122007f,-0.013477564710087955f,0.08910217991391091f,-0.1160929141252302f,0.9865224352899119f,0.11530793537122005f,0.9039088305707896f,-1.2163661755990443e-16f,0.11609291412523019f,-0.993238357741943f,-0.1574392794795359f,0f,0f,0f,1f],start_interpolation:0}
execute if entity @s[tag=aj.spawner.bone.v21] run data modify entity @s {} merge value {transformation:[-1f,0f,1.413053999016177e-16f,-0.08549492101734665f,0f,1f,0f,0.6282246178250585f,-1.2246467991473532e-16f,0f,-1.153846153846154f,-0.03125f,0f,0f,0f,1f],start_interpolation:0}
execute if entity @s[tag=aj.spawner.bone.v22] run data modify entity @s {} merge value {transformation:[-1f,0f,1.413053999016177e-16f,0.02392149852408563f,0f,1f,0f,0.6282246178250586f,-1.2246467991473532e-16f,0f,-1.153846153846154f,-0.03125f,0f,0f,0f,1f],start_interpolation:0}
execute if entity @s[tag=aj.spawner.bone.v31] run data modify entity @s {} merge value {transformation:[-1f,0f,1.2811689591080003e-16f,-0.14883150298131478f,0f,1f,0f,0.5591048674991094f,-1.2246467991473532e-16f,0f,-1.0461538461538462f,-0.03125f,0f,0f,0f,1f],start_interpolation:0}
execute if entity @s[tag=aj.spawner.bone.v32] run data modify entity @s {} merge value {transformation:[-1f,0f,1.2811689591080003e-16f,0.08725808048805375f,0f,1f,0f,0.5591048674991094f,-1.2246467991473532e-16f,0f,-1.0461538461538462f,-0.03125f,0f,0f,0f,1f],start_interpolation:0}
execute if entity @s[tag=aj.spawner.bone.heart] run data modify entity @s {} merge value {transformation:[-1.2666666666666668f,0f,1.2246467991473532e-16f,-0.03125f,0f,1f,0f,0.37499999999999994f,-1.551219278919981e-16f,0f,-1f,-0.017116477272727693f,0f,0f,0f,1f],start_interpolation:0}