execute if entity @s[tag=aj.spawner.bone.bones_right] run data modify entity @s {} merge value {transformation:[-1f,1.0293220632125774e-17f,1.2203133792447315e-16f,-0.03125f,0f,0.9964614941176192f,-0.08405052492924747f,0.7103974081187969f,-1.2246467991473532e-16f,-0.08405052492924747f,-0.9964614941176192f,-0.1248897215945442f,0f,0f,0f,1f],start_interpolation:0}
execute if entity @s[tag=aj.spawner.bone.bones_left] run data modify entity @s {} merge value {transformation:[-1f,-1.0293220632125774e-17f,1.2203133792447315e-16f,-0.031250000000000056f,0f,0.9964614941176192f,0.08405052492924747f,0.7103974081187969f,-1.2246467991473532e-16f,0.08405052492924747f,-0.9964614941176192f,0.0623897215945442f,0f,0f,0f,1f],start_interpolation:0}
execute if entity @s[tag=aj.spawner.bone.t11] run data modify entity @s {} merge value {transformation:[-0.9999415478828255f,0.01081200130007685f,0.00026538646317418775f,-0.1998961265450987f,0.010804765664342044f,1.000162244860161f,-0.012208611671634072f,0.7217011149479013f,-0.0003973117637670071f,-0.012208633410826793f,-0.9999254369057108f,0.14986596134958083f,0f,0f,0f,1f],start_interpolation:0}
execute if entity @s[tag=aj.spawner.bone.t12] run data modify entity @s {} merge value {transformation:[-0.9999939417546895f,0.0034803384159991604f,0.00006081470800046177f,-0.18745080212864434f,0.0034800000423963282f,0.9999820271038492f,-0.004882117264237271f,0.7906283316909832f,-0.00007780503525016815f,-0.004881876051986831f,-0.9999880805452581f,0.13733272264867277f,0f,0f,0f,1f],start_interpolation:0}
execute if entity @s[tag=aj.spawner.bone.t13] run data modify entity @s {} merge value {transformation:[-0.9999466526709674f,-0.010321018588719805f,-0.00041035036156199305f,-0.17828007831507595f,-0.010324264047767626f,0.9999070552604888f,0.008904516391685834f,0.8535614068446545f,0.0003184085424523796f,0.008908277925004874f,-0.9999602698109615f,0.13443126685529985f,0f,0f,0f,1f],start_interpolation:0}
execute if entity @s[tag=aj.spawner.bone.t14] run data modify entity @s {} merge value {transformation:[-0.9997000347072448f,-0.02420343706688393f,-0.003746230169511781f,-0.18160104925647638f,-0.024283210806167244f,0.9994414578328227f,0.02295861576719048f,0.8943899278619639f,0.0031884603301301924f,0.023042699476225302f,-0.9997293972478611f,0.13134146482624165f,0f,0f,0f,1f],start_interpolation:0}
execute if entity @s[tag=aj.spawner.bone.t15] run data modify entity @s {} merge value {transformation:[-0.9992489656341178f,-0.037863364949483835f,-0.008238341692820934f,-0.17282726728804532f,-0.03809801437499105f,0.9988089369580987f,0.03048358170090538f,0.9204191270362961f,0.0070743183295952725f,0.030774551943692007f,-0.999501316143624f,0.12253737990277304f,0f,0f,0f,1f],start_interpolation:0}
execute if entity @s[tag=aj.spawner.bone.t21] run data modify entity @s {} merge value {transformation:[-0.9997268313002339f,-0.023381095847572104f,0.0004151974572160907f,0.13827750475346876f,-0.023371897315420786f,0.9999890972274844f,-0.023368883466039346f,0.7211758294266435f,0.0001311269271894062f,-0.023384724594312296f,-0.9997268241357847f,0.14889434088135456f,0f,0f,0f,1f],start_interpolation:0}
execute if entity @s[tag=aj.spawner.bone.t22] run data modify entity @s {} merge value {transformation:[-0.9997268777585792f,-0.023355800148211453f,0.0008224880059291898f,0.13106525866304136f,-0.023368640114144974f,0.9994541819975524f,-0.023350476372417404f,0.7897370094863012f,-0.00027667001764904197f,-0.02336331926418108f,-0.9997270021194092f,0.14168077067248724f,0f,0f,0f,1f],start_interpolation:0}
execute if entity @s[tag=aj.spawner.bone.t23] run data modify entity @s {} merge value {transformation:[-0.999901651759575f,-0.014023128137934467f,0.0001966868084736794f,0.11456596449195355f,-0.014024507423562402f,0.9998033131915265f,-0.014023128137934469f,0.8519617613568471f,-1.2246618825610757e-16f,-0.014024507423562404f,-0.999901651759575f,0.13767954629676588f,0f,0f,0f,1f],start_interpolation:0}
execute if entity @s[tag=aj.spawner.bone.t24] run data modify entity @s {} merge value {transformation:[-0.999901651759575f,-0.014023128137934467f,0.0001966868084736794f,0.10462404086493343f,-0.014024507423562402f,0.9998033131915265f,-0.014023128137934469f,0.8923158243718634f,-1.2246618825610757e-16f,-0.014024507423562404f,-0.999901651759575f,0.12773572269743771f,0f,0f,0f,1f],start_interpolation:0}
execute if entity @s[tag=aj.spawner.bone.t25] run data modify entity @s {} merge value {transformation:[-0.999901651759575f,-0.014023128137934467f,0.0001966868084736794f,0.09490122861506846f,-0.014024507423562402f,0.9998033131915265f,-0.014023128137934469f,0.9170479606182625f,-1.2246618825610757e-16f,-0.014024507423562404f,-0.999901651759575f,0.11801103202660262f,0f,0f,0f,1f],start_interpolation:0}
execute if entity @s[tag=aj.spawner.bone.t31] run data modify entity @s {} merge value {transformation:[-0.9997268313002339f,0.023381095847572104f,0.0004151974572160907f,-0.19827315693949318f,0.023371897315420786f,0.9999890972274844f,0.023368883466039346f,0.721158266577199f,0.0001311269271894062f,0.023384724594312296f,-0.9997268241357847f,-0.21264639164529678f,0f,0f,0f,1f],start_interpolation:0}
execute if entity @s[tag=aj.spawner.bone.t32] run data modify entity @s {} merge value {transformation:[-0.9998911203698639f,0.014735496463042586f,-0.0007826554068850726f,-0.19105722172894024f,0.014722355705583112f,0.999782831338479f,0.014749318739960856f,0.789982468873267f,0.000999823972782908f,0.01473619030829663f,-0.9998909165740136f,-0.2054291319534497f,0f,0f,0f,1f],start_interpolation:0}
execute if entity @s[tag=aj.spawner.bone.t33] run data modify entity @s {} merge value {transformation:[-0.9999992283494266f,0.0009401833411779748f,0.0008120072883719612f,-0.1876821497582641f,0.000940946498604545f,0.999999115537176f,0.0009399705061905201f,0.8526754721209678f,-0.0008111228255705829f,0.0009407338362765767f,-0.999999228549508f,-0.18818977169952544f,0f,0f,0f,1f],start_interpolation:0}
execute if entity @s[tag=aj.spawner.bone.t34] run data modify entity @s {} merge value {transformation:[-0.9999083229153471f,-0.012939499595420902f,0.0039893752440598946f,-0.18555017769818477f,-0.012990949427664517f,0.9998291094118474f,-0.013152460061910587f,0.8932464352346918f,-0.0038185072457281935f,-0.013203080054759658f,-0.9999055443788089f,-0.17116095785995783f,0f,0f,0f,1f],start_interpolation:0}
execute if entity @s[tag=aj.spawner.bone.t35] run data modify entity @s {} merge value {transformation:[-0.9996108465037643f,-0.026601797817223966f,0.00839642214988535f,-0.1689856732773893f,-0.026771016309686903f,0.9994266376264497f,-0.020729416017726716f,0.9190710402972676f,-0.00784016822357947f,-0.020946129847326085f,-0.9997498644194182f,-0.16844670609752016f,0f,0f,0f,1f],start_interpolation:0}
execute if entity @s[tag=aj.spawner.bone.t41] run data modify entity @s {} merge value {transformation:[-0.999901651759575f,-0.01402312813793447f,-0.00019668680847343447f,0.1397192824698138f,-0.014024507423562402f,0.9998033131915265f,0.014023128137934469f,0.7212237293096071f,-1.2243908320179543e-16f,0.0140245074235624f,-0.999901651759575f,-0.21336747456723867f,0f,0f,0f,1f],start_interpolation:0}
execute if entity @s[tag=aj.spawner.bone.t42] run data modify entity @s {} merge value {transformation:[-0.999901651759575f,-0.01402312813793447f,-0.00019668680847343447f,0.13250703637938638f,-0.014024507423562402f,0.9998033131915265f,0.014023128137934469f,0.7897849093692644f,-1.2243908320179543e-16f,0.0140245074235624f,-0.999901651759575f,-0.20615390435837144f,0f,0f,0f,1f],start_interpolation:0}
execute if entity @s[tag=aj.spawner.bone.t43] run data modify entity @s {} merge value {transformation:[-0.999901651759575f,-0.01402312813793447f,-0.00019668680847343447f,0.12225835682434891f,-0.014024507423562402f,0.9998033131915265f,0.014023128137934469f,0.8520096698603457f,-1.2243908320179543e-16f,0.0140245074235624f,-0.999901651759575f,-0.19590329465915274f,0f,0f,0f,1f],start_interpolation:0}
execute if entity @s[tag=aj.spawner.bone.t44] run data modify entity @s {} merge value {transformation:[-0.999901651759575f,-0.01402312813793447f,-0.00019668680847343447f,0.3210470135799995f,-0.014024507423562402f,0.9998033131915265f,0.014023128137934469f,0.18201963952963685f,-1.2243908320179543e-16f,0.0140245074235624f,-0.999901651759575f,0.30471257183404316f,0f,0f,0f,1f],start_interpolation:0}
execute if entity @s[tag=aj.spawner.bone.t45] run data modify entity @s {} merge value {transformation:[-0.999901651759575f,-0.01402312813793447f,-0.00019668680847343447f,0.1025936209474638f,-0.014024507423562402f,0.9998033131915265f,0.014023128137934469f,0.917095869121761f,-1.2243908320179543e-16f,0.0140245074235624f,-0.999901651759575f,-0.17623478038898963f,0f,0f,0f,1f],start_interpolation:0}
execute if entity @s[tag=aj.spawner.bone.v41] run data modify entity @s {} merge value {transformation:[-1f,0f,1.4170912961562232e-16f,-0.17228970872519958f,0f,1f,0f,0.4987821885213817f,-1.2246467991473532e-16f,0f,-1.1571428571428573f,-0.03125f,0f,0f,0f,1f],start_interpolation:0}
execute if entity @s[tag=aj.spawner.bone.v42] run data modify entity @s {} merge value {transformation:[-1f,0f,1.4170912961562232e-16f,0.11071628623193838f,0f,1f,0f,0.4987821885213818f,-1.2246467991473532e-16f,0f,-1.1571428571428573f,-0.03125f,0f,0f,0f,1f],start_interpolation:0}
execute if entity @s[tag=aj.spawner.bone.v51] run data modify entity @s {} merge value {transformation:[-1f,0f,1.277131661967954e-16f,-0.17228970872519955f,0f,1f,0f,0.40503218852138173f,-1.2246467991473532e-16f,0f,-1.042857142857143f,-0.031250000000000056f,0f,0f,0f,1f],start_interpolation:0}
execute if entity @s[tag=aj.spawner.bone.v52] run data modify entity @s {} merge value {transformation:[-1f,0f,1.277131661967954e-16f,0.11071628623193841f,0f,1f,0f,0.4050321885213818f,-1.2246467991473532e-16f,0f,-1.042857142857143f,-0.03125f,0f,0f,0f,1f],start_interpolation:0}
execute if entity @s[tag=aj.spawner.bone.heart] run data modify entity @s {} merge value {transformation:[-1.0321428571428573f,0f,1.2246467991473532e-16f,-0.03125f,0f,1f,0f,0.37499999999999994f,-1.264010446262804e-16f,0f,-1f,-0.017116477272727693f,0f,0f,0f,1f],start_interpolation:0}