execute if entity @s[tag=aj.spawner.bone.bones_right] run data modify entity @s {} merge value {transformation:[-1f,3.390257229567622e-17f,1.176784322565313e-16f,-0.03125f,0f,0.9609173219450996f,-0.27683551142484925f,0.720553658118797f,-1.2246467991473532e-16f,-0.27683551142484925f,-0.9609173219450996f,-0.1256709715945442f,0f,0f,0f,1f],start_interpolation:0}
execute if entity @s[tag=aj.spawner.bone.bones_left] run data modify entity @s {} merge value {transformation:[-1f,-3.390257229567622e-17f,1.176784322565313e-16f,-0.031250000000000056f,0f,0.9609173219450996f,0.27683551142484925f,0.720553658118797f,-1.2246467991473532e-16f,0.27683551142484925f,-0.9609173219450996f,0.06317097159454418f,0f,0f,0f,1f],start_interpolation:0}
execute if entity @s[tag=aj.spawner.bone.t11] run data modify entity @s {} merge value {transformation:[-0.9981012629453122f,0.061717727303565374f,0.00012199917363638632f,-0.1990784859872507f,0.06141539933482154f,0.9973448097246297f,-0.07420922605198724f,0.7202565040626137f,-0.004692294909443118f,-0.07420927515712775f,-0.9972426865537629f,0.14879452007913538f,0f,0f,0f,1f],start_interpolation:0}
execute if entity @s[tag=aj.spawner.bone.t12] run data modify entity @s {} merge value {transformation:[-0.9986075831878709f,0.0527251666455423f,0.0017180226655860245f,-0.18505404650089102f,0.05250017133828346f,0.9964771790040158f,-0.06539849947551746f,0.7884778083670431f,-0.005160117162483191f,-0.0652172410210534f,-0.9978577477097983f,0.1339687458243574f,0f,0f,0f,1f],start_interpolation:0}
execute if entity @s[tag=aj.spawner.bone.t13] run data modify entity @s {} merge value {transformation:[-0.9999013033995446f,0.013870140564292137f,0.0022366628307742297f,-0.17451546680807578f,0.013805642293452852f,0.9995494369042033f,-0.026651968508073547f,0.850995827266677f,-0.002605321622567011f,-0.026618459482413617f,-0.9996422709719843f,0.1289629696371969f,0f,0f,0f,1f],start_interpolation:0}
execute if entity @s[tag=aj.spawner.bone.t14] run data modify entity @s {} merge value {transformation:[-0.9999697232586712f,0.0077202087345230284f,0.0009751631002728944f,-0.17673756319125122f,0.007698698748295452f,0.9997619986671775f,-0.020412644576178925f,0.8916361690138055f,-0.001132520887107042f,-0.0204045190608798f,-0.9997911646930745f,0.1243728400360812f,0f,0f,0f,1f],start_interpolation:0}
execute if entity @s[tag=aj.spawner.bone.t15] run data modify entity @s {} merge value {transformation:[-0.999998192416724f,0.0016540835968671358f,-0.0009376410502681689f,-0.16719505909983134f,0.001669804837404199f,0.9998537274104785f,-0.01702161964025759f,0.9167309111952837f,0.0009093487172446425f,-0.017023154549824077f,-0.9998546820883939f,0.11455859864492235f,0f,0f,0f,1f],start_interpolation:0}
execute if entity @s[tag=aj.spawner.bone.t21] run data modify entity @s {} merge value {transformation:[-0.9969676371983641f,-0.07781951962058568f,0.0046068519255382055f,0.13722939958679642f,-0.0778036609774707f,0.9957117669084601f,-0.0776921467264588f,0.7194938504678374f,0.001456268386619974f,-0.07795394122809161f,-0.9969667533335155f,0.14779546933767482f,0f,0f,0f,1f],start_interpolation:0}
execute if entity @s[tag=aj.spawner.bone.t22] run data modify entity @s {} merge value {transformation:[-0.9969660753473704f,-0.07760894438474485f,0.005957882001781573f,0.1277905039065796f,-0.07783723489281612f,0.9939447991207608f,-0.07755708326794553f,0.7875098615082468f,0.00009731753253902783f,-0.0777855259818692f,-0.996970111125214f,0.1383394135801803f,0f,0f,0f,1f],start_interpolation:0}
execute if entity @s[tag=aj.spawner.bone.t23] run data modify entity @s {} merge value {transformation:[-0.9989074228728941f,-0.04668180422647531f,0.0021839605294332134f,0.1092717875366904f,-0.04673286348420232f,0.997816039470567f,-0.04668180422647532f,0.8489972823450085f,-1.2233087780658214e-16f,-0.046732863484202324f,-0.9989074228728941f,0.13229702391593984f,0f,0f,0f,1f],start_interpolation:0}
execute if entity @s[tag=aj.spawner.bone.t24] run data modify entity @s {} merge value {transformation:[-0.9989074228728941f,-0.04668180422647531f,0.0021839605294332134f,0.09803105678051992f,-0.04673286348420232f,0.997816039470567f,-0.04668180422647532f,0.8886577964387122f,-1.2233087780658214e-16f,-0.046732863484202324f,-0.9989074228728941f,0.1210337442474608f,0f,0f,0f,1f],start_interpolation:0}
execute if entity @s[tag=aj.spawner.bone.t25] run data modify entity @s {} merge value {transformation:[-0.9989074228728941f,-0.04668180422647531f,0.0021839605294332134f,0.08751972921538807f,-0.04673286348420232f,0.997816039470567f,-0.04668180422647532f,0.9127274349156889f,-1.2233087780658214e-16f,-0.046732863484202324f,-0.9989074228728941f,0.11050066557092234f,0f,0f,0f,1f],start_interpolation:0}
execute if entity @s[tag=aj.spawner.bone.t31] run data modify entity @s {} merge value {transformation:[-0.9969676371983641f,0.07781951962058568f,0.0046068519255382055f,-0.19722505325546036f,0.0778036609774707f,0.9957117669084601f,0.0776921467264588f,0.7194352688602301f,0.001456268386619974f,0.07795394122809161f,-0.9969667533335155f,-0.21154627515414157f,0f,0f,0f,1f],start_interpolation:0}
execute if entity @s[tag=aj.spawner.bone.t32] run data modify entity @s {} merge value {transformation:[-0.9972596679957434f,0.07395744432393629f,0.001857691602940214f,-0.18777127179583467f,0.07389160171646915f,0.9945110773463561f,0.07407933741040705f,0.7877694610356746f,0.00363122359466692f,0.07401360323928366f,-0.9972506208324682f,-0.20207531733558698f,0f,0f,0f,1f],start_interpolation:0}
execute if entity @s[tag=aj.spawner.bone.t33] run data modify entity @s {} merge value {transformation:[-0.9993753793196022f,0.03527916120216722f,0.002057181244466926f,-0.18243121313727595f,0.03532978577863429f,0.998753649308401f,0.03525555601585538f,0.8496645184932544f,-0.0008108308312447415f,0.03530621443914379f,-0.9993762123321429f,-0.18279935845789713f,0f,0f,0f,1f],start_interpolation:0}
execute if entity @s[tag=aj.spawner.bone.t34] run data modify entity @s {} merge value {transformation:[-0.9995697304239948f,0.0291583935877496f,0.0031846669346239946f,-0.17883193508321757f,0.02923857535044536f,0.9991519261007258f,0.028991969244708288f,0.8894476849246132f,-0.002336606851597722f,0.02907261000652788f,-0.999574571313131f,-0.16457223842715435f,0f,0f,0f,1f],start_interpolation:0}
execute if entity @s[tag=aj.spawner.bone.t35] run data modify entity @s {} merge value {transformation:[-0.9997203430982909f,0.023108271923636056f,0.0050242774743126705f,-0.16128055938280206f,0.02322940666908331f,0.999403332488675f,0.025561175175123067f,0.9141865681001342f,-0.004430605064541426f,0.025670737800738672f,-0.9996606338950873f,-0.160739288569804f,0f,0f,0f,1f],start_interpolation:0}
execute if entity @s[tag=aj.spawner.bone.t41] run data modify entity @s {} merge value {transformation:[-0.9989074228728941f,-0.046681804226475325f,-0.002183960529432969f,0.14202385451631833f,-0.04673286348420232f,0.997816039470567f,0.04668180422647532f,0.7198891973091377f,-1.2233087780658214e-16f,0.04673286348420231f,-0.9989074228728941f,-0.2139474949206628f,0f,0f,0f,1f],start_interpolation:0}
execute if entity @s[tag=aj.spawner.bone.t42] run data modify entity @s {} merge value {transformation:[-0.9989074228728941f,-0.046681804226475325f,-0.002183960529432969f,0.1325849588361015f,-0.04673286348420232f,0.997816039470567f,0.04668180422647532f,0.7879052083495467f,-1.2233087780658214e-16f,0.04673286348420231f,-0.9989074228728941f,-0.20449143916316836f,0f,0f,0f,1f],start_interpolation:0}
execute if entity @s[tag=aj.spawner.bone.t43] run data modify entity @s {} merge value {transformation:[-0.9989074228728941f,-0.046681804226475325f,-0.002183960529432969f,0.12032306361247685f,-0.04673286348420232f,0.997816039470567f,0.04668180422647532f,0.8493929483066694f,-1.2233087780658214e-16f,0.04673286348420231f,-0.9989074228728941f,-0.19220587810597234f,0f,0f,0f,1f],start_interpolation:0}
execute if entity @s[tag=aj.spawner.bone.t44] run data modify entity @s {} merge value {transformation:[-0.9989074228728941f,-0.046681804226475325f,-0.002183960529432969f,0.34167538346328385f,-0.04673286348420232f,0.997816039470567f,0.04668180422647532f,0.17026381056661932f,-1.2233087780658214e-16f,0.04673286348420231f,-0.9989074228728941f,0.28613143107146927f,0f,0f,0f,1f],start_interpolation:0}
execute if entity @s[tag=aj.spawner.bone.t45] run data modify entity @s {} merge value {transformation:[-0.9989074228728941f,-0.046681804226475325f,-0.002183960529432969f,0.09857100529117452f,-0.04673286348420232f,0.997816039470567f,0.04668180422647532f,0.9131231008773497f,-1.2233087780658214e-16f,0.04673286348420231f,-0.9989074228728941f,-0.170409519760955f,0f,0f,0f,1f],start_interpolation:0}
execute if entity @s[tag=aj.spawner.bone.v41] run data modify entity @s {} merge value {transformation:[-1f,0f,1.2946266162414877e-16f,-0.17228970872519958f,0f,1f,0f,0.4987821885213817f,-1.2246467991473532e-16f,0f,-1.0571428571428572f,-0.03125f,0f,0f,0f,1f],start_interpolation:0}
execute if entity @s[tag=aj.spawner.bone.v42] run data modify entity @s {} merge value {transformation:[-1f,0f,1.2946266162414877e-16f,0.11071628623193838f,0f,1f,0f,0.4987821885213818f,-1.2246467991473532e-16f,0f,-1.0571428571428572f,-0.03125f,0f,0f,0f,1f],start_interpolation:0}
execute if entity @s[tag=aj.spawner.bone.v51] run data modify entity @s {} merge value {transformation:[-1f,0f,1.3995963418826896e-16f,-0.17228970872519955f,0f,1f,0f,0.40503218852138173f,-1.2246467991473532e-16f,0f,-1.142857142857143f,-0.031250000000000056f,0f,0f,0f,1f],start_interpolation:0}
execute if entity @s[tag=aj.spawner.bone.v52] run data modify entity @s {} merge value {transformation:[-1f,0f,1.3995963418826896e-16f,0.11071628623193841f,0f,1f,0f,0.4050321885213818f,-1.2246467991473532e-16f,0f,-1.142857142857143f,-0.03125f,0f,0f,0f,1f],start_interpolation:0}
execute if entity @s[tag=aj.spawner.bone.heart] run data modify entity @s {} merge value {transformation:[-1.1071428571428572f,0f,1.2246467991473532e-16f,-0.03125f,0f,1f,0f,0.37499999999999994f,-1.3558589561988554e-16f,0f,-1f,-0.017116477272727693f,0f,0f,0f,1f],start_interpolation:0}