execute if entity @s[tag=aj.spawner.bone.bones_right] run data modify entity @s {} merge value {transformation:[-1f,3.4346757976309147e-18f,1.22416505540649e-16f,-0.03125f,0f,0.9996066263830529f,-0.028046256275868844f,0.7074956224045112f,-1.2246467991473532e-16f,-0.028046256275868844f,-0.9996066263830529f,-0.12466650730882989f,0f,0f,0f,1f],start_interpolation:0}
execute if entity @s[tag=aj.spawner.bone.bones_left] run data modify entity @s {} merge value {transformation:[-1f,-3.4346757976309147e-18f,1.22416505540649e-16f,-0.031250000000000056f,0f,0.9996066263830529f,0.028046256275868844f,0.7074956224045112f,-1.2246467991473532e-16f,0.028046256275868844f,-0.9996066263830529f,0.06216650730882989f,0f,0f,0f,1f],start_interpolation:0}
execute if entity @s[tag=aj.spawner.bone.t11] run data modify entity @s {} merge value {transformation:[-0.9960444349721169f,0.08902572705425554f,-0.00014037845572632886f,-0.19710699821076594f,0.08809647137457291f,0.9891982348441174f,-0.13207608666373138f,0.716047313143709f,-0.011597210545019668f,-0.1318166998935388f,-0.99123957125686f,0.14604016594555777f,0f,0f,0f,1f],start_interpolation:0}
execute if entity @s[tag=aj.spawner.bone.t12] run data modify entity @s {} merge value {transformation:[-0.9847245853989007f,0.17394518020577615f,-0.0077823643029048106f,-0.1791977795267497f,0.17148110176046352f,0.9610849692274109f,-0.21658696559157012f,0.778256813431534f,-0.030194745403474128f,-0.21461303829992828f,-0.9762323090031864f,0.1255215788928047f,0f,0f,0f,1f],start_interpolation:0}
execute if entity @s[tag=aj.spawner.bone.t13] run data modify entity @s {} merge value {transformation:[-0.9859492084005187f,0.16647922176703095f,-0.01374144003496385f,-0.15851100619815206f,0.1656584380919213f,0.9638707934643923f,-0.20859140776951396f,0.834682141072251f,-0.021481162522914116f,-0.20793691886282795f,-0.9779063336692824f,0.10877782837610368f,0f,0f,0f,1f],start_interpolation:0}
execute if entity @s[tag=aj.spawner.bone.t14] run data modify entity @s {} merge value {transformation:[-0.9870138577416833f,0.1600703944950202f,-0.013457839057175198f,-0.15822984151175554f,0.1594656426995196f,0.9662922735793028f,-0.20211370764836983f,0.8747920182129935f,-0.01934821501610358f,-0.20163509324309148f,-0.9792695929868038f,0.10045920057728402f,0f,0f,0f,1f],start_interpolation:0}
execute if entity @s[tag=aj.spawner.bone.t15] run data modify entity @s {} merge value {transformation:[-0.9880220450318042f,0.15382236546670933f,-0.012293022956027333f,-0.14415657435533674f,0.1531831187555035f,0.9680502608410706f,-0.19852864935286402f,0.8942793864248435f,-0.018637882377260908f,-0.198033765726356f,-0.9800179880863055f,0.08562470844404349f,0f,0f,0f,1f],start_interpolation:0}
execute if entity @s[tag=aj.spawner.bone.t21] run data modify entity @s {} merge value {transformation:[-0.991650181808644f,-0.1281478926162107f,0.016247029804146166f,0.13505420120483871f,-0.12895643829011386f,0.9850395233144892f,-0.12795365564762648f,0.7151402110999344f,0.0003923549559162203f,-0.12920063546406269f,-0.9916470622297794f,0.14525032671765759f,0f,0f,0f,1f],start_interpolation:0}
execute if entity @s[tag=aj.spawner.bone.t22] run data modify entity @s {} merge value {transformation:[-0.9779619722582599f,-0.2048807078971335f,0.04017805804545371f,0.1207293087103907f,-0.20875524963697972f,0.9564119341483903f,-0.20419955427849762f,0.7783774844773115f,0.00340977502727903f,-0.20808677937366485f,-0.9781044247339642f,0.13076043246563884f,0f,0f,0f,1f],start_interpolation:0}
execute if entity @s[tag=aj.spawner.bone.t23] run data modify entity @s {} merge value {transformation:[-0.9786799354373686f,-0.20282416036840337f,0.032371962300119524f,0.10368440323087433f,-0.2051383585369612f,0.9574379262054828f,-0.20305386310066967f,0.8346796808903018f,0.010190084841125536f,-0.20536547283853854f,-0.9786323031336818f,0.11440008805446966f,0f,0f,0f,1f],start_interpolation:0}
execute if entity @s[tag=aj.spawner.bone.t24] run data modify entity @s {} merge value {transformation:[-0.9786799354373686f,-0.20282416036840337f,0.032371962300119524f,0.08945898106984553f,-0.2051383585369612f,0.9574379262054828f,-0.20305386310066967f,0.8723098021714513f,0.010190084841125536f,-0.20536547283853854f,-0.9786323031336818f,0.09998540069377913f,0f,0f,0f,1f],start_interpolation:0}
execute if entity @s[tag=aj.spawner.bone.t25] run data modify entity @s {} merge value {transformation:[-0.9786424426378255f,-0.20272871924019936f,0.03405929921620432f,0.08047202453037919f,-0.2053964398663669f,0.9574984039150153f,-0.20250705911256559f,0.891709660947914f,0.008442272093010185f,-0.2051776617846754f,-0.978688334019815f,0.0850243466904123f,0f,0f,0f,1f],start_interpolation:0}
execute if entity @s[tag=aj.spawner.bone.t31] run data modify entity @s {} merge value {transformation:[-0.991650181808644f,0.1281478926162107f,0.016247029804146166f,-0.19504993263412515f,0.12895643829011386f,0.9850395233144892f,0.12795365564762648f,0.7149813210759062f,0.0003923549559162203f,0.12920063546406269f,-0.9916470622297794f,-0.2089925386273307f,0f,0f,0f,1f],start_interpolation:0}
execute if entity @s[tag=aj.spawner.bone.t32] run data modify entity @s {} merge value {transformation:[-0.977968251488971f,0.20490249307972316f,0.03991324854379308f,-0.18072504013967722f,0.20872125288539817f,0.9564071842978387f,0.2042565455926189f,0.7782185944532831f,0.0036793577638307897f,0.20808715999117758f,-0.978103366814189f,-0.19450264437531192f,0f,0f,0f,1f],start_interpolation:0}
execute if entity @s[tag=aj.spawner.bone.t33] run data modify entity @s {} merge value {transformation:[-0.9786799354373686f,0.20282416036840337f,0.032371962300119524f,-0.16458003865333815f,0.2051383585369612f,0.9574379262054828f,0.20305386310066967f,0.8345216851071441f,0.010190084841125536f,0.20536547283853854f,-0.9786323031336818f,-0.177256546184304f,0f,0f,0f,1f],start_interpolation:0}
execute if entity @s[tag=aj.spawner.bone.t34] run data modify entity @s {} merge value {transformation:[-0.9786799354373686f,0.20282416036840337f,0.032371962300119524f,-0.15790607872990653f,0.2051383585369612f,0.9574379262054828f,0.20305386310066967f,0.8722375110864019f,0.010190084841125536f,0.20536547283853854f,-0.9786323031336818f,-0.15602047640990427f,0f,0f,0f,1f],start_interpolation:0}
execute if entity @s[tag=aj.spawner.bone.t35] run data modify entity @s {} merge value {transformation:[-0.9786985170372012f,0.20300757986508816f,0.030612665132313057f,-0.135518283997191f,0.2049548075053359f,0.9574399407629746f,0.20322964033881033f,0.891545852599098f,0.011947369151155587f,0.20517476050701594f,-0.9786524296302823f,-0.15363820438919978f,0f,0f,0f,1f],start_interpolation:0}
execute if entity @s[tag=aj.spawner.bone.t41] run data modify entity @s {} merge value {transformation:[-0.9920442334196247f,-0.12488823908361349f,-0.015848238938869167f,0.14691166817356033f,-0.12588978885862542f,0.9841517610611307f,0.12488823908361348f,0.7175695883411733f,-1.197556560310165e-16f,0.1258897888586254f,-0.9920442334196247f,-0.21497901244969034f,0f,0f,0f,1f],start_interpolation:0}
execute if entity @s[tag=aj.spawner.bone.t42] run data modify entity @s {} merge value {transformation:[-0.9920442334196247f,-0.12488823908361349f,-0.015848238938869167f,0.13222437677105722f,-0.12588978885862542f,0.9841517610611307f,0.12488823908361348f,0.7836626592394863f,-1.197556560310165e-16f,0.1258897888586254f,-0.9920442334196247f,-0.20012381300678733f,0f,0f,0f,1f],start_interpolation:0}
execute if entity @s[tag=aj.spawner.bone.t43] run data modify entity @s {} merge value {transformation:[-0.9920442334196247f,-0.12488823908361349f,-0.015848238938869167f,0.1152670243800743f,-0.12588978885862542f,0.9841517610611307f,0.12488823908361348f,0.8428211002938484f,-1.197556560310165e-16f,0.1258897888586254f,-0.9920442334196247f,-0.18295528651481424f,0f,0f,0f,1f],start_interpolation:0}
execute if entity @s[tag=aj.spawner.bone.t44] run data modify entity @s {} merge value {transformation:[-0.9920442334196247f,-0.12488823908361349f,-0.015848238938869167f,0.394344597691217f,-0.12588978885862542f,0.9841517610611307f,0.12488823908361348f,0.1478920517484532f,-1.197556560310165e-16f,0.1258897888586254f,-0.9920442334196247f,0.239192960129121f,0f,0f,0f,1f],start_interpolation:0}
execute if entity @s[tag=aj.spawner.bone.t45] run data modify entity @s {} merge value {transformation:[-0.9920442334196247f,-0.12488823908361349f,-0.015848238938869167f,0.08876755879369805f,-0.12588978885862542f,0.9841517610611307f,0.12488823908361348f,0.9027039715895675f,-1.197556560310165e-16f,0.1258897888586254f,-0.9920442334196247f,-0.15609293974434924f,0f,0f,0f,1f],start_interpolation:0}
execute if entity @s[tag=aj.spawner.bone.v11] run data modify entity @s {} merge value {transformation:[-1f,0f,1.2421417534208868e-16f,-0.030800627695997784f,0f,1f,0f,0.6526466891732801f,-1.2246467991473532e-16f,0f,-1.0142857142857142f,-0.031250000000000056f,0f,0f,0f,1f],start_interpolation:0}
execute if entity @s[tag=aj.spawner.bone.v21] run data modify entity @s {} merge value {transformation:[-1f,0f,1.4520812047032904e-16f,-0.08549492101734665f,0f,1f,0f,0.6282246178250585f,-1.2246467991473532e-16f,0f,-1.185714285714286f,-0.03125f,0f,0f,0f,1f],start_interpolation:0}
execute if entity @s[tag=aj.spawner.bone.v22] run data modify entity @s {} merge value {transformation:[-1f,0f,1.4520812047032904e-16f,0.02392149852408563f,0f,1f,0f,0.6282246178250586f,-1.2246467991473532e-16f,0f,-1.185714285714286f,-0.03125f,0f,0f,0f,1f],start_interpolation:0}
execute if entity @s[tag=aj.spawner.bone.heart] run data modify entity @s {} merge value {transformation:[-1.2892857142857146f,0f,1.2246467991473532e-16f,-0.03125f,0f,1f,0f,0.37499999999999994f,-1.5789196231864093e-16f,0f,-1f,-0.017116477272727693f,0f,0f,0f,1f],start_interpolation:0}