execute if entity @s[tag=aj.spawner.bone.bones_right] run data modify entity @s {} merge value {transformation:[-1f,1.476148596545294e-17f,1.2157177451493547e-16f,-0.03125f,0f,0.992708874098054f,-0.12053668025532309f,0.7122947295473684f,-1.2246467991473532e-16f,-0.12053668025532309f,-0.992708874098054f,-0.125035669396742f,0f,0f,0f,1f],start_interpolation:0}
execute if entity @s[tag=aj.spawner.bone.bones_left] run data modify entity @s {} merge value {transformation:[-1f,-1.476148596545294e-17f,1.2157177451493547e-16f,-0.031250000000000056f,0f,0.992708874098054f,0.12053668025532309f,0.7122947295473684f,-1.2246467991473532e-16f,0.12053668025532309f,-0.992708874098054f,0.06253566939674199f,0f,0f,0f,1f],start_interpolation:0}
execute if entity @s[tag=aj.spawner.bone.t11] run data modify entity @s {} merge value {transformation:[-0.9999552133005488f,0.009396148586668226f,0.0011459055436624378f,-0.19963569010232585f,0.00937718228549593f,1.0000190745297752f,-0.014351598165908678f,0.7212559988551323f,-0.0012805644999490358f,-0.014342591370885827f,-0.9998963538940271f,0.14952795748851136f,0f,0f,0f,1f],start_interpolation:0}
execute if entity @s[tag=aj.spawner.bone.t12] run data modify entity @s {} merge value {transformation:[-0.9998131924676662f,0.019244044174170496f,0.0018019243702292566f,-0.18670180957165333f,0.019194849266556624f,0.9995229337630293f,-0.024196335329575797f,0.7893411903937622f,-0.0022667000788860444f,-0.024157227605205063f,-0.9997056018774642f,0.1362863794681999f,0f,0f,0f,1f],start_interpolation:0}
execute if entity @s[tag=aj.spawner.bone.t13] run data modify entity @s {} merge value {transformation:[-0.9982458911585808f,0.05919463538759854f,0.0010657984518665238f,-0.1743449107721802f,0.0590049808055284f,0.9962008093416872f,-0.06404966594063316f,0.8493788721140751f,-0.004853145902397817f,-0.06387442843812179f,-0.9979461430190275f,0.1294356380928589f,0f,0f,0f,1f],start_interpolation:0}
execute if entity @s[tag=aj.spawner.bone.t14] run data modify entity @s {} merge value {transformation:[-0.992382763470261f,0.12316329703128615f,0.0026931452822545297f,-0.17567221701637648f,0.12179490710608963f,0.9841719121176051f,-0.12873091315529536f,0.8890186171381637f,-0.018505441636101287f,-0.12742232796162678f,-0.9916759041978849f,0.124787617566712f,0f,0f,0f,1f],start_interpolation:0}
execute if entity @s[tag=aj.spawner.bone.t15] run data modify entity @s {} merge value {transformation:[-0.9823675045181607f,0.18687291504295456f,0.005709613831969663f,-0.16337841235682585f,0.18335955835167708f,0.9689638679780282f,-0.16579594359976385f,0.9091416438105641f,-0.036515180786071334f,-0.16182563510274514f,-0.9861435521240068f,0.11242290500977818f,0f,0f,0f,1f],start_interpolation:0}
execute if entity @s[tag=aj.spawner.bone.t21] run data modify entity @s {} merge value {transformation:[-0.9998119704485015f,-0.019392414332220182f,0.0003760237478850887f,0.1380998235299162f,-0.019391331771824397f,0.9998677869780302f,-0.01938768562840838f,0.7209047416913553f,-1.224145478815844e-16f,-0.01939606136493948f,-0.9998119704485015f,0.148712154475459f,0f,0f,0f,1f],start_interpolation:0}
execute if entity @s[tag=aj.spawner.bone.t22] run data modify entity @s {} merge value {transformation:[-0.9994782937245553f,-0.032240790778452585f,0.0019161898213934426f,0.13052942125646777f,-0.03228581787496945f,0.9989592170591776f,-0.03221969299449463f,0.7889237323220419f,-0.0008754071029344827f,-0.03226474953405388f,-0.9994789740659425f,0.14113915306925576f,0f,0f,0f,1f],start_interpolation:0}
execute if entity @s[tag=aj.spawner.bone.t23] run data modify entity @s {} merge value {transformation:[-0.9973329060999756f,-0.07263233182714113f,0.007184621321225565f,0.11614823302011892f,-0.07296258811996717f,0.9946955689025028f,-0.07250645447518841f,0.8486066007005044f,-0.0018801981314141277f,-0.07283728151900376f,-0.997342065329598f,0.13396566849973107f,0f,0f,0f,1f],start_interpolation:0}
execute if entity @s[tag=aj.spawner.bone.t24] run data modify entity @s {} merge value {transformation:[-0.9903632232818569f,-0.1346321192921208f,0.032478892002086625f,0.1055478630313201f,-0.13781493597057698f,0.9812224981791311f,-0.13494240434544896f,0.8869024528860626f,-0.01370143766897556f,-0.13811807094662534f,-0.990320992953187f,0.12288059178229141f,0f,0f,0f,1f],start_interpolation:0}
execute if entity @s[tag=aj.spawner.bone.t25] run data modify entity @s {} merge value {transformation:[-0.9790299498764847f,-0.1933952215620236f,0.06402066480304394f,0.09673046925972024f,-0.20147914899628452f,0.9656677807871387f,-0.16398746802538178f,0.9076475108983519f,-0.030108300592708758f,-0.17344747166395483f,-0.984382783681633f,0.11021308031863895f,0f,0f,0f,1f],start_interpolation:0}
execute if entity @s[tag=aj.spawner.bone.t31] run data modify entity @s {} merge value {transformation:[-0.9998119704485015f,0.019392414332220182f,0.0003760237478850887f,-0.19809547574809988f,0.019391331771824397f,0.9998677869780302f,0.01938768562840838f,0.7208804558059658f,-1.224145478815844e-16f,0.01939606136493948f,-0.9998119704485015f,-0.212464092942803f,0f,0f,0f,1f],start_interpolation:0}
execute if entity @s[tag=aj.spawner.bone.t32] run data modify entity @s {} merge value {transformation:[-0.9995841433245273f,0.02879614456830022f,0.0015239659354986737f,-0.1905229495760011f,0.028828091417835416f,0.9991699787291853f,0.02878011034593632f,0.7890089540929441f,-0.000693944793142998f,0.02881207497423434f,-0.9995846051116951f,-0.20488896723851852f,0f,0f,0f,1f],start_interpolation:0}
execute if entity @s[tag=aj.spawner.bone.t33] run data modify entity @s {} merge value {transformation:[-0.9976386958098024f,0.06867445077219489f,0.0009232735533319799f,-0.18410070509766058f,0.06857563871433177f,0.9952800966037973f,0.0686652101085934f,0.8488822658009432f,0.0037966298000130325f,0.06856638473387097f,-0.9976393318663255f,-0.19070106096968975f,0f,0f,0f,1f],start_interpolation:0}
execute if entity @s[tag=aj.spawner.bone.t34] run data modify entity @s {} merge value {transformation:[-0.9911914109048156f,0.13243707415137343f,-0.00009131672763565223f,-0.1800608718356995f,0.1312425729580526f,0.9823434044534947f,0.1333297520063256f,0.8881959409175066f,0.017747506638155133f,0.13214332036445003f,-0.9910717274199619f,-0.1746191652606382f,0f,0f,0f,1f],start_interpolation:0}
execute if entity @s[tag=aj.spawner.bone.t35] run data modify entity @s {} merge value {transformation:[-0.9806099523070291f,0.19595026719249942f,-0.0027593882645304715f,-0.16008736682293145f,0.19262425719443038f,0.96636486148856f,0.1703961561200547f,0.9081626856663372f,0.0360557481783457f,0.16656064141142174f,-0.9853717754004909f,-0.17068654553908336f,0f,0f,0f,1f],start_interpolation:0}
execute if entity @s[tag=aj.spawner.bone.t41] run data modify entity @s {} merge value {transformation:[-0.9998119704485015f,-0.019387685628408383f,-0.0003760237478848438f,0.13982284226653774f,-0.019391331771824397f,0.9996239762521151f,0.01938768562840838f,0.7209791652982683f,-1.2246875799020867e-16f,0.019391331771824394f,-0.9998119704485015f,-0.21332599981387917f,0f,0f,0f,1f],start_interpolation:0}
execute if entity @s[tag=aj.spawner.bone.t42] run data modify entity @s {} merge value {transformation:[-0.9998119704485015f,-0.019387685628408383f,-0.0003760237478848438f,0.13224346421270577f,-0.019391331771824397f,0.9996239762521151f,0.01938768562840838f,0.789460944806849f,-1.2246875799020867e-16f,0.019391331771824394f,-0.9998119704485015f,-0.20574402093926317f,0f,0f,0f,1f],start_interpolation:0}
execute if entity @s[tag=aj.spawner.bone.t43] run data modify entity @s {} merge value {transformation:[-0.9998119704485015f,-0.019387685628408383f,-0.0003760237478848438f,0.12166202186061198f,-0.019391331771824397f,0.9996239762521151f,0.01938768562840838f,0.8515738900344789f,-1.2246875799020867e-16f,0.019391331771824394f,-0.9998119704485015f,-0.19515882548056943f,0f,0f,0f,1f],start_interpolation:0}
execute if entity @s[tag=aj.spawner.bone.t44] run data modify entity @s {} merge value {transformation:[-0.9998119704485015f,-0.019387685628408383f,-0.0003760237478848438f,0.3240959410265653f,-0.019391331771824397f,0.9996239762521151f,0.01938768562840838f,0.17998363139682605f,-1.2246875799020867e-16f,0.019391331771824394f,-0.9998119704485015f,0.3018390109896874f,0f,0f,0f,1f],start_interpolation:0}
execute if entity @s[tag=aj.spawner.bone.t45] run data modify entity @s {} merge value {transformation:[-0.9998119704485015f,-0.019387685628408383f,-0.0003760237478848438f,0.1016502809906111f,-0.019391331771824397f,0.9996239762521151f,0.01938768562840838f,0.916447106899769f,-1.2246875799020867e-16f,0.019391331771824394f,-0.9998119704485015f,-0.17513979488713421f,0f,0f,0f,1f],start_interpolation:0}
execute if entity @s[tag=aj.spawner.bone.heart] run data modify entity @s {} merge value {transformation:[-1.0444444444444445f,0f,1.2246467991473532e-16f,-0.03125f,0f,1f,0f,0.37499999999999994f,-1.2790755457761245e-16f,0f,-1f,-0.017116477272727693f,0f,0f,0f,1f],start_interpolation:0}