execute if entity @s[tag=aj.spawner.bone.bones_right] run data modify entity @s {} merge value {transformation:[-1f,1.7119379186387113e-17f,1.2126221457194023e-16f,-0.03125f,0f,0.9901811253364456f,-0.13979033953549946f,0.7132991938330827f,-1.2246467991473532e-16f,-0.13979033953549946f,-0.9901811253364456f,-0.12511293588025846f,0f,0f,0f,1f],start_interpolation:0}
execute if entity @s[tag=aj.spawner.bone.bones_left] run data modify entity @s {} merge value {transformation:[-1f,-1.7119379186387113e-17f,1.2126221457194023e-16f,-0.031250000000000056f,0f,0.9901811253364456f,0.13979033953549946f,0.7132991938330827f,-1.2246467991473532e-16f,0.13979033953549946f,-0.9901811253364456f,0.06261293588025849f,0f,0f,0f,1f],start_interpolation:0}
execute if entity @s[tag=aj.spawner.bone.t11] run data modify entity @s {} merge value {transformation:[-0.9995936454947993f,0.02851520644729865f,0.0009540369268342338f,-0.1995359715585232f,0.02843876897540163f,0.9999022612076904f,-0.034793118400074735f,0.7210819842029975f,-0.0019443007949388315f,-0.03478358924756278f,-0.999394080793728f,0.149397769286226f,0f,0f,0f,1f],start_interpolation:0}
execute if entity @s[tag=aj.spawner.bone.t12] run data modify entity @s {} merge value {transformation:[-0.9996885349247525f,0.024912477919525187f,0.0014837735376477049f,-0.18640646039026662f,0.02485403459967503f,0.999203232378632f,-0.03122783002726879f,0.7895581987676547f,-0.0022605539409644836f,-0.03118122588999676f,-0.9995111910568469f,0.13587207332042528f,0f,0f,0f,1f],start_interpolation:0}
execute if entity @s[tag=aj.spawner.bone.t13] run data modify entity @s {} merge value {transformation:[-0.9999589097796067f,0.008950135997592713f,0.0014400756942066291f,-0.17624914826649268f,0.008927085425030052f,0.9998432910257558f,-0.015287267139691882f,0.8519942967321104f,-0.0015766731413535285f,-0.015273783303775212f,-0.9998821058731847f,0.1315890303035589f,0f,0f,0f,1f],start_interpolation:0}
execute if entity @s[tag=aj.spawner.bone.t14] run data modify entity @s {} merge value {transformation:[-0.9999589097796067f,0.008950135997592713f,0.0014400756942066291f,-0.17886035391231447f,0.008927085425030052f,0.9998432910257558f,-0.015287267139691882f,0.892589014877352f,-0.0015766731413535285f,-0.015273783303775212f,-0.9998821058731847f,0.12769386165720129f,0f,0f,0f,1f],start_interpolation:0}
execute if entity @s[tag=aj.spawner.bone.t15] run data modify entity @s {} merge value {transformation:[-0.9999590317991622f,0.008948726259700555f,0.0013619917808509014f,-0.1692862636127815f,0.008926856799834265f,0.9998431735071686f,-0.01529508479183674f,0.917420638811094f,-0.0014986497113777014f,-0.015282299874140953f,-0.9998820957290911f,0.11799029283680532f,0f,0f,0f,1f],start_interpolation:0}
execute if entity @s[tag=aj.spawner.bone.t21] run data modify entity @s {} merge value {transformation:[-0.9992413231531275f,-0.038963520920631274f,0.0011530424833488785f,0.13796943952917062f,-0.038944132467920466f,0.9993742491663804f,-0.03893018187566305f,0.720702377531232f,0.00036421080168686166f,-0.03898032350035574f,-0.9992412678788638f,0.14857747304249547f,0f,0f,0f,1f],start_interpolation:0}
execute if entity @s[tag=aj.spawner.bone.t22] run data modify entity @s {} merge value {transformation:[-0.9992413037013763f,-0.038903262739497735f,0.0018311541156983795f,0.13011811903539752f,-0.03894505687124594f,0.9984843176018938f,-0.038888945066377065f,0.789122699889315f,-0.00031547182005783506f,-0.03893075456887372f,-0.9992418610257623f,0.14072229927484248f,0f,0f,0f,1f],start_interpolation:0}
execute if entity @s[tag=aj.spawner.bone.t23] run data modify entity @s {} merge value {transformation:[-0.9997268184041314f,-0.02336643174210117f,0.0005462885635530643f,0.11303869266571273f,-0.02337281676548511f,0.999453711436447f,-0.023366431742101172f,0.8511503364929378f,-1.2243122481803868e-16f,-0.023372816765485114f,-0.9997268184041314f,0.13613735191948673f,0f,0f,0f,1f],start_interpolation:0}
execute if entity @s[tag=aj.spawner.bone.t24] run data modify entity @s {} merge value {transformation:[-0.9997268184041314f,-0.02336643174210117f,0.0005462885635530643f,0.1027221139089345f,-0.02337281676548511f,0.999453711436447f,-0.023366431742101172f,0.8913149630652845f,-1.2243122481803868e-16f,-0.023372816765485114f,-0.9997268184041314f,0.12581539231585023f,0f,0f,0f,1f],start_interpolation:0}
execute if entity @s[tag=aj.spawner.bone.t25] run data modify entity @s {} merge value {transformation:[-0.9997268184041314f,-0.02336643174210117f,0.0005462885635530643f,0.09277063564812653f,-0.02337281676548511f,0.999453711436447f,-0.023366431742101172f,0.915863125396437f,-1.2243122481803868e-16f,-0.023372816765485114f,-0.9997268184041314f,0.11585863297417436f,0f,0f,0f,1f],start_interpolation:0}
execute if entity @s[tag=aj.spawner.bone.t31] run data modify entity @s {} merge value {transformation:[-0.9992413231531275f,0.038963520920631274f,0.0011530424833488785f,-0.19796509179653102f,0.038944132467920466f,0.9993742491663804f,0.03893018187566305f,0.7206731027046442f,0.00036421080168686166f,0.03898032350035574f,-0.9992412678788638f,-0.21232930488467086f,0f,0f,0f,1f],start_interpolation:0}
execute if entity @s[tag=aj.spawner.bone.t32] run data modify entity @s {} merge value {transformation:[-0.9992420404205282f,0.038924549492474876f,0.00047339521268250696f,-0.19011377130275797f,0.03891344981432593f,0.9984834940192737f,0.03894169480917489f,0.7890934250627271f,0.001043110620909353f,0.038930600019404474f,-0.999241372393258f,-0.20447413111701787f,0f,0f,0f,1f],start_interpolation:0}
execute if entity @s[tag=aj.spawner.bone.t33] run data modify entity @s {} merge value {transformation:[-0.9997268184041314f,0.02336643174210117f,0.0005462885635530643f,-0.18553775877016937f,0.02337281676548511f,0.999453711436447f,0.023366431742101172f,0.8511211414791423f,-1.2243122481803868e-16f,0.023372816765485114f,-0.9997268184041314f,-0.1873925985316107f,0f,0f,0f,1f],start_interpolation:0}
execute if entity @s[tag=aj.spawner.bone.t34] run data modify entity @s {} merge value {transformation:[-0.9997268184041314f,0.02336643174210117f,0.0005462885635530643f,-0.18272506079825876f,0.02337281676548511f,0.999453711436447f,0.023366431742101172f,0.8913004453711794f,-1.2243122481803868e-16f,0.023372816765485114f,-0.9997268184041314f,-0.1701964303918607f,0f,0f,0f,1f],start_interpolation:0}
execute if entity @s[tag=aj.spawner.bone.t35] run data modify entity @s {} merge value {transformation:[-0.9997268184041314f,0.02336643174210117f,0.0005462885635530643f,-0.16526970175258313f,0.02337281676548511f,0.999453711436447f,0.023366431742101172f,0.9158339303826417f,-1.2243122481803868e-16f,0.023372816765485114f,-0.9997268184041314f,-0.16711387958629828f,0f,0f,0f,1f],start_interpolation:0}
execute if entity @s[tag=aj.spawner.bone.t41] run data modify entity @s {} merge value {transformation:[-0.9997268184041314f,-0.023366431742101176f,-0.0005462885635528195f,0.14037128835136886f,-0.02337281676548511f,0.999453711436447f,0.023366431742101172f,0.7208159056767232f,-1.2243122481803868e-16f,0.023372816765485107f,-0.9997268184041314f,-0.21353089961832955f,0f,0f,0f,1f],start_interpolation:0}
execute if entity @s[tag=aj.spawner.bone.t42] run data modify entity @s {} merge value {transformation:[-0.9997268184041314f,-0.023366431742101176f,-0.0005462885635528195f,0.13251996785759573f,-0.02337281676548511f,0.999453711436447f,0.023366431742101172f,0.7892362280348058f,-1.2243122481803868e-16f,0.023372816765485107f,-0.9997268184041314f,-0.20567572585067667f,0f,0f,0f,1f],start_interpolation:0}
execute if entity @s[tag=aj.spawner.bone.t43] run data modify entity @s {} merge value {transformation:[-0.9997268184041314f,-0.023366431742101176f,-0.0005462885635528195f,0.121692248406459f,-0.02337281676548511f,0.999453711436447f,0.023366431742101172f,0.8512639045448249f,-1.2243122481803868e-16f,0.023372816765485107f,-0.9997268184041314f,-0.19484248588029512f,0f,0f,0f,1f],start_interpolation:0}
execute if entity @s[tag=aj.spawner.bone.t44] run data modify entity @s {} merge value {transformation:[-0.9997268184041314f,-0.023366431742101176f,-0.0005462885635528195f,0.32684523021211076f,-0.02337281676548511f,0.999453711436447f,0.023366431742101172f,0.1785117986476661f,-1.2243122481803868e-16f,0.023372816765485107f,-0.9997268184041314f,0.29946174700587097f,0f,0f,0f,1f],start_interpolation:0}
execute if entity @s[tag=aj.spawner.bone.t45] run data modify entity @s {} merge value {transformation:[-0.9997268184041314f,-0.023366431742101176f,-0.0005462885635528195f,0.10142419138887275f,-0.02337281676548511f,0.999453711436447f,0.023366431742101172f,0.915976693448324f,-1.2243122481803868e-16f,0.023372816765485107f,-0.9997268184041314f,-0.17456376693498288f,0f,0f,0f,1f],start_interpolation:0}
execute if entity @s[tag=aj.spawner.bone.v11] run data modify entity @s {} merge value {transformation:[-1f,0f,1.3121215705150213e-16f,-0.030800627695997784f,0f,1f,0f,0.6526466891732801f,-1.2246467991473532e-16f,0f,-1.0714285714285714f,-0.031250000000000056f,0f,0f,0f,1f],start_interpolation:0}
execute if entity @s[tag=aj.spawner.bone.heart] run data modify entity @s {} merge value {transformation:[-1.0535714285714286f,0f,1.2246467991473532e-16f,-0.03125f,0f,1f,0f,0.37499999999999994f,-1.2902528776731043e-16f,0f,-1f,-0.017116477272727693f,0f,0f,0f,1f],start_interpolation:0}