execute if entity @s[tag=aj.watcher.bone.body] run data modify entity @s {} merge value {transformation:[-0.9682431423405234f,-0.2070046045649079f,0.14019383367136753f,0f,-0.1505568591362752f,0.9304520534840022f,0.33405330163676467f,0f,-0.19959421203423897f,0.3023376752181733f,-0.9320697831525823f,0f,0f,0f,0f,1f],start_interpolation:0}
execute if entity @s[tag=aj.watcher.bone.eye] run data modify entity @s {} merge value {transformation:[-1.533221255359421f,-0.1611480475376324f,1.8879971486855027e-16f,-0.029166666666666785f,-0.1611480475376324f,1.533221255359421f,0f,0.07916666666666666f,-1.877654502760602e-16f,-1.9734944060580704e-17f,-1.5416666666666665f,0.0083333333333333f,0f,0f,0f,1f],start_interpolation:0}
execute if entity @s[tag=aj.watcher.bone.body2] run data modify entity @s {} merge value {transformation:[-0.9939992497931543f,0.009242963766758506f,0.10899568354505065f,-0.11666666666666674f,-0.019836408184352016f,0.9646720446274686f,-0.26270584923941653f,0f,-0.107573269546808f,-0.2632914999293856f,-0.9586999414540215f,0.3416666666666667f,0f,0f,0f,1f],start_interpolation:0}
execute if entity @s[tag=aj.watcher.bone.pupil] run data modify entity @s {} merge value {transformation:[-0.9945218953682733f,-0.10452846326765346f,1.2246467991473532e-16f,-0.029166666666666785f,-0.10452846326765346f,0.9945218953682733f,0f,0.07916666666666666f,-1.217938055844715e-16f,-1.2801044796052349e-17f,-1f,0.0083333333333333f,0f,0f,0f,1f],start_interpolation:0}