execute if entity @s[tag=aj.watcher.bone.body] run data modify entity @s {} merge value {transformation:[-0.9893275947730219f,-0.052711027672833255f,0.13583982399245495f,0f,-0.005034739272170911f,0.9440822308087452f,0.32967164402120536f,0f,-0.14562129521841435f,0.32546933654778737f,-0.9342719889550658f,0f,0f,0f,0f,1f],start_interpolation:0}
execute if entity @s[tag=aj.watcher.bone.eye] run data modify entity @s {} merge value {transformation:[-1.5158513158277631f,-0.2809464351337273f,1.8879971486855027e-16f,0.18333333333333346f,-0.2809464351337273f,1.5158513158277631f,0f,0.09166666666666667f,-1.856382461911774e-16f,-3.4406015251837863e-17f,-1.5416666666666665f,0.10833333333333342f,0f,0f,0f,1f],start_interpolation:0}
execute if entity @s[tag=aj.watcher.bone.body2] run data modify entity @s {} merge value {transformation:[-0.9968243599401516f,0.0009297291214038861f,0.07962619564984744f,-0.016666666666666646f,-0.014466576534211722f,0.9811784459924877f,-0.1925605756201065f,0f,-0.07830653608279939f,-0.19310099099571645f,-0.9780491264160434f,0.31666666666666665f,0f,0f,0f,1f],start_interpolation:0}
execute if entity @s[tag=aj.watcher.bone.pupil] run data modify entity @s {} merge value {transformation:[-0.9832549075639546f,-0.18223552549214747f,1.2246467991473532e-16f,0.18333333333333346f,-0.18223552549214747f,0.9832549075639546f,0f,0.09166666666666667f,-1.2041399752941237e-16f,-2.2317415298489428e-17f,-1f,0.10833333333333342f,0f,0f,0f,1f],start_interpolation:0}