execute if entity @s[tag=aj.watcher.bone.body] run data modify entity @s {} merge value {transformation:[-0.9623671143843404f,-0.23228044272483944f,0.14105081736420538f,0f,-0.17424799361324547f,0.9257387146631212f,0.33562697879585096f,0f,-0.2085357855940227f,0.29841854517007615f,-0.9313748966046159f,0f,0f,0f,0f,1f],start_interpolation:0}
execute if entity @s[tag=aj.watcher.bone.eye] run data modify entity @s {} merge value {transformation:[-1.5351992633442701f,-0.141064995439412f,1.8879971486855027e-16f,-0.06458333333333321f,-0.141064995439412f,1.5351992633442701f,0f,0.07708333333333334f,-1.8800768639079347e-16f,-1.7275479513661188e-17f,-1.5416666666666665f,-0.008333333333333312f,0f,0f,0f,1f],start_interpolation:0}
execute if entity @s[tag=aj.watcher.bone.body2] run data modify entity @s {} merge value {transformation:[-0.9934420176783161f,0.011044545683646089f,0.11380235288375294f,-0.13333333333333336f,-0.020726693221814443f,0.9614372723422006f,-0.27424218409879614f,0f,-0.11244270407334203f,-0.2748024551597585f,-0.9549032667966132f,0.3458333333333333f,0f,0f,0f,1f],start_interpolation:0}
execute if entity @s[tag=aj.watcher.bone.pupil] run data modify entity @s {} merge value {transformation:[-0.9958049275746618f,-0.0915016186634024f,1.2246467991473532e-16f,-0.06458333333333321f,-0.0915016186634024f,0.9958049275746618f,0f,0.07708333333333334f,-1.2195093171294713e-16f,-1.1205716441293746e-17f,-1f,-0.008333333333333312f,0f,0f,0f,1f],start_interpolation:0}