execute if entity @s[tag=aj.watcher.bone.body] run data modify entity @s {} merge value {transformation:[-0.9878944775966326f,0.07714937156879877f,0.13458259768861575f,0f,0.11833774330186889f,0.9357431912534818f,0.3322361487450916f,0f,-0.10030293936020701f,0.34414045750142347f,-0.9335452136165734f,0f,0f,0f,0f,1f],start_interpolation:0}
execute if entity @s[tag=aj.watcher.bone.eye] run data modify entity @s {} merge value {transformation:[-1.4942309857979128f,-0.379486326753031f,1.8879971486855027e-16f,0.36041666666666683f,-0.379486326753031f,1.4942309857979128f,0f,0.10208333333333335f,-1.8299051939442082e-16f,-4.64736715378286e-17f,-1.5416666666666665f,0.1916666666666668f,0f,0f,0f,1f],start_interpolation:0}
execute if entity @s[tag=aj.watcher.bone.body2] run data modify entity @s {} merge value {transformation:[-0.9984985408659262f,-0.002690499964482168f,0.054712202464874994f,0.0666666666666667f,-0.009962106629362229f,0.9910561818152183f,-0.13307291579185584f,0f,-0.05386483379832867f,-0.13341816104182466f,-0.989594954506184f,0.29583333333333334f,0f,0f,0f,1f],start_interpolation:0}
execute if entity @s[tag=aj.watcher.bone.pupil] run data modify entity @s {} merge value {transformation:[-0.9692309097067544f,-0.2461532930289931f,1.2246467991473532e-16f,0.36041666666666683f,-0.2461532930289931f,0.9692309097067544f,0f,0.10208333333333335f,-1.186965531207054e-16f,-3.014508424075369e-17f,-1f,0.1916666666666668f,0f,0f,0f,1f],start_interpolation:0}