execute if entity @s[tag=aj.watcher.bone.body] run data modify entity @s {} merge value {transformation:[-0.9408213052193061f,-0.30697861882402594f,0.14359456546239763f,0f,-0.24394923428121307f,0.9075468988171532f,0.341829486061366f,0f,-0.23525314607684045f,0.2865706789472035f,-0.9287266568957131f,0f,0f,0f,0f,1f],start_interpolation:0}
execute if entity @s[tag=aj.watcher.bone.eye] run data modify entity @s {} merge value {transformation:[-1.539553866079968f,-0.08068459920787183f,1.8879971486855027e-16f,-0.17083333333333328f,-0.08068459920787183f,1.539553866079968f,0f,0.07083333333333333f,-1.8854097142097655e-16f,-9.88101361604073e-18f,-1.5416666666666665f,-0.05833333333333331f,0f,0f,0f,1f],start_interpolation:0}
execute if entity @s[tag=aj.watcher.bone.body2] run data modify entity @s {} merge value {transformation:[-0.9916225422961413f,0.01715240456523545f,0.1280254999121967f,-0.18333333333333335f,-0.023388205830316457f,0.9509191442814462f,-0.3085543272538579f,0f,-0.12703434747412268f,-0.3089637131714218f,-0.9425516954019824f,0.35833333333333334f,0f,0f,0f,1f],start_interpolation:0}
execute if entity @s[tag=aj.watcher.bone.pupil] run data modify entity @s {} merge value {transformation:[-0.9986295347545738f,-0.05233595624294389f,1.2246467991473532e-16f,-0.17083333333333328f,-0.05233595624294389f,0.9986295347545738f,0f,0.07083333333333333f,-1.2229684632711994e-16f,-6.409306129323717e-18f,-1f,-0.05833333333333331f,0f,0f,0f,1f],start_interpolation:0}