execute if entity @s[tag=aj.watcher.bone.body] run data modify entity @s {} merge value {transformation:[-0.9323613012917819f,-0.3314418128308444f,0.14439088808127304f,0f,-0.266659900497123f,0.9001592769797885f,0.34439188947199206f,0f,-0.24412066958854517f,0.2825944103739985f,-0.9276559156848042f,0f,0f,0f,0f,1f],start_interpolation:0}
execute if entity @s[tag=aj.watcher.bone.eye] run data modify entity @s {} merge value {transformation:[-1.540478097537781f,-0.060525549295230754f,1.8879971486855027e-16f,-0.20625000000000004f,-0.060525549295230754f,1.540478097537781f,0f,0.06875f,-1.8865415713062477e-16f,-7.412242021103968e-18f,-1.5416666666666665f,-0.07500000000000004f,0f,0f,0f,1f],start_interpolation:0}
execute if entity @s[tag=aj.watcher.bone.body2] run data modify entity @s {} merge value {transformation:[-0.9909668474266407f,0.01942067160511317f,0.13269342416152893f,-0.20000000000000007f,-0.024272045145045534f,0.9471445600145327f,-0.3198875587755081f,0f,-0.13189228607383355f,-0.32021870643246886f,-0.9381174792769478f,0.3625f,0f,0f,0f,1f],start_interpolation:0}
execute if entity @s[tag=aj.watcher.bone.pupil] run data modify entity @s {} merge value {transformation:[-0.9992290362407229f,-0.0392598157590686f,1.2246467991473532e-16f,-0.20625000000000004f,-0.0392598157590686f,0.9992290362407229f,0f,0.06875f,-1.223702640847296e-16f,-4.807940770445818e-18f,-1f,-0.07500000000000004f,0f,0f,0f,1f],start_interpolation:0}