execute if entity @s[tag=aj.watcher.bone.body] run data modify entity @s {} merge value {transformation:[-0.9905618469988708f,0.025248038142205147f,0.13472105937883433f,0f,0.06895138396757398f,0.9412567992444728f,0.3305772897901583f,0f,-0.11846068512017745f,0.3367464542441685f,-0.9341139607322215f,0f,0f,0f,0f,1f],start_interpolation:0}
execute if entity @s[tag=aj.watcher.bone.eye] run data modify entity @s {} merge value {transformation:[-1.5036527441172902f,-0.3402418789914809f,1.8879971486855027e-16f,0.28958333333333336f,-0.3402418789914809f,1.5036527441172902f,0f,0.09791666666666667f,-1.8414435201123734e-16f,-4.1667612804279816e-17f,-1.5416666666666665f,0.15833333333333338f,0f,0f,0f,1f],start_interpolation:0}
execute if entity @s[tag=aj.watcher.bone.body2] run data modify entity @s {} merge value {transformation:[-0.9979031556332268f,-0.0016054419457851375f,0.06470482619871938f,0.03333333333333332f,-0.011766533371075368f,0.9875339725369982f,-0.15696560698994766f,0f,-0.06364621488883009f,-0.15739782603789054f,-0.9854821579759173f,0.30416666666666664f,0f,0f,0f,1f],start_interpolation:0}
execute if entity @s[tag=aj.watcher.bone.pupil] run data modify entity @s {} merge value {transformation:[-0.9753423205085127f,-0.22069743502150113f,1.2246467991473532e-16f,0.28958333333333336f,-0.22069743502150113f,0.9753423205085127f,0f,0.09791666666666667f,-1.1944498508837018e-16f,-2.7027640737911234e-17f,-1f,0.15833333333333338f,0f,0f,0f,1f],start_interpolation:0}