execute if entity @s[tag=aj.watcher.bone.body] run data modify entity @s {} merge value {transformation:[-0.963193682600617f,0.2306652553231265f,0.13802706178492197f,0f,0.26490322390721915f,0.9017187527349746f,0.3416570984622496f,0f,-0.045653168146619724f,0.36564577250776265f,-0.9296337758953135f,0f,0f,0f,0f,1f],start_interpolation:0}
execute if entity @s[tag=aj.watcher.bone.eye] run data modify entity @s {} merge value {transformation:[-1.4598506163049545f,-0.49555250900904074f,1.8879971486855027e-16f,0.5729166666666667f,-0.49555250900904074f,1.4598506163049545f,0f,0.11458333333333333f,-1.7878013844911535e-16f,-6.068767939673617e-17f,-1.5416666666666665f,0.29166666666666674f,0f,0f,0f,1f],start_interpolation:0}
execute if entity @s[tag=aj.watcher.bone.body2] run data modify entity @s {} merge value {transformation:[-0.9996897116576232f,-0.0030353846083063375f,0.024723811319815527f,0.16666666666666666f,-0.0045335129498712224f,0.9981417559762021f,-0.06076579825096516f,0f,-0.024493420876462543f,-0.06085902905094122f,-0.9978458051807129f,0.2708333333333333f,0f,0f,0f,1f],start_interpolation:0}
execute if entity @s[tag=aj.watcher.bone.pupil] run data modify entity @s {} merge value {transformation:[-0.9469301294951057f,-0.3214394653031616f,1.2246467991473532e-16f,0.5729166666666667f,-0.3214394653031616f,0.9469301294951057f,0f,0.11458333333333333f,-1.15965495210237e-16f,-3.9364981230315354e-17f,-1f,0.29166666666666674f,0f,0f,0f,1f],start_interpolation:0}