execute if entity @s[tag=aj.watcher.bone.body] run data modify entity @s {} merge value {transformation:[-0.99043555326451f,-0.026737918540321176f,0.13536062404464286f,0f,0.019586184984273926f,0.9438634630316105f,0.32975467322198393f,0f,-0.1365789009597961f,0.3292519504362985f,-0.9343122373952444f,0f,0f,0f,0f,1f],start_interpolation:0}
execute if entity @s[tag=aj.watcher.bone.eye] run data modify entity @s {} merge value {transformation:[-1.51204397395498f,-0.30076424644153105f,1.8879971486855027e-16f,0.21874999999999997f,-0.30076424644153105f,1.51204397395498f,0f,0.09375f,-1.8517198128740103e-16f,-3.683299717025867e-17f,-1.5416666666666665f,0.12500000000000003f,0f,0f,0f,1f],start_interpolation:0}
execute if entity @s[tag=aj.watcher.bone.body2] run data modify entity @s {} merge value {transformation:[-0.9972087081501441f,-0.00003610781028533361f,0.07466452360891984f,-3.827021247335479e-17f,-0.013567529458231559f,0.9834390917624385f,-0.18073039295555743f,0f,-0.07342148550608962f,-0.18123893480622816f,-0.9806945161345519f,0.3125f,0f,0f,0f,1f],start_interpolation:0}
execute if entity @s[tag=aj.watcher.bone.pupil] run data modify entity @s {} merge value {transformation:[-0.9807852804032304f,-0.19509032201612828f,1.2246467991473532e-16f,0.21874999999999997f,-0.19509032201612828f,0.9807852804032304f,0f,0.09375f,-1.2011155542966555e-16f,-2.389167384016779e-17f,-1f,0.12500000000000003f,0f,0f,0f,1f],start_interpolation:0}