execute if entity @s[tag=aj.watcher.bone.body] run data modify entity @s {} merge value {transformation:[-0.9416010483312338f,0.3051400248276188f,0.14239744039034463f,0f,0.3362347350932588f,0.8749480096137447f,0.3484425108819423f,0f,-0.0182666006221102f,0.3759727991772098f,-0.9264506385018934f,0f,0f,0f,0f,1f],start_interpolation:0}
execute if entity @s[tag=aj.watcher.bone.eye] run data modify entity @s {} merge value {transformation:[-1.4392698241831858f,-0.5524839222156713f,1.8879971486855027e-16f,0.6791666666666666f,-0.5524839222156713f,1.4392698241831858f,0f,0.12083333333333333f,-1.7625971832953125e-16f,-6.76597666921797e-17f,-1.5416666666666665f,0.3416666666666667f,0f,0f,0f,1f],start_interpolation:0}
execute if entity @s[tag=aj.watcher.bone.body2] run data modify entity @s {} merge value {transformation:[-0.9999503514319749f,-0.0015746976042026821f,0.0098394612924357f,0.21666666666666662f,-0.001813867527356286f,0.999701952414897f,-0.0243457639526101f,0f,-0.009798191448590116f,-0.024362402699617404f,-0.9996551749373573f,0.25833333333333336f,0f,0f,0f,1f],start_interpolation:0}
execute if entity @s[tag=aj.watcher.bone.pupil] run data modify entity @s {} merge value {transformation:[-0.9335804264972017f,-0.3583679495453003f,1.2246467991473532e-16f,0.6791666666666666f,-0.3583679495453003f,0.9335804264972017f,0f,0.12083333333333333f,-1.143306281056419e-16f,-4.388741623276522e-17f,-1f,0.3416666666666667f,0f,0f,0f,1f],start_interpolation:0}