execute if entity @s[tag=aj.watcher.bone.body] run data modify entity @s {} merge value {transformation:[-0.9330682982870081f,0.32948451719216654f,0.14430351230109356f,0f,0.3595832679611621f,0.8646019210047844f,0.3509464226875774f,0f,-0.009133681303728564f,0.3793461099385119f,-0.9252097625621772f,0f,0f,0f,0f,1f],start_interpolation:0}
execute if entity @s[tag=aj.watcher.bone.eye] run data modify entity @s {} merge value {transformation:[-1.4319147273442163f,-0.5712760494943308f,1.8879971486855027e-16f,0.7145833333333333f,-0.5712760494943308f,1.4319147273442163f,0f,0.12291666666666666f,-1.7535897874940497e-16f,-6.996113854427771e-17f,-1.5416666666666665f,0.35833333333333345f,0f,0f,0f,1f],start_interpolation:0}
execute if entity @s[tag=aj.watcher.bone.body2] run data modify entity @s {} merge value {transformation:[-0.99998758777109f,-0.0008472255090945011f,0.004909838357149575f,0.23333333333333328f,-0.0009069667901682616f,0.9999254311349064f,-0.012178242110958602f,0f,-0.004899154518703156f,-0.012182544012164828f,-0.9999137882369628f,0.2541666666666667f,0f,0f,0f,1f],start_interpolation:0}
execute if entity @s[tag=aj.watcher.bone.pupil] run data modify entity @s {} merge value {transformation:[-0.9288095528719242f,-0.3705574375098362f,1.2246467991473532e-16f,0.7145833333333333f,-0.3705574375098362f,0.9288095528719242f,0f,0.12291666666666666f,-1.1374636459420863e-16f,-4.538019797466663e-17f,-1f,0.35833333333333345f,0f,0f,0f,1f],start_interpolation:0}