execute if entity @s[tag=aj.watcher.bone.body] run data modify entity @s {} merge value {transformation:[-0.9855129698963666f,0.10301613561403171f,0.13472884609167657f,0f,0.14298501625492663f,0.9318930219225711f,0.3333626866021404f,0f,-0.09121113579284941f,0.347797457574333f,-0.9331224234859049f,0f,0f,0f,0f,1f],start_interpolation:0}
execute if entity @s[tag=aj.watcher.bone.eye] run data modify entity @s {} merge value {transformation:[-1.4891356488623135f,-0.39901269453305277f,1.8879971486855027e-16f,0.39583333333333337f,-0.39901269453305277f,1.4891356488623135f,0f,0.10416666666666667f,-1.8236652058754491e-16f,-4.8864961917906373e-17f,-1.5416666666666665f,0.2083333333333334f,0f,0f,0f,1f],start_interpolation:0}
execute if entity @s[tag=aj.watcher.bone.body2] run data modify entity @s {} merge value {transformation:[-0.9987590638633213f,-0.0030511491509447103f,0.04970938381956613f,0.0833333333333333f,-0.009058771371161881f,0.9926010634173996f,-0.12108289542248467f,0f,-0.04897214526756279f,-0.12138294522504399f,-0.991396948551077f,0.2916666666666667f,0f,0f,0f,1f],start_interpolation:0}
execute if entity @s[tag=aj.watcher.bone.pupil] run data modify entity @s {} merge value {transformation:[-0.9659258262890683f,-0.25881904510252074f,1.2246467991473532e-16f,0.39583333333333337f,-0.25881904510252074f,0.9659258262890683f,0f,0.10416666666666667f,-1.1829179713786698e-16f,-3.169619151431765e-17f,-1f,0.2083333333333334f,0f,0f,0f,1f],start_interpolation:0}