execute if entity @s[tag=aj.watcher.bone.body] run data modify entity @s {} merge value {transformation:[-0.9734538982044662f,-0.18157122471080261f,0.1393535016694883f,0f,-0.12667055092952348f,0.9344778579491659f,0.3327246677509039f,0f,-0.19063598715284547f,0.30624014002047095f,-0.9326708406734406f,0f,0f,0f,0f,1f],start_interpolation:0}
execute if entity @s[tag=aj.watcher.bone.eye] run data modify entity @s {} merge value {transformation:[-1.5309805378055112f,-0.18120348774749978f,1.8879971486855027e-16f,0.006250000000000196f,-0.18120348774749978f,1.5309805378055112f,0f,0.08125000000000002f,-1.8749104151804128e-16f,-2.2191027126431223e-17f,-1.5416666666666665f,0.025000000000000078f,0f,0f,0f,1f],start_interpolation:0}
execute if entity @s[tag=aj.watcher.bone.body2] run data modify entity @s {} merge value {transformation:[-0.9945318254895797f,0.007559494561561117f,0.104159983344554f,-0.09999999999999996f,-0.01894467492186801f,0.9677698609984977f,-0.251122670093827f,0f,-0.10270125306182387f,-0.25172276453456105f,-0.9623347143455905f,0.33749999999999997f,0f,0f,0f,1f],start_interpolation:0}
execute if entity @s[tag=aj.watcher.bone.pupil] run data modify entity @s {} merge value {transformation:[-0.9930684569549263f,-0.1175373974578377f,1.2246467991473532e-16f,0.006250000000000196f,-0.1175373974578377f,0.9930684569549263f,0f,0.08125000000000002f,-1.2161581071440516e-16f,-1.439417975768512e-17f,-1f,0.025000000000000078f,0f,0f,0f,1f],start_interpolation:0}