execute if entity @s[tag=aj.watcher.bone.body] run data modify entity @s {} merge value {transformation:[-0.9558328817893208f,-0.25738017323784496f,0.14191176312899242f,0f,-0.1977237139855811f,0.9203449334186613f,0.33744708690155845f,0f,-0.21745996187360658f,0.29448370066042157f,-0.9305861137085987f,0f,0f,0f,0f,1f],start_interpolation:0}
execute if entity @s[tag=aj.watcher.bone.eye] run data modify entity @s {} merge value {transformation:[-1.5369142228385722f,-0.12095777258042753f,1.8879971486855027e-16f,-0.1000000000000002f,-0.12095777258042753f,1.5369142228385722f,0f,0.07499999999999998f,-1.8821770835632996e-16f,-1.4813054902261406e-17f,-1.5416666666666665f,-0.02500000000000009f,0f,0f,0f,1f],start_interpolation:0}
execute if entity @s[tag=aj.watcher.bone.body2] run data modify entity @s {} merge value {transformation:[-0.9928601447475786f,0.012963704317558208f,0.11857771857387191f,-0.15000000000000013f,-0.021615464686597724f,0.9580663277566897f,-0.28573008820422446f,0f,-0.11730943976594507f,-0.28625312922163554f,-0.9509456563614042f,0.35000000000000003f,0f,0f,0f,1f],start_interpolation:0}
execute if entity @s[tag=aj.watcher.bone.pupil] run data modify entity @s {} merge value {transformation:[-0.996917333733128f,-0.07845909572784489f,1.2246467991473532e-16f,-0.1000000000000002f,-0.07845909572784489f,0.996917333733128f,0f,0.07499999999999998f,-1.220871621770789e-16f,-9.608468044710101e-18f,-1f,-0.02500000000000009f,0f,0f,0f,1f],start_interpolation:0}