execute if entity @s[tag=aj.watcher.bone.body] run data modify entity @s {} merge value {transformation:[-0.9690361827600253f,0.20543096803832242f,0.13699267817192473f,0f,0.24076654596955935f,0.9092055016067673f,0.3396716446656607f,0f,-0.05477542189492352f,0.36213736788520534f,-0.9305139332312057f,0f,0f,0f,0f,1f],start_interpolation:0}
execute if entity @s[tag=aj.watcher.bone.eye] run data modify entity @s {} merge value {transformation:[-1.4662121292883616f,-0.4764011996613773f,1.8879971486855027e-16f,0.5375f,-0.4764011996613773f,1.4662121292883616f,0f,0.1125f,-1.795591991004017e-16f,-5.834232042752649e-17f,-1.5416666666666665f,0.275f,0f,0f,0f,1f],start_interpolation:0}
execute if entity @s[tag=aj.watcher.bone.body2] run data modify entity @s {} merge value {transformation:[-0.9995531962576162f,-0.0032808441609394746f,0.029709323667411018f,0.14999999999999994f,-0.005439489043058845f,0.9973264478024997f,-0.07287227506122075f,0f,-0.029390811661704784f,-0.07300131899657296f,-0.9968986847291087f,0.275f,0f,0f,0f,1f],start_interpolation:0}
execute if entity @s[tag=aj.watcher.bone.pupil] run data modify entity @s {} merge value {transformation:[-0.9510565162951535f,-0.30901699437494745f,1.2246467991473532e-16f,0.5375f,-0.30901699437494745f,0.9510565162951535f,0f,0.1125f,-1.1647083184890923e-16f,-3.7843667304341506e-17f,-1f,0.275f,0f,0f,0f,1f],start_interpolation:0}