execute if entity @s[tag=aj.watcher.bone.body] run data modify entity @s {} merge value {transformation:[-0.985033751571392f,-0.10451587325848023f,0.1370581646681678f,0f,-0.05404631781928737f,0.9423669130293281f,0.33018721470970275f,0f,-0.1636688846279765f,0.31783806169902323f,-0.9339119138013189f,0f,0f,0f,0f,1f],start_interpolation:0}
execute if entity @s[tag=aj.watcher.bone.eye] run data modify entity @s {} merge value {transformation:[-1.5226861917508372f,-0.2411698002703559f,1.8879971486855027e-16f,0.11250000000000003f,-0.2411698002703559f,1.5226861917508372f,0f,0.0875f,-1.8647527708335356e-16f,-2.953478239520978e-17f,-1.5416666666666665f,0.07500000000000002f,0f,0f,0f,1f],start_interpolation:0}
execute if entity @s[tag=aj.watcher.bone.body2] run data modify entity @s {} merge value {transformation:[-0.9959814683976118f,0.0032225091645404617f,0.08950156447359738f,-0.05000000000000003f,-0.016261440162927302f,0.9762340088147041f,-0.21610813403803147f,0f,-0.08807088152371696f,-0.2166951210070423f,-0.9722585789590025f,0.325f,0f,0f,0f,1f],start_interpolation:0}
execute if entity @s[tag=aj.watcher.bone.pupil] run data modify entity @s {} merge value {transformation:[-0.9876883405951378f,-0.15643446504023087f,1.2246467991473532e-16f,0.11250000000000003f,-0.15643446504023087f,0.9876883405951378f,0f,0.0875f,-1.2095693648649962e-16f,-1.9157696688784726e-17f,-1f,0.07500000000000002f,0f,0f,0f,1f],start_interpolation:0}