execute if entity @s[tag=aj.watcher.bone.body] run data modify entity @s {} merge value {transformation:[-0.9824342021024032f,0.128798891045885f,0.13503290045305544f,0f,0.16757297965038837f,0.9273134403830223f,0.334677575848896f,0f,-0.08211172285675813f,0.3514265626704294f,-0.9326076538497535f,0f,0f,0f,0f,1f],start_interpolation:0}
execute if entity @s[tag=aj.watcher.bone.eye] run data modify entity @s {} merge value {transformation:[-1.4837851561993727f,-0.41847069354198935f,1.8879971486855027e-16f,0.43125f,-0.41847069354198935f,1.4837851561993727f,0f,0.10625f,-1.8171127421619174e-16f,-5.1247879538317023e-17f,-1.5416666666666665f,0.22500000000000006f,0f,0f,0f,1f],start_interpolation:0}
execute if entity @s[tag=aj.watcher.bone.body2] run data modify entity @s {} merge value {transformation:[-0.9989947971556488f,-0.003290481882650052f,0.04470534626780322f,0.09999999999999996f,-0.008154776043784846f,0.994001052412742f,-0.1090660691050938f,0f,-0.04407828131427027f,-0.10932099766898094f,-0.9930287128703977f,0.2875f,0f,0f,0f,1f],start_interpolation:0}
execute if entity @s[tag=aj.watcher.bone.pupil] run data modify entity @s {} merge value {transformation:[-0.9624552364536473f,-0.2714404498650742f,1.2246467991473532e-16f,0.43125f,-0.2714404498650742f,0.9624552364536473f,0f,0.10625f,-1.1786677246455682e-16f,-3.324186780863807e-17f,-1f,0.22500000000000006f,0f,0f,0f,1f],start_interpolation:0}