execute if entity @s[tag=aj.watcher.bone.body] run data modify entity @s {} merge value {transformation:[-0.9486481603448643f,-0.28228554174263076f,0.14276393381163913f,0f,-0.22096403228496447f,0.9142783017969938f,0.3395144817229071f,0f,-0.22636599636578322f,0.2905340940169923f,-0.9297033806021422f,0f,0f,0f,0f,1f],start_interpolation:0}
execute if entity @s[tag=aj.watcher.bone.eye] run data modify entity @s {} merge value {transformation:[-1.5383658399928468f,-0.10082982422980388f,1.8879971486855027e-16f,-0.13541666666666674f,-0.10082982422980388f,1.5383658399928468f,0f,0.07291666666666666f,-1.8839548018648693e-16f,-1.2348092150161956e-17f,-1.5416666666666665f,-0.0416666666666667f,0f,0f,0f,1f],start_interpolation:0}
execute if entity @s[tag=aj.watcher.bone.body2] run data modify entity @s {} merge value {transformation:[-0.9922536472930908f,0.01499986299560082f,0.12331951809698162f,-0.16666666666666674f,-0.02250265729505551f,0.9545600121626465f,-0.2971679888458875f,0f,-0.12217335981391303f,-0.2976410376446122f,-0.9468281168520603f,0.3541666666666667f,0f,0f,0f,1f],start_interpolation:0}
execute if entity @s[tag=aj.watcher.bone.pupil] run data modify entity @s {} merge value {transformation:[-0.9978589232386035f,-0.06540312923014306f,1.2246467991473532e-16f,-0.13541666666666674f,-0.06540312923014306f,0.9978589232386035f,0f,0.07291666666666666f,-1.2220247363447802e-16f,-8.00957328659154e-18f,-1f,-0.0416666666666667f,0f,0f,0f,1f],start_interpolation:0}