execute if entity @s[tag=aj.watcher.bone.body] run data modify entity @s {} merge value {transformation:[-0.9818546142047747f,-0.13030757788063355f,0.1377731893790502f,0f,-0.0783945068459766f,0.9404410728886968f,0.33079433145133097f,0f,-0.17267257414299797f,0.313991279450305f,-0.9335918051097017f,0f,0f,0f,0f,1f],start_interpolation:0}
execute if entity @s[tag=aj.watcher.bone.eye] run data modify entity @s {} merge value {transformation:[-1.5257125546803247f,-0.22121779223640134f,1.8879971486855027e-16f,0.07708333333333327f,-0.22121779223640134f,1.5257125546803247f,0f,0.08541666666666667f,-1.868458996508191e-16f,-2.7091366117675314e-17f,-1.5416666666666665f,0.0583333333333333f,0f,0f,0f,1f],start_interpolation:0}
execute if entity @s[tag=aj.watcher.bone.body2] run data modify entity @s {} merge value {transformation:[-0.995522948668147f,0.0045488337685553526f,0.09441062856704337f,-0.06666666666666675f,-0.017157125415923038f,0.9735515814072497f,-0.227822192481122f,0f,-0.09294994202548197f,-0.2284220358257696f,-0.9691148960916195f,0.32916666666666666f,0f,0f,0f,1f],start_interpolation:0}
execute if entity @s[tag=aj.watcher.bone.pupil] run data modify entity @s {} merge value {transformation:[-0.9896513868196702f,-0.14349262199117926f,1.2246467991473532e-16f,0.07708333333333327f,-0.14349262199117926f,0.9896513868196702f,0f,0.08541666666666667f,-1.2119734031404482e-16f,-1.757277802227588e-17f,-1f,0.0583333333333333f,0f,0f,0f,1f],start_interpolation:0}