execute if entity @s[tag=aj.watcher.bone.body] run data modify entity @s {} merge value {transformation:[-0.9494704990826679f,0.28054112333362186f,0.14072117641072776f,0f,0.3126581538758667f,0.8845860387610655f,0.34605262438528295f,0f,-0.027397996033367622f,0.37256438121178f,-0.927601817411781f,0f,0f,0f,0f,1f],start_interpolation:0}
execute if entity @s[tag=aj.watcher.bone.eye] run data modify entity @s {} merge value {transformation:[-1.446378309547163f,-0.5335971296611349f,1.8879971486855027e-16f,0.64375f,-0.5335971296611349f,1.446378309547163f,0f,0.11875000000000001f,-1.7713025671430926e-16f,-6.53468016873724e-17f,-1.5416666666666665f,0.32500000000000007f,0f,0f,0f,1f],start_interpolation:0}
execute if entity @s[tag=aj.watcher.bone.body2] run data modify entity @s {} merge value {transformation:[-0.9998882920254886f,-0.0021820744338693744f,0.014786548668174113f,0.2f,-0.0027206361613759987f,0.9993299225543602f,-0.03650074007981095f,0f,-0.014696993203667248f,-0.03653689147507705f,-0.9992242260634546f,0.2625f,0f,0f,0f,1f],start_interpolation:0}
execute if entity @s[tag=aj.watcher.bone.pupil] run data modify entity @s {} merge value {transformation:[-0.9381913359224842f,-0.34611705707749296f,1.2246467991473532e-16f,0.64375f,-0.34611705707749296f,0.9381913359224842f,0f,0.11875000000000001f,-1.1489530165252494e-16f,-4.238711460802535e-17f,-1f,0.32500000000000007f,0f,0f,0f,1f],start_interpolation:0}