execute if entity @s[tag=aj.watcher.bone.body] run data modify entity @s {} merge value {transformation:[-0.9566700283995313f,0.25570909139307707f,0.13926707199107374f,0f,0.2888740682513578f,0.8935110520370727f,0.3437873944453366f,0f,-0.036527105742856635f,0.36912174206693726f,-0.9286629690471779f,0f,0f,0f,0f,1f],start_interpolation:0}
execute if entity @s[tag=aj.watcher.bone.eye] run data modify entity @s {} merge value {transformation:[-1.453238965433775f,-0.5146189079853969f,1.8879971486855027e-16f,0.6083333333333334f,-0.5146189079853969f,1.453238965433775f,0f,0.11666666666666667f,-1.7797044474146837e-16f,-6.302263984450224e-17f,-1.5416666666666665f,0.3083333333333334f,0f,0f,0f,1f],start_interpolation:0}
execute if entity @s[tag=aj.watcher.bone.body2] run data modify entity @s {} merge value {transformation:[-0.9998014112896527f,-0.0026690560763273237f,0.019748775224809383f,0.18333333333333332f,-0.0036272066476235646f,0.9988097226483065f,-0.04864135396088852f,0f,-0.019595442203585507f,-0.04870332722591374f,-0.9986210515315465f,0.26666666666666666f,0f,0f,0f,1f],start_interpolation:0}
execute if entity @s[tag=aj.watcher.bone.pupil] run data modify entity @s {} merge value {transformation:[-0.9426414910921784f,-0.33380685923377096f,1.2246467991473532e-16f,0.6083333333333334f,-0.33380685923377096f,0.9426414910921784f,0f,0.11666666666666667f,-1.1544028848095246e-16f,-4.087955016940687e-17f,-1f,0.3083333333333334f,0f,0f,0f,1f],start_interpolation:0}