execute if entity @s[tag=aj.watcher.bone.body] run data modify entity @s {} merge value {transformation:[-0.9779929710943857f,-0.15599916682489975f,0.1385424427383658f,0f,-0.10260954015024559f,0.9378095490115982f,0.33163915940795946f,0f,-0.1816618582975838f,0.3101249904999594f,-0.9331781499302632f,0f,0f,0f,0f,1f],start_interpolation:0}
execute if entity @s[tag=aj.watcher.bone.eye] run data modify entity @s {} merge value {transformation:[-1.5284774946179576f,-0.2012278796725795f,1.8879971486855027e-16f,0.041666666666666734f,-0.2012278796725795f,1.5284774946179576f,0f,0.08333333333333334f,-1.8718450713526476e-16f,-2.4643307874023324e-17f,-1.5416666666666665f,0.04166666666666669f,0f,0f,0f,1f],start_interpolation:0}
execute if entity @s[tag=aj.watcher.bone.body2] run data modify entity @s {} merge value {transformation:[-0.9950397298551898f,0.005994633198226746f,0.09929753462463003f,-0.08333333333333336f,-0.01805155884326519f,0.9707299557654291f,-0.23949424670120192f,0f,-0.0978267715558426f,-0.2400987658287038f,-0.9658066604732514f,0.3333333333333333f,0f,0f,0f,1f],start_interpolation:0}
execute if entity @s[tag=aj.watcher.bone.pupil] run data modify entity @s {} merge value {transformation:[-0.9914448613738104f,-0.13052619222005157f,1.2246467991473532e-16f,0.041666666666666734f,-0.13052619222005157f,0.9914448613738104f,0f,0.08333333333333334f,-1.2141697760125282e-16f,-1.5984848350717833e-17f,-1f,0.04166666666666669f,0f,0f,0f,1f],start_interpolation:0}