execute if entity @s[tag=aj.watcher.bone.body] run data modify entity @s {} merge value {transformation:[-0.987525984088737f,-0.07864372134857216f,0.13640966183529524f,0f,-0.029586004274558975f,0.9435821016483605f,0.3298143201862658f,0f,-0.1546515408931875f,0.32166439427034976f,-0.9341385969748021f,0f,0f,0f,0f,1f],start_interpolation:0}
execute if entity @s[tag=aj.watcher.bone.eye] run data modify entity @s {} merge value {transformation:[-1.519398924381203f,-0.2610804851005795f,1.8879971486855027e-16f,0.14791666666666659f,-0.2610804851005795f,1.519398924381203f,0f,0.08958333333333332f,-1.8607270293713718e-16f,-3.19731380398263e-17f,-1.5416666666666665f,0.09166666666666663f,0f,0f,0f,1f],start_interpolation:0}
execute if entity @s[tag=aj.watcher.bone.body2] run data modify entity @s {} merge value {transformation:[-0.9964152762041557f,0.0020160309294397155f,0.0845726490438106f,-0.03333333333333342f,-0.015364568660297371f,0.9787765275313233f,-0.20435371096118574f,0f,-0.08318970715706975f,-0.20492058162375096f,-0.9752369085766313f,0.32083333333333336f,0f,0f,0f,1f],start_interpolation:0}
execute if entity @s[tag=aj.watcher.bone.pupil] run data modify entity @s {} merge value {transformation:[-0.9855560590580777f,-0.16934950384902459f,1.2246467991473532e-16f,0.14791666666666659f,-0.16934950384902459f,0.9855560590580777f,0f,0.08958333333333332f,-1.2069580731057547e-16f,-2.0739332782590033e-17f,-1f,0.09166666666666663f,0f,0f,0f,1f],start_interpolation:0}