execute if entity @s[tag=aj.watcher.bone.body] run data modify entity @s {} merge value {transformation:[-0.9741929302484496f,0.18002758821504605f,0.1361550665065874f,0f,0.2164851164982562f,0.9159683139317538f,0.3378405573754528f,0f,-0.063893105955775f,0.35859742798086824f,-0.9313031491715413f,0f,0f,0f,0f,1f],start_interpolation:0}
execute if entity @s[tag=aj.watcher.bone.eye] run data modify entity @s {} merge value {transformation:[-1.472322414371496f,-0.4571682614206718f,1.8879971486855027e-16f,0.5020833333333332f,-0.4571682614206718f,1.472322414371496f,0f,0.11041666666666666f,-1.8030749320729555e-16f,-5.598696480205862e-17f,-1.5416666666666665f,0.25833333333333336f,0f,0f,0f,1f],start_interpolation:0}
execute if entity @s[tag=aj.watcher.bone.body2] run data modify entity @s {} merge value {transformation:[-0.9993918689128131f,-0.0034052609627586395f,0.03470297607886304f,0.13333333333333328f,-0.006345068916085076f,0.9963642451739482f,-0.08495899622405331f,0f,-0.034287497012829016f,-0.0851275227921269f,-0.9957799317177823f,0.2791666666666667f,0f,0f,0f,1f],start_interpolation:0}
execute if entity @s[tag=aj.watcher.bone.pupil] run data modify entity @s {} merge value {transformation:[-0.9550199444571866f,-0.29654157497557093f,1.2246467991473532e-16f,0.5020833333333332f,-0.29654157497557093f,0.9550199444571866f,0f,0.11041666666666666f,-1.1695621181013766e-16f,-3.631586906079478e-17f,-1f,0.25833333333333336f,0f,0f,0f,1f],start_interpolation:0}