execute if entity @s[tag=aj.watcher.bone.body] run data modify entity @s {} merge value {transformation:[-0.9786600115147474f,0.1544764596801002f,0.1355050008916903f,0f,0.19208015180933835f,0.9220048559086496f,0.3361729628655046f,0f,-0.07300545967841139f,0.3550268568511018f,-0.9320011447265347f,0f,0f,0f,0f,1f],start_interpolation:0}
execute if entity @s[tag=aj.watcher.bone.eye] run data modify entity @s {} merge value {transformation:[-1.4781804245884642f,-0.4378569897518807f,1.8879971486855027e-16f,0.4666666666666667f,-0.4378569897518807f,1.4781804245884642f,0f,0.10833333333333334f,-1.810248925534538e-16f,-5.3622016098393615e-17f,-1.5416666666666665f,0.24166666666666675f,0f,0f,0f,1f],start_interpolation:0}
execute if entity @s[tag=aj.watcher.bone.body2] run data modify entity @s {} merge value {transformation:[-0.9992057341412437f,-0.003408503369775794f,0.0397024302031565f,0.11666666666666665f,-0.007250186574597937f,0.9952556167137634f,-0.09702418355410185f,0f,-0.039183359400283765f,-0.09723497058406895f,-0.9944898314420432f,0.2833333333333333f,0f,0f,0f,1f],start_interpolation:0}
execute if entity @s[tag=aj.watcher.bone.pupil] run data modify entity @s {} merge value {transformation:[-0.958819734868193f,-0.28401534470392265f,1.2246467991473532e-16f,0.4666666666666667f,-0.28401534470392265f,0.958819734868193f,0f,0.10833333333333334f,-1.1742155192656464e-16f,-3.4781848280039106e-17f,-1f,0.24166666666666675f,0f,0f,0f,1f],start_interpolation:0}