execute if entity @s[tag=aj.watcher.bone.body] run data modify entity @s {} merge value {transformation:[-0.989577584415817f,0.05121968248094781f,0.13458361173749045f,0f,0.09365268480626096f,0.938864169071804f,0.3313053676922397f,0f,-0.1093863750671711f,0.34045648203502f,-0.9338757973039039f,0f,0f,0f,0f,1f],start_interpolation:0}
execute if entity @s[tag=aj.watcher.bone.eye] run data modify entity @s {} merge value {transformation:[-1.499070293946418f,-0.3598949359445207f,1.8879971486855027e-16f,0.3249999999999999f,-0.3598949359445207f,1.499070293946418f,0f,0.09999999999999999f,-1.8358316371783628e-16f,-4.40744181333799e-17f,-1.5416666666666665f,0.175f,0f,0f,0f,1f],start_interpolation:0}
execute if entity @s[tag=aj.watcher.bone.body2] run data modify entity @s {} merge value {transformation:[-0.9982132354592997f,-0.0022085712318087466f,0.0597114626097085f,0.049999999999999926f,-0.010864715918923736f,0.9893669604170835f,-0.14503439448304054f,0f,-0.058756229472947584f,-0.14542400024815424f,-0.9876231901134902f,0.3f,0f,0f,0f,1f],start_interpolation:0}
execute if entity @s[tag=aj.watcher.bone.pupil] run data modify entity @s {} merge value {transformation:[-0.9723699203976767f,-0.23344536385590536f,1.2246467991473532e-16f,0.3249999999999999f,-0.23344536385590536f,0.9723699203976767f,0f,0.09999999999999999f,-1.1908097106021814e-16f,-2.858881176219237e-17f,-1f,0.175f,0f,0f,0f,1f],start_interpolation:0}