execute if entity @s[tag=aj.watcher.bone.body] run data modify entity @s {} merge value {transformation:[-0.9908475195639704f,-0.00074472425023099f,0.13498384481010486f,0f,0.044255380001881714f,0.9429225414152669f,0.33005839215487837f,0f,-0.12752511248697804f,0.3330113005241197f,-0.9342595032475817f,0f,0f,0f,0f,1f],start_interpolation:0}
execute if entity @s[tag=aj.watcher.bone.eye] run data modify entity @s {} merge value {transformation:[-1.5079775511312836f,-0.32053052334404547f,1.8879971486855027e-16f,0.25416666666666654f,-0.32053052334404547f,1.5079775511312836f,0f,0.09583333333333333f,-1.8467398811789907e-16f,-3.925366794423112e-17f,-1.5416666666666665f,0.14166666666666664f,0f,0f,0f,1f],start_interpolation:0}
execute if entity @s[tag=aj.watcher.bone.body2] run data modify entity @s {} merge value {transformation:[-0.997568310071198f,-0.0008812331363221346f,0.06968995745337936f,0.01666666666666657f,-0.012667493150522617f,0.9855578117691527f,-0.168864840266057f,0f,-0.0685346726772357f,-0.16933701039335416f,-0.9831724037787397f,0.30833333333333335f,0f,0f,0f,1f],start_interpolation:0}
execute if entity @s[tag=aj.watcher.bone.pupil] run data modify entity @s {} merge value {transformation:[-0.9781476007338057f,-0.20791169081775923f,1.2246467991473532e-16f,0.25416666666666654f,-0.20791169081775923f,0.9781476007338057f,0f,0.09583333333333333f,-1.1978853283323184e-16f,-2.5461838666528298e-17f,-1f,0.14166666666666664f,0f,0f,0f,1f],start_interpolation:0}